index,power_profile,power_usage,voltage,edge_temperature,junction_temperature,memory_temperature,sclk,performance,gpu_usage,memory_usage
0,COMPUTE,39.0,662.0,32.0,37.0,39.0,300,manual,0.0,0.0
1,COMPUTE,39.0,662.0,32.0,36.0,39.0,300,manual,0.0,0.0
2,COMPUTE,39.0,662.0,32.0,36.0,39.0,300,manual,0.0,0.0
3,COMPUTE,39.0,662.0,32.0,36.0,39.0,300,manual,0.0,0.0
4,COMPUTE,39.0,662.0,32.0,35.0,39.0,300,manual,0.0,0.0
5,COMPUTE,38.0,662.0,32.0,35.0,38.0,300,manual,0.0,0.0
6,COMPUTE,39.0,662.0,31.0,35.0,38.0,300,manual,0.0,0.0
7,COMPUTE,39.0,662.0,31.0,36.0,38.0,300,manual,0.0,0.0
8,COMPUTE,39.0,662.0,31.0,35.0,39.0,300,manual,0.0,0.0
9,COMPUTE,43.0,668.0,31.0,35.0,38.0,300,manual,0.0,0.0
10,COMPUTE,50.0,668.0,31.0,34.0,38.0,300,manual,1.0,0.0
11,COMPUTE,67.0,675.0,31.0,35.0,38.0,1502,manual,6.0,0.0
12,COMPUTE,39.0,662.0,31.0,34.0,39.0,1502,manual,0.0,0.0
13,COMPUTE,39.0,668.0,31.0,34.0,37.0,300,manual,0.0,0.0
14,COMPUTE,39.0,662.0,30.0,34.0,37.0,300,manual,0.0,0.0
15,COMPUTE,38.0,662.0,30.0,33.0,37.0,300,manual,0.0,0.0
16,COMPUTE,38.0,662.0,30.0,34.0,37.0,300,manual,0.0,0.0
17,COMPUTE,38.0,662.0,30.0,34.0,37.0,300,manual,0.0,0.0
18,COMPUTE,39.0,662.0,29.0,33.0,37.0,300,manual,0.0,0.0
19,COMPUTE,39.0,662.0,29.0,33.0,36.0,300,manual,0.0,0.0
20,COMPUTE,38.0,662.0,29.0,33.0,36.0,300,manual,0.0,0.0
21,COMPUTE,38.0,662.0,29.0,33.0,36.0,300,manual,0.0,0.0
22,COMPUTE,38.0,662.0,29.0,33.0,36.0,300,manual,0.0,0.0
23,COMPUTE,38.0,668.0,28.0,33.0,36.0,300,manual,0.0,0.0
24,COMPUTE,39.0,662.0,29.0,32.0,37.0,300,manual,0.0,0.0
25,COMPUTE,38.0,662.0,28.0,33.0,37.0,300,manual,0.0,0.0
26,COMPUTE,38.0,668.0,28.0,32.0,35.0,300,manual,0.0,0.0
27,COMPUTE,37.0,662.0,28.0,32.0,35.0,300,manual,0.0,0.0
28,COMPUTE,38.0,668.0,28.0,32.0,36.0,300,manual,0.0,0.0
29,COMPUTE,38.0,662.0,28.0,32.0,35.0,300,manual,0.0,0.0
30,COMPUTE,38.0,662.0,28.0,32.0,36.0,300,manual,0.0,0.0
31,COMPUTE,38.0,662.0,28.0,32.0,35.0,300,manual,0.0,0.0
32,COMPUTE,36.0,662.0,27.0,32.0,35.0,300,manual,0.0,0.0
33,COMPUTE,37.0,918.0,27.0,32.0,35.0,300,manual,0.0,0.0
34,COMPUTE,38.0,662.0,27.0,32.0,35.0,300,manual,0.0,0.0
35,COMPUTE,37.0,668.0,27.0,32.0,35.0,300,manual,0.0,0.0
36,COMPUTE,38.0,662.0,27.0,31.0,34.0,300,manual,0.0,0.0
37,COMPUTE,37.0,662.0,27.0,31.0,34.0,300,manual,0.0,0.0
38,COMPUTE,38.0,662.0,27.0,31.0,34.0,300,manual,0.0,0.0
39,COMPUTE,39.0,662.0,27.0,31.0,34.0,300,manual,0.0,0.0
40,COMPUTE,37.0,662.0,26.0,31.0,34.0,300,manual,0.0,0.0
41,COMPUTE,38.0,668.0,26.0,30.0,34.0,300,manual,0.0,0.0
42,COMPUTE,39.0,662.0,27.0,31.0,34.0,300,manual,0.0,0.0
43,COMPUTE,37.0,675.0,26.0,30.0,34.0,300,manual,0.0,0.0
44,COMPUTE,38.0,662.0,26.0,31.0,34.0,300,manual,0.0,0.0
45,COMPUTE,37.0,662.0,26.0,30.0,34.0,300,manual,0.0,0.0
46,COMPUTE,38.0,662.0,26.0,30.0,34.0,300,manual,0.0,0.0
47,COMPUTE,39.0,668.0,26.0,31.0,35.0,300,manual,0.0,0.0
48,COMPUTE,36.0,662.0,26.0,30.0,33.0,300,manual,0.0,0.0
49,COMPUTE,37.0,662.0,26.0,30.0,33.0,300,manual,0.0,0.0
50,COMPUTE,35.0,918.0,26.0,30.0,33.0,300,manual,0.0,0.0
51,COMPUTE,35.0,662.0,26.0,30.0,33.0,300,manual,0.0,0.0
52,COMPUTE,37.0,662.0,26.0,30.0,34.0,300,manual,0.0,0.0
53,COMPUTE,54.0,906.0,26.0,30.0,34.0,300,manual,4.0,0.0
54,COMPUTE,37.0,662.0,25.0,30.0,33.0,300,manual,0.0,0.0
55,COMPUTE,37.0,918.0,26.0,29.0,33.0,300,manual,0.0,0.0
56,COMPUTE,37.0,675.0,25.0,29.0,33.0,300,manual,0.0,0.0
57,COMPUTE,38.0,668.0,25.0,30.0,33.0,300,manual,0.0,0.0
58,COMPUTE,37.0,662.0,25.0,30.0,34.0,300,manual,0.0,0.0
59,COMPUTE,38.0,918.0,25.0,29.0,33.0,300,manual,0.0,0.0
60,COMPUTE,37.0,662.0,25.0,30.0,33.0,300,manual,0.0,0.0
61,COMPUTE,166.0,881.0,26.0,35.0,35.0,1502,manual,99.0,8.0
62,COMPUTE,75.0,937.0,29.0,43.0,39.0,1502,manual,31.0,10.0
63,COMPUTE,73.0,918.0,30.0,43.0,40.0,1502,manual,15.0,1.0
64,COMPUTE,247.0,918.0,30.0,44.0,40.0,1502,manual,100.0,40.0
65,COMPUTE,101.0,900.0,31.0,44.0,40.0,1502,manual,68.0,16.0
66,COMPUTE,39.0,912.0,31.0,44.0,42.0,300,manual,1.0,0.0
67,COMPUTE,309.0,881.0,32.0,45.0,41.0,1472,manual,99.0,11.0
68,COMPUTE,294.0,912.0,32.0,45.0,42.0,1502,manual,67.0,33.0
69,COMPUTE,298.0,912.0,32.0,45.0,41.0,1502,manual,99.0,16.0
70,COMPUTE,61.0,918.0,32.0,46.0,43.0,1502,manual,24.0,0.0
71,COMPUTE,254.0,925.0,32.0,44.0,41.0,1472,manual,99.0,14.0
72,COMPUTE,133.0,893.0,33.0,46.0,43.0,1502,manual,32.0,5.0
73,COMPUTE,230.0,906.0,33.0,46.0,41.0,1502,manual,99.0,32.0
74,COMPUTE,39.0,662.0,31.0,35.0,38.0,300,manual,0.0,0.0
75,COMPUTE,39.0,675.0,29.0,33.0,38.0,300,manual,0.0,0.0
76,COMPUTE,317.0,918.0,32.0,42.0,40.0,1472,manual,99.0,17.0
77,COMPUTE,277.0,912.0,32.0,43.0,42.0,1502,manual,26.0,16.0
78,COMPUTE,288.0,906.0,33.0,46.0,42.0,1502,manual,99.0,12.0
79,COMPUTE,252.0,925.0,33.0,46.0,43.0,1502,manual,99.0,16.0
80,COMPUTE,323.0,893.0,33.0,47.0,43.0,1472,manual,99.0,12.0
81,COMPUTE,321.0,906.0,34.0,47.0,43.0,1472,manual,99.0,14.0
82,COMPUTE,308.0,925.0,34.0,48.0,44.0,1502,manual,99.0,16.0
83,COMPUTE,302.0,881.0,34.0,48.0,43.0,1472,manual,99.0,12.0
84,COMPUTE,298.0,906.0,34.0,48.0,44.0,1502,manual,99.0,16.0
85,COMPUTE,227.0,937.0,34.0,49.0,44.0,1502,manual,100.0,38.0
86,COMPUTE,54.0,875.0,35.0,49.0,44.0,1502,manual,22.0,6.0
87,COMPUTE,284.0,875.0,34.0,48.0,45.0,1502,manual,90.0,29.0
88,COMPUTE,271.0,925.0,35.0,49.0,44.0,1502,manual,100.0,31.0
89,COMPUTE,195.0,912.0,35.0,48.0,44.0,1502,manual,99.0,26.0
90,COMPUTE,268.0,912.0,35.0,46.0,44.0,1502,manual,99.0,2.0
91,COMPUTE,305.0,918.0,35.0,47.0,44.0,1472,manual,100.0,23.0
92,COMPUTE,277.0,918.0,35.0,49.0,44.0,1502,manual,99.0,30.0
93,COMPUTE,306.0,931.0,35.0,49.0,44.0,1502,manual,99.0,16.0
94,COMPUTE,320.0,893.0,36.0,48.0,44.0,1472,manual,98.0,18.0
95,COMPUTE,151.0,925.0,36.0,49.0,45.0,1502,manual,81.0,17.0
96,COMPUTE,45.0,662.0,36.0,50.0,44.0,1502,manual,11.0,0.0
97,COMPUTE,307.0,912.0,36.0,50.0,45.0,1472,manual,99.0,14.0
98,COMPUTE,291.0,906.0,36.0,50.0,45.0,1502,manual,99.0,20.0
99,COMPUTE,180.0,912.0,36.0,50.0,46.0,1502,manual,99.0,13.0
100,COMPUTE,207.0,906.0,37.0,49.0,46.0,1502,manual,99.0,16.0
101,COMPUTE,215.0,906.0,37.0,51.0,46.0,1502,manual,99.0,17.0
102,COMPUTE,240.0,912.0,37.0,50.0,46.0,1502,manual,99.0,16.0
103,COMPUTE,283.0,912.0,37.0,51.0,46.0,1502,manual,100.0,44.0
104,COMPUTE,259.0,912.0,37.0,50.0,45.0,1502,manual,99.0,18.0
105,COMPUTE,170.0,912.0,37.0,49.0,46.0,1502,manual,99.0,14.0
106,COMPUTE,226.0,893.0,37.0,50.0,46.0,1502,manual,96.0,16.0
107,COMPUTE,87.0,893.0,38.0,51.0,47.0,1502,manual,21.0,10.0
108,COMPUTE,93.0,893.0,38.0,51.0,47.0,1502,manual,16.0,5.0
109,COMPUTE,304.0,906.0,38.0,51.0,46.0,1502,manual,82.0,30.0
110,COMPUTE,315.0,925.0,37.0,51.0,46.0,1472,manual,100.0,23.0
111,COMPUTE,297.0,925.0,38.0,52.0,47.0,1502,manual,100.0,41.0
112,COMPUTE,225.0,912.0,38.0,52.0,47.0,1502,manual,76.0,8.0
113,COMPUTE,304.0,912.0,38.0,53.0,47.0,1472,manual,99.0,16.0
114,COMPUTE,287.0,925.0,38.0,52.0,47.0,1502,manual,99.0,31.0
115,COMPUTE,301.0,925.0,38.0,53.0,48.0,1502,manual,95.0,28.0
116,COMPUTE,161.0,893.0,39.0,52.0,48.0,1502,manual,86.0,17.0
117,COMPUTE,39.0,900.0,38.0,48.0,46.0,300,manual,0.0,0.0
118,COMPUTE,40.0,662.0,38.0,51.0,46.0,300,manual,0.0,0.0
119,COMPUTE,280.0,943.0,38.0,52.0,46.0,1502,manual,100.0,31.0
120,COMPUTE,314.0,912.0,39.0,53.0,48.0,1472,manual,99.0,18.0
121,COMPUTE,294.0,925.0,39.0,53.0,48.0,1502,manual,100.0,42.0
122,COMPUTE,215.0,906.0,39.0,53.0,48.0,1502,manual,57.0,19.0
123,COMPUTE,305.0,893.0,39.0,53.0,47.0,1502,manual,88.0,34.0
124,COMPUTE,47.0,906.0,39.0,53.0,48.0,1502,manual,14.0,1.0
125,COMPUTE,119.0,931.0,39.0,54.0,48.0,1502,manual,58.0,6.0
126,COMPUTE,253.0,912.0,40.0,53.0,48.0,1502,manual,99.0,23.0
127,COMPUTE,71.0,900.0,40.0,54.0,49.0,1502,manual,24.0,2.0
128,COMPUTE,84.0,918.0,40.0,53.0,49.0,1502,manual,24.0,20.0
129,COMPUTE,192.0,893.0,40.0,54.0,49.0,1502,manual,99.0,15.0
130,COMPUTE,294.0,893.0,40.0,54.0,48.0,1502,manual,99.0,15.0
131,COMPUTE,57.0,937.0,39.0,49.0,47.0,1502,manual,28.0,11.0
132,COMPUTE,146.0,925.0,37.0,43.0,46.0,1502,manual,82.0,10.0
133,COMPUTE,305.0,893.0,40.0,53.0,49.0,1502,manual,75.0,31.0
134,COMPUTE,232.0,668.0,40.0,54.0,48.0,1502,manual,100.0,40.0
135,COMPUTE,280.0,906.0,40.0,54.0,49.0,1502,manual,100.0,43.0
136,COMPUTE,289.0,925.0,40.0,54.0,48.0,1502,manual,97.0,17.0
137,COMPUTE,261.0,931.0,40.0,54.0,50.0,1502,manual,92.0,31.0
138,COMPUTE,289.0,912.0,40.0,54.0,48.0,1502,manual,99.0,22.0
139,COMPUTE,301.0,893.0,41.0,55.0,49.0,1502,manual,83.0,28.0
140,COMPUTE,303.0,900.0,41.0,54.0,49.0,1502,manual,99.0,18.0
141,COMPUTE,248.0,906.0,41.0,55.0,49.0,1502,manual,80.0,9.0
142,COMPUTE,107.0,900.0,41.0,54.0,50.0,1502,manual,70.0,9.0
143,COMPUTE,263.0,912.0,41.0,54.0,50.0,1502,manual,99.0,25.0
144,COMPUTE,56.0,662.0,41.0,55.0,50.0,1502,manual,28.0,13.0
145,COMPUTE,69.0,662.0,41.0,53.0,49.0,1502,manual,23.0,3.0
146,COMPUTE,306.0,893.0,40.0,54.0,48.0,1472,manual,99.0,11.0
147,COMPUTE,283.0,906.0,40.0,54.0,50.0,1472,manual,99.0,15.0
148,COMPUTE,93.0,887.0,41.0,55.0,50.0,1502,manual,37.0,7.0
149,COMPUTE,118.0,931.0,41.0,55.0,50.0,1502,manual,85.0,15.0
150,COMPUTE,235.0,887.0,42.0,55.0,50.0,1502,manual,100.0,40.0
151,COMPUTE,320.0,868.0,41.0,55.0,50.0,1472,manual,98.0,21.0
152,COMPUTE,211.0,881.0,42.0,55.0,50.0,1502,manual,75.0,8.0
153,COMPUTE,255.0,925.0,42.0,55.0,50.0,1502,manual,99.0,15.0
154,COMPUTE,69.0,912.0,42.0,56.0,50.0,1502,manual,15.0,19.0
155,COMPUTE,286.0,925.0,42.0,56.0,50.0,1502,manual,99.0,14.0
156,COMPUTE,308.0,893.0,42.0,56.0,51.0,1502,manual,95.0,28.0
157,COMPUTE,288.0,912.0,42.0,56.0,50.0,1502,manual,99.0,16.0
158,COMPUTE,207.0,662.0,42.0,54.0,50.0,1502,manual,85.0,8.0
159,COMPUTE,264.0,925.0,41.0,54.0,49.0,1502,manual,100.0,45.0
160,COMPUTE,311.0,931.0,42.0,55.0,51.0,1502,manual,96.0,19.0
161,COMPUTE,292.0,906.0,42.0,55.0,51.0,1502,manual,98.0,17.0
162,COMPUTE,307.0,925.0,42.0,56.0,50.0,1472,manual,99.0,32.0
163,COMPUTE,308.0,900.0,42.0,56.0,51.0,1502,manual,86.0,28.0
164,COMPUTE,294.0,893.0,42.0,56.0,51.0,1502,manual,99.0,17.0
165,COMPUTE,254.0,925.0,42.0,57.0,50.0,1502,manual,99.0,31.0
166,COMPUTE,248.0,912.0,43.0,56.0,50.0,1502,manual,99.0,15.0
167,COMPUTE,282.0,912.0,42.0,56.0,51.0,1502,manual,99.0,15.0
168,COMPUTE,56.0,893.0,42.0,56.0,51.0,300,manual,18.0,3.0
169,COMPUTE,298.0,887.0,43.0,56.0,51.0,1502,manual,97.0,18.0
170,COMPUTE,239.0,925.0,42.0,56.0,50.0,1502,manual,99.0,28.0
171,COMPUTE,279.0,900.0,42.0,54.0,49.0,1502,manual,99.0,17.0
172,COMPUTE,39.0,662.0,39.0,43.0,45.0,300,manual,0.0,0.0
173,COMPUTE,39.0,662.0,38.0,42.0,44.0,300,manual,0.0,0.0
