index,power_profile,power_usage,voltage,edge_temperature,junction_temperature,memory_temperature,sclk,performance,gpu_usage,memory_usage
0,COMPUTE,39.0,662.0,33.0,37.0,41.0,300,manual,0.0,0.0
1,COMPUTE,38.0,662.0,33.0,37.0,40.0,300,manual,0.0,0.0
2,COMPUTE,39.0,662.0,33.0,37.0,40.0,300,manual,0.0,0.0
3,COMPUTE,38.0,662.0,33.0,36.0,39.0,300,manual,0.0,0.0
4,COMPUTE,38.0,662.0,33.0,36.0,39.0,300,manual,0.0,0.0
5,COMPUTE,39.0,662.0,32.0,36.0,39.0,300,manual,0.0,0.0
6,COMPUTE,38.0,656.0,32.0,36.0,39.0,300,manual,0.0,0.0
7,COMPUTE,37.0,675.0,32.0,36.0,39.0,300,manual,0.0,0.0
8,COMPUTE,38.0,662.0,32.0,36.0,40.0,300,manual,0.0,0.0
9,COMPUTE,63.0,662.0,32.0,35.0,39.0,1502,manual,2.0,0.0
10,COMPUTE,45.0,668.0,31.0,36.0,38.0,1502,manual,12.0,0.0
11,COMPUTE,39.0,662.0,31.0,35.0,38.0,300,manual,0.0,0.0
12,COMPUTE,39.0,662.0,31.0,35.0,39.0,300,manual,0.0,0.0
13,COMPUTE,39.0,668.0,31.0,35.0,38.0,300,manual,0.0,0.0
14,COMPUTE,39.0,662.0,31.0,35.0,38.0,300,manual,0.0,0.0
15,COMPUTE,39.0,662.0,31.0,35.0,37.0,300,manual,0.0,0.0
16,COMPUTE,38.0,668.0,31.0,34.0,37.0,300,manual,0.0,0.0
17,COMPUTE,39.0,668.0,31.0,34.0,37.0,300,manual,0.0,0.0
18,COMPUTE,38.0,668.0,30.0,34.0,37.0,300,manual,0.0,0.0
19,COMPUTE,38.0,662.0,30.0,33.0,37.0,300,manual,0.0,0.0
20,COMPUTE,39.0,668.0,30.0,33.0,37.0,300,manual,0.0,0.0
21,COMPUTE,38.0,662.0,30.0,33.0,36.0,300,manual,0.0,0.0
22,COMPUTE,38.0,662.0,29.0,34.0,36.0,300,manual,0.0,0.0
23,COMPUTE,37.0,668.0,29.0,33.0,36.0,300,manual,0.0,0.0
24,COMPUTE,39.0,668.0,29.0,33.0,36.0,300,manual,0.0,0.0
25,COMPUTE,38.0,675.0,29.0,33.0,37.0,300,manual,0.0,0.0
26,COMPUTE,37.0,662.0,29.0,33.0,36.0,300,manual,0.0,0.0
27,COMPUTE,38.0,668.0,29.0,32.0,36.0,300,manual,0.0,0.0
28,COMPUTE,38.0,668.0,29.0,32.0,36.0,300,manual,0.0,0.0
29,COMPUTE,38.0,662.0,28.0,32.0,36.0,300,manual,0.0,0.0
30,COMPUTE,38.0,662.0,28.0,32.0,35.0,300,manual,0.0,0.0
31,COMPUTE,39.0,662.0,28.0,32.0,35.0,300,manual,0.0,0.0
32,COMPUTE,178.0,662.0,28.0,33.0,37.0,300,manual,50.0,6.0
33,COMPUTE,38.0,662.0,28.0,32.0,35.0,300,manual,0.0,0.0
34,COMPUTE,39.0,662.0,28.0,32.0,35.0,300,manual,0.0,0.0
35,COMPUTE,38.0,662.0,28.0,32.0,35.0,300,manual,0.0,0.0
36,COMPUTE,38.0,662.0,28.0,32.0,35.0,300,manual,0.0,0.0
37,COMPUTE,39.0,662.0,28.0,32.0,35.0,300,manual,0.0,0.0
38,COMPUTE,37.0,662.0,28.0,32.0,35.0,300,manual,0.0,0.0
39,COMPUTE,38.0,662.0,28.0,31.0,35.0,300,manual,0.0,0.0
40,COMPUTE,36.0,662.0,27.0,31.0,35.0,300,manual,0.0,0.0
41,COMPUTE,35.0,662.0,27.0,31.0,34.0,300,manual,0.0,0.0
42,COMPUTE,38.0,662.0,27.0,31.0,34.0,300,manual,0.0,0.0
43,COMPUTE,37.0,668.0,27.0,31.0,34.0,300,manual,0.0,0.0
44,COMPUTE,38.0,668.0,27.0,31.0,34.0,300,manual,0.0,0.0
45,COMPUTE,66.0,662.0,27.0,31.0,34.0,1502,manual,3.0,0.0
46,COMPUTE,37.0,668.0,27.0,31.0,34.0,300,manual,0.0,0.0
47,COMPUTE,39.0,662.0,27.0,31.0,34.0,300,manual,0.0,0.0
48,COMPUTE,37.0,662.0,26.0,31.0,34.0,300,manual,0.0,0.0
49,COMPUTE,38.0,668.0,26.0,31.0,34.0,300,manual,0.0,0.0
50,COMPUTE,37.0,668.0,26.0,30.0,34.0,300,manual,1.0,0.0
51,COMPUTE,37.0,925.0,26.0,30.0,34.0,300,manual,0.0,0.0
52,COMPUTE,38.0,681.0,26.0,30.0,34.0,300,manual,0.0,0.0
53,COMPUTE,39.0,668.0,26.0,30.0,33.0,300,manual,0.0,0.0
54,COMPUTE,38.0,662.0,25.0,30.0,33.0,300,manual,0.0,0.0
55,COMPUTE,37.0,662.0,26.0,30.0,33.0,300,manual,0.0,0.0
56,COMPUTE,37.0,668.0,26.0,30.0,33.0,300,manual,0.0,0.0
57,COMPUTE,39.0,662.0,26.0,30.0,33.0,300,manual,0.0,0.0
58,COMPUTE,72.0,668.0,26.0,30.0,33.0,1502,manual,9.0,0.0
59,COMPUTE,38.0,668.0,26.0,30.0,33.0,300,manual,0.0,0.0
60,COMPUTE,37.0,662.0,26.0,29.0,33.0,300,manual,0.0,0.0
61,COMPUTE,263.0,931.0,28.0,39.0,38.0,1502,manual,99.0,16.0
62,COMPUTE,277.0,900.0,30.0,42.0,39.0,1502,manual,99.0,17.0
63,COMPUTE,260.0,906.0,31.0,43.0,39.0,1502,manual,98.0,20.0
64,COMPUTE,299.0,893.0,31.0,45.0,40.0,1502,manual,83.0,33.0
65,COMPUTE,69.0,893.0,31.0,45.0,40.0,1502,manual,19.0,4.0
66,COMPUTE,190.0,881.0,31.0,44.0,41.0,1502,manual,99.0,15.0
67,COMPUTE,250.0,893.0,32.0,45.0,41.0,1502,manual,99.0,17.0
68,COMPUTE,71.0,918.0,32.0,45.0,42.0,1502,manual,18.0,1.0
69,COMPUTE,221.0,893.0,32.0,44.0,42.0,1502,manual,95.0,18.0
70,COMPUTE,295.0,662.0,32.0,46.0,42.0,1502,manual,61.0,25.0
71,COMPUTE,64.0,918.0,32.0,45.0,42.0,1472,manual,7.0,1.0
72,COMPUTE,252.0,906.0,32.0,45.0,43.0,1502,manual,96.0,11.0
73,COMPUTE,298.0,943.0,33.0,46.0,43.0,1502,manual,99.0,28.0
74,COMPUTE,39.0,662.0,31.0,34.0,39.0,300,manual,0.0,0.0
75,COMPUTE,39.0,662.0,30.0,34.0,37.0,300,manual,0.0,0.0
76,COMPUTE,55.0,900.0,31.0,40.0,40.0,1502,manual,26.0,2.0
77,COMPUTE,246.0,887.0,31.0,40.0,41.0,1502,manual,99.0,10.0
78,COMPUTE,290.0,906.0,33.0,45.0,42.0,1502,manual,99.0,29.0
79,COMPUTE,280.0,912.0,33.0,46.0,41.0,1502,manual,99.0,18.0
80,COMPUTE,295.0,906.0,33.0,46.0,42.0,1502,manual,99.0,25.0
81,COMPUTE,39.0,918.0,34.0,47.0,44.0,1502,manual,2.0,0.0
82,COMPUTE,173.0,925.0,34.0,47.0,43.0,1502,manual,99.0,9.0
83,COMPUTE,82.0,918.0,34.0,48.0,44.0,1502,manual,15.0,0.0
84,COMPUTE,188.0,906.0,34.0,48.0,43.0,1502,manual,99.0,21.0
85,COMPUTE,284.0,875.0,34.0,47.0,44.0,1502,manual,99.0,10.0
86,COMPUTE,169.0,893.0,34.0,47.0,43.0,1502,manual,99.0,14.0
87,COMPUTE,40.0,918.0,35.0,48.0,45.0,300,manual,2.0,0.0
88,COMPUTE,255.0,925.0,35.0,49.0,43.0,1502,manual,99.0,23.0
89,COMPUTE,278.0,925.0,35.0,49.0,44.0,1502,manual,97.0,31.0
90,COMPUTE,283.0,906.0,35.0,49.0,45.0,1502,manual,99.0,24.0
91,COMPUTE,248.0,893.0,35.0,47.0,44.0,1502,manual,99.0,13.0
92,COMPUTE,268.0,937.0,34.0,46.0,44.0,1502,manual,98.0,19.0
93,COMPUTE,217.0,912.0,35.0,48.0,44.0,1502,manual,100.0,29.0
94,COMPUTE,269.0,925.0,35.0,49.0,45.0,1502,manual,92.0,30.0
95,COMPUTE,250.0,925.0,36.0,48.0,45.0,1502,manual,99.0,12.0
96,COMPUTE,68.0,925.0,36.0,49.0,46.0,1502,manual,21.0,0.0
97,COMPUTE,324.0,925.0,36.0,49.0,45.0,1472,manual,99.0,10.0
98,COMPUTE,275.0,912.0,36.0,50.0,45.0,1502,manual,100.0,43.0
99,COMPUTE,327.0,893.0,36.0,48.0,44.0,1472,manual,96.0,15.0
100,COMPUTE,278.0,900.0,37.0,50.0,45.0,1502,manual,100.0,40.0
101,COMPUTE,236.0,906.0,36.0,49.0,46.0,1502,manual,99.0,12.0
102,COMPUTE,257.0,887.0,36.0,50.0,45.0,1502,manual,100.0,40.0
103,COMPUTE,219.0,912.0,37.0,48.0,46.0,1502,manual,99.0,15.0
104,COMPUTE,229.0,906.0,37.0,50.0,46.0,1502,manual,100.0,41.0
105,COMPUTE,39.0,750.0,36.0,47.0,45.0,300,manual,0.0,0.0
106,COMPUTE,60.0,662.0,37.0,48.0,46.0,1502,manual,24.0,7.0
107,COMPUTE,298.0,912.0,36.0,49.0,46.0,1502,manual,95.0,31.0
108,COMPUTE,259.0,912.0,37.0,51.0,46.0,1502,manual,100.0,41.0
109,COMPUTE,330.0,918.0,37.0,51.0,46.0,1472,manual,92.0,14.0
110,COMPUTE,201.0,925.0,37.0,51.0,46.0,1502,manual,73.0,11.0
111,COMPUTE,286.0,931.0,38.0,51.0,47.0,1502,manual,99.0,14.0
112,COMPUTE,299.0,937.0,38.0,51.0,47.0,1502,manual,95.0,29.0
113,COMPUTE,272.0,893.0,38.0,51.0,47.0,1502,manual,99.0,23.0
114,COMPUTE,233.0,918.0,38.0,51.0,47.0,1502,manual,99.0,17.0
115,COMPUTE,47.0,906.0,38.0,52.0,46.0,1502,manual,31.0,1.0
116,COMPUTE,266.0,887.0,38.0,52.0,46.0,1502,manual,100.0,26.0
117,COMPUTE,306.0,918.0,38.0,52.0,46.0,1502,manual,99.0,13.0
118,COMPUTE,227.0,912.0,38.0,52.0,47.0,1502,manual,99.0,17.0
119,COMPUTE,303.0,912.0,38.0,52.0,47.0,1502,manual,99.0,12.0
120,COMPUTE,229.0,900.0,38.0,49.0,46.0,1502,manual,99.0,17.0
121,COMPUTE,170.0,918.0,37.0,47.0,46.0,1502,manual,99.0,8.0
122,COMPUTE,174.0,925.0,38.0,52.0,47.0,1502,manual,72.0,11.0
123,COMPUTE,209.0,925.0,38.0,52.0,47.0,1502,manual,99.0,23.0
124,COMPUTE,289.0,912.0,38.0,53.0,46.0,1502,manual,99.0,11.0
125,COMPUTE,291.0,906.0,39.0,52.0,47.0,1502,manual,100.0,24.0
126,COMPUTE,302.0,937.0,39.0,52.0,48.0,1502,manual,98.0,18.0
127,COMPUTE,292.0,893.0,39.0,53.0,47.0,1502,manual,87.0,29.0
128,COMPUTE,280.0,925.0,39.0,52.0,48.0,1502,manual,99.0,24.0
129,COMPUTE,170.0,875.0,39.0,52.0,48.0,1502,manual,99.0,14.0
130,COMPUTE,208.0,925.0,39.0,52.0,48.0,1502,manual,99.0,16.0
131,COMPUTE,272.0,912.0,40.0,53.0,48.0,1502,manual,100.0,38.0
132,COMPUTE,243.0,912.0,39.0,51.0,49.0,1502,manual,99.0,10.0
133,COMPUTE,75.0,925.0,40.0,53.0,48.0,1502,manual,28.0,4.0
134,COMPUTE,39.0,893.0,39.0,49.0,46.0,300,manual,0.0,0.0
135,COMPUTE,62.0,662.0,39.0,51.0,48.0,1502,manual,23.0,2.0
136,COMPUTE,216.0,893.0,39.0,52.0,47.0,1502,manual,54.0,11.0
137,COMPUTE,267.0,906.0,39.0,53.0,48.0,1502,manual,100.0,25.0
138,COMPUTE,292.0,875.0,39.0,53.0,47.0,1502,manual,99.0,15.0
139,COMPUTE,331.0,906.0,40.0,52.0,49.0,1472,manual,93.0,14.0
140,COMPUTE,75.0,925.0,39.0,53.0,49.0,1502,manual,30.0,8.0
141,COMPUTE,306.0,906.0,40.0,53.0,48.0,1472,manual,99.0,14.0
142,COMPUTE,286.0,900.0,40.0,54.0,48.0,1502,manual,99.0,14.0
143,COMPUTE,252.0,900.0,40.0,54.0,49.0,1502,manual,100.0,35.0
144,COMPUTE,173.0,893.0,40.0,54.0,49.0,1502,manual,99.0,10.0
145,COMPUTE,200.0,937.0,40.0,54.0,49.0,1502,manual,99.0,14.0
146,COMPUTE,94.0,893.0,40.0,54.0,49.0,1502,manual,18.0,15.0
147,COMPUTE,262.0,925.0,40.0,54.0,49.0,1502,manual,100.0,36.0
148,COMPUTE,243.0,912.0,40.0,54.0,49.0,1502,manual,99.0,14.0
149,COMPUTE,243.0,900.0,39.0,51.0,48.0,1502,manual,99.0,18.0
150,COMPUTE,282.0,912.0,39.0,51.0,48.0,1502,manual,98.0,26.0
151,COMPUTE,293.0,893.0,40.0,54.0,50.0,1502,manual,70.0,34.0
152,COMPUTE,101.0,925.0,40.0,55.0,49.0,1502,manual,20.0,9.0
153,COMPUTE,272.0,925.0,41.0,54.0,49.0,1502,manual,100.0,41.0
154,COMPUTE,248.0,912.0,40.0,54.0,49.0,1502,manual,99.0,12.0
155,COMPUTE,230.0,906.0,40.0,54.0,50.0,1502,manual,99.0,16.0
156,COMPUTE,280.0,893.0,41.0,54.0,50.0,1502,manual,85.0,28.0
157,COMPUTE,261.0,875.0,41.0,54.0,49.0,1502,manual,100.0,41.0
158,COMPUTE,280.0,906.0,41.0,54.0,49.0,1502,manual,99.0,25.0
159,COMPUTE,306.0,893.0,41.0,55.0,49.0,1502,manual,99.0,14.0
160,COMPUTE,324.0,925.0,41.0,54.0,50.0,1472,manual,99.0,7.0
161,COMPUTE,253.0,893.0,41.0,55.0,49.0,1502,manual,99.0,16.0
162,COMPUTE,243.0,893.0,42.0,55.0,49.0,1502,manual,100.0,43.0
163,COMPUTE,67.0,931.0,40.0,52.0,48.0,1502,manual,24.0,4.0
164,COMPUTE,225.0,943.0,39.0,46.0,46.0,1502,manual,99.0,16.0
165,COMPUTE,260.0,925.0,41.0,54.0,50.0,1502,manual,59.0,34.0
166,COMPUTE,263.0,906.0,41.0,54.0,48.0,1502,manual,99.0,24.0
167,COMPUTE,171.0,893.0,41.0,54.0,49.0,1502,manual,99.0,17.0
168,COMPUTE,243.0,906.0,41.0,54.0,48.0,1502,manual,98.0,16.0
169,COMPUTE,257.0,925.0,41.0,55.0,50.0,1502,manual,100.0,11.0
170,COMPUTE,298.0,875.0,41.0,55.0,50.0,1472,manual,99.0,13.0
171,COMPUTE,253.0,912.0,41.0,54.0,50.0,1502,manual,99.0,17.0
172,COMPUTE,127.0,893.0,41.0,55.0,49.0,1502,manual,35.0,33.0
173,COMPUTE,304.0,900.0,41.0,55.0,50.0,1502,manual,99.0,15.0
174,COMPUTE,233.0,893.0,41.0,55.0,50.0,1502,manual,99.0,15.0
175,COMPUTE,64.0,912.0,42.0,56.0,50.0,1502,manual,24.0,1.0
176,COMPUTE,250.0,912.0,41.0,55.0,50.0,1502,manual,99.0,14.0
177,COMPUTE,39.0,893.0,41.0,54.0,50.0,300,manual,0.0,0.0
178,COMPUTE,76.0,662.0,41.0,52.0,49.0,1502,manual,41.0,1.0
179,COMPUTE,39.0,662.0,38.0,42.0,45.0,300,manual,0.0,0.0
180,COMPUTE,39.0,662.0,37.0,42.0,44.0,300,manual,0.0,0.0
