index,power_profile,power_usage,voltage,edge_temperature,junction_temperature,memory_temperature,sclk,performance,gpu_usage,memory_usage
0,COMPUTE,39.0,662.0,36.0,39.0,42.0,300,auto,0.0,0.0
1,COMPUTE,39.0,662.0,35.0,39.0,42.0,300,auto,0.0,0.0
2,COMPUTE,39.0,668.0,35.0,39.0,43.0,300,auto,0.0,0.0
3,COMPUTE,39.0,668.0,35.0,39.0,43.0,300,auto,0.0,0.0
4,COMPUTE,39.0,662.0,35.0,39.0,41.0,300,auto,0.0,0.0
5,COMPUTE,39.0,662.0,35.0,38.0,41.0,300,auto,0.0,0.0
6,COMPUTE,39.0,668.0,34.0,38.0,41.0,300,auto,0.0,0.0
7,COMPUTE,39.0,662.0,34.0,38.0,41.0,300,auto,0.0,0.0
8,COMPUTE,39.0,668.0,34.0,38.0,41.0,300,auto,0.0,0.0
9,COMPUTE,39.0,662.0,34.0,38.0,40.0,300,auto,0.0,0.0
10,COMPUTE,39.0,668.0,33.0,37.0,40.0,300,auto,0.0,0.0
11,COMPUTE,39.0,918.0,34.0,37.0,40.0,300,auto,0.0,0.0
12,COMPUTE,39.0,662.0,33.0,37.0,40.0,300,auto,0.0,0.0
13,COMPUTE,39.0,918.0,33.0,37.0,40.0,300,auto,0.0,0.0
14,COMPUTE,39.0,662.0,33.0,37.0,41.0,300,auto,0.0,0.0
15,COMPUTE,39.0,662.0,32.0,36.0,39.0,300,auto,0.0,0.0
16,COMPUTE,39.0,662.0,32.0,36.0,39.0,300,auto,0.0,0.0
17,COMPUTE,38.0,662.0,32.0,36.0,39.0,300,auto,0.0,0.0
18,COMPUTE,39.0,662.0,32.0,36.0,39.0,300,auto,0.0,0.0
19,COMPUTE,39.0,925.0,32.0,36.0,39.0,300,auto,0.0,0.0
20,COMPUTE,38.0,662.0,32.0,35.0,39.0,300,auto,0.0,0.0
21,COMPUTE,39.0,918.0,32.0,36.0,40.0,300,auto,0.0,0.0
22,COMPUTE,79.0,662.0,32.0,35.0,38.0,1502,auto,6.0,0.0
23,COMPUTE,39.0,662.0,32.0,35.0,38.0,300,auto,0.0,0.0
24,COMPUTE,39.0,668.0,31.0,35.0,39.0,300,auto,0.0,0.0
25,COMPUTE,39.0,662.0,31.0,35.0,39.0,300,auto,0.0,0.0
26,COMPUTE,39.0,668.0,31.0,35.0,38.0,300,auto,0.0,0.0
27,COMPUTE,39.0,662.0,31.0,34.0,39.0,300,auto,0.0,0.0
28,COMPUTE,39.0,668.0,31.0,34.0,39.0,300,auto,0.0,0.0
29,COMPUTE,38.0,668.0,31.0,34.0,37.0,300,auto,0.0,0.0
30,COMPUTE,38.0,662.0,30.0,34.0,37.0,300,auto,0.0,0.0
31,COMPUTE,39.0,662.0,30.0,34.0,37.0,300,auto,0.0,0.0
32,COMPUTE,39.0,662.0,30.0,34.0,38.0,300,auto,0.0,0.0
33,COMPUTE,38.0,668.0,30.0,33.0,37.0,300,auto,0.0,0.0
34,COMPUTE,39.0,668.0,30.0,33.0,37.0,300,auto,0.0,0.0
35,COMPUTE,38.0,662.0,30.0,34.0,36.0,300,auto,0.0,0.0
36,COMPUTE,38.0,662.0,29.0,33.0,36.0,300,auto,0.0,0.0
37,COMPUTE,38.0,662.0,30.0,33.0,36.0,300,auto,0.0,0.0
38,COMPUTE,38.0,662.0,29.0,33.0,36.0,300,auto,0.0,0.0
39,COMPUTE,38.0,662.0,29.0,33.0,36.0,300,auto,0.0,0.0
40,COMPUTE,39.0,662.0,29.0,33.0,37.0,300,auto,0.0,0.0
41,COMPUTE,38.0,668.0,29.0,32.0,36.0,300,auto,0.0,0.0
42,COMPUTE,38.0,668.0,29.0,33.0,36.0,300,auto,0.0,0.0
43,COMPUTE,38.0,668.0,28.0,32.0,36.0,300,auto,0.0,0.0
44,COMPUTE,39.0,662.0,28.0,32.0,37.0,300,auto,0.0,0.0
45,COMPUTE,39.0,662.0,29.0,32.0,36.0,300,auto,0.0,0.0
46,COMPUTE,38.0,662.0,28.0,32.0,35.0,300,auto,0.0,0.0
47,COMPUTE,39.0,662.0,28.0,32.0,35.0,300,auto,0.0,0.0
48,COMPUTE,38.0,662.0,28.0,31.0,35.0,300,auto,0.0,0.0
49,COMPUTE,37.0,662.0,28.0,32.0,35.0,300,auto,0.0,0.0
50,COMPUTE,38.0,668.0,28.0,32.0,35.0,300,auto,0.0,0.0
51,COMPUTE,38.0,662.0,28.0,32.0,35.0,300,auto,0.0,0.0
52,COMPUTE,37.0,662.0,28.0,32.0,35.0,300,auto,0.0,0.0
53,COMPUTE,38.0,668.0,27.0,31.0,35.0,300,auto,0.0,0.0
54,COMPUTE,37.0,662.0,27.0,31.0,36.0,300,auto,0.0,0.0
55,COMPUTE,37.0,662.0,27.0,31.0,35.0,300,auto,0.0,0.0
56,COMPUTE,59.0,918.0,27.0,31.0,35.0,1502,auto,4.0,0.0
57,COMPUTE,38.0,662.0,27.0,31.0,34.0,300,auto,0.0,0.0
58,COMPUTE,36.0,668.0,28.0,32.0,35.0,300,auto,0.0,0.0
59,COMPUTE,38.0,668.0,27.0,31.0,35.0,300,auto,0.0,0.0
60,COMPUTE,36.0,662.0,27.0,31.0,34.0,300,auto,0.0,0.0
61,COMPUTE,37.0,662.0,27.0,31.0,34.0,300,auto,0.0,0.0
62,COMPUTE,37.0,668.0,27.0,31.0,34.0,300,auto,0.0,0.0
63,COMPUTE,36.0,662.0,27.0,31.0,34.0,300,auto,0.0,0.0
64,COMPUTE,66.0,900.0,27.0,31.0,34.0,1502,auto,16.0,1.0
65,COMPUTE,90.0,662.0,27.0,31.0,34.0,1502,auto,36.0,2.0
66,COMPUTE,38.0,668.0,27.0,31.0,35.0,300,auto,0.0,0.0
67,COMPUTE,39.0,925.0,27.0,31.0,35.0,300,auto,1.0,0.0
68,COMPUTE,37.0,906.0,27.0,31.0,35.0,300,auto,4.0,0.0
69,COMPUTE,194.0,912.0,27.0,31.0,35.0,1502,auto,52.0,8.0
70,COMPUTE,37.0,668.0,26.0,31.0,35.0,300,auto,0.0,0.0
71,COMPUTE,37.0,662.0,26.0,31.0,35.0,300,auto,0.0,0.0
72,COMPUTE,35.0,662.0,26.0,30.0,34.0,300,auto,0.0,0.0
73,COMPUTE,54.0,893.0,26.0,30.0,34.0,300,auto,4.0,0.0
74,COMPUTE,39.0,668.0,28.0,32.0,37.0,300,auto,0.0,0.0
75,COMPUTE,38.0,662.0,29.0,34.0,38.0,300,auto,0.0,0.0
76,COMPUTE,39.0,662.0,30.0,36.0,40.0,300,auto,0.0,0.0
77,COMPUTE,39.0,662.0,31.0,43.0,44.0,300,auto,0.0,0.0
78,COMPUTE,249.0,662.0,31.0,43.0,45.0,1472,auto,100.0,50.0
79,COMPUTE,259.0,912.0,30.0,41.0,44.0,1502,auto,100.0,53.0
80,COMPUTE,257.0,893.0,31.0,42.0,43.0,1472,auto,100.0,41.0
81,COMPUTE,200.0,893.0,31.0,40.0,43.0,1502,auto,85.0,27.0
82,COMPUTE,39.0,662.0,31.0,37.0,41.0,300,auto,0.0,0.0
83,COMPUTE,39.0,668.0,31.0,39.0,43.0,300,auto,0.0,0.0
84,COMPUTE,287.0,668.0,32.0,44.0,46.0,1430,auto,100.0,35.0
85,COMPUTE,311.0,662.0,32.0,44.0,46.0,1472,auto,100.0,54.0
86,COMPUTE,283.0,893.0,32.0,43.0,45.0,1472,auto,100.0,43.0
87,COMPUTE,252.0,881.0,31.0,43.0,45.0,1472,auto,100.0,41.0
88,COMPUTE,310.0,881.0,31.0,42.0,44.0,1472,auto,99.0,33.0
89,COMPUTE,295.0,906.0,31.0,40.0,43.0,1502,auto,93.0,38.0
90,COMPUTE,229.0,893.0,31.0,39.0,43.0,1502,auto,83.0,29.0
91,COMPUTE,247.0,893.0,31.0,38.0,42.0,1502,auto,89.0,29.0
92,COMPUTE,204.0,887.0,30.0,35.0,40.0,1502,auto,84.0,37.0
93,COMPUTE,37.0,912.0,30.0,35.0,39.0,300,auto,0.0,0.0
94,COMPUTE,39.0,893.0,31.0,35.0,40.0,300,auto,0.0,0.0
95,COMPUTE,39.0,918.0,31.0,35.0,40.0,300,auto,0.0,0.0
96,COMPUTE,39.0,662.0,31.0,36.0,41.0,300,auto,0.0,0.0
97,COMPUTE,39.0,662.0,31.0,36.0,41.0,300,auto,0.0,0.0
98,COMPUTE,39.0,668.0,31.0,37.0,41.0,300,auto,0.0,0.0
99,COMPUTE,39.0,662.0,32.0,39.0,42.0,300,auto,0.0,0.0
100,COMPUTE,39.0,662.0,33.0,43.0,44.0,300,auto,0.0,0.0
101,COMPUTE,281.0,662.0,33.0,45.0,47.0,1472,auto,100.0,36.0
102,COMPUTE,317.0,668.0,33.0,45.0,47.0,1472,auto,100.0,40.0
103,COMPUTE,342.0,875.0,33.0,45.0,45.0,1430,auto,100.0,38.0
104,COMPUTE,249.0,893.0,33.0,44.0,45.0,1472,auto,100.0,48.0
105,COMPUTE,304.0,900.0,32.0,42.0,44.0,1472,auto,93.0,48.0
106,COMPUTE,317.0,912.0,32.0,39.0,43.0,1472,auto,94.0,46.0
107,COMPUTE,39.0,668.0,35.0,47.0,47.0,300,auto,0.0,0.0
108,COMPUTE,255.0,668.0,34.0,46.0,48.0,1430,auto,100.0,37.0
109,COMPUTE,284.0,662.0,34.0,46.0,46.0,1472,auto,100.0,54.0
110,COMPUTE,298.0,887.0,33.0,44.0,47.0,1472,auto,100.0,37.0
111,COMPUTE,268.0,893.0,33.0,43.0,44.0,1502,auto,99.0,57.0
112,COMPUTE,222.0,893.0,33.0,43.0,45.0,1502,auto,83.0,46.0
113,COMPUTE,319.0,893.0,32.0,40.0,44.0,1472,auto,90.0,24.0
114,COMPUTE,306.0,906.0,32.0,38.0,42.0,1472,auto,96.0,52.0
115,COMPUTE,39.0,887.0,31.0,36.0,40.0,300,auto,0.0,0.0
116,COMPUTE,39.0,893.0,32.0,36.0,41.0,300,auto,0.0,0.0
117,COMPUTE,39.0,918.0,33.0,37.0,40.0,300,auto,0.0,0.0
118,COMPUTE,39.0,662.0,33.0,37.0,42.0,300,auto,0.0,0.0
119,COMPUTE,39.0,662.0,33.0,38.0,41.0,300,auto,0.0,0.0
120,COMPUTE,277.0,912.0,34.0,47.0,47.0,1502,auto,92.0,51.0
121,COMPUTE,296.0,893.0,34.0,42.0,44.0,1472,auto,94.0,27.0
122,COMPUTE,245.0,906.0,33.0,39.0,43.0,1502,auto,89.0,39.0
123,COMPUTE,298.0,893.0,32.0,37.0,42.0,1502,auto,89.0,45.0
124,COMPUTE,38.0,912.0,32.0,36.0,41.0,300,auto,0.0,0.0
125,COMPUTE,39.0,906.0,33.0,37.0,41.0,300,auto,0.0,0.0
126,COMPUTE,39.0,662.0,33.0,37.0,42.0,300,auto,0.0,0.0
127,COMPUTE,39.0,662.0,33.0,38.0,42.0,1502,auto,0.0,0.0
128,COMPUTE,39.0,662.0,34.0,39.0,43.0,300,auto,0.0,0.0
129,COMPUTE,39.0,662.0,34.0,40.0,44.0,300,auto,0.0,0.0
130,COMPUTE,39.0,662.0,34.0,43.0,45.0,300,auto,0.0,0.0
131,COMPUTE,39.0,668.0,35.0,47.0,47.0,300,auto,0.0,0.0
132,COMPUTE,298.0,662.0,35.0,47.0,49.0,1472,auto,100.0,35.0
133,COMPUTE,275.0,668.0,35.0,46.0,48.0,1430,auto,100.0,35.0
134,COMPUTE,278.0,887.0,35.0,46.0,48.0,1472,auto,100.0,34.0
135,COMPUTE,276.0,893.0,34.0,45.0,47.0,1502,auto,99.0,52.0
136,COMPUTE,247.0,893.0,34.0,44.0,46.0,1502,auto,83.0,42.0
137,COMPUTE,321.0,887.0,33.0,42.0,45.0,1472,auto,90.0,41.0
138,COMPUTE,310.0,906.0,33.0,40.0,42.0,1472,auto,97.0,29.0
139,COMPUTE,91.0,893.0,33.0,38.0,42.0,1502,auto,32.0,6.0
140,COMPUTE,39.0,900.0,32.0,37.0,41.0,300,auto,0.0,0.0
141,COMPUTE,39.0,900.0,33.0,38.0,42.0,300,auto,0.0,0.0
142,COMPUTE,39.0,662.0,33.0,37.0,42.0,300,auto,0.0,0.0
143,COMPUTE,38.0,662.0,34.0,38.0,42.0,300,auto,0.0,0.0
144,COMPUTE,39.0,662.0,33.0,39.0,42.0,300,auto,0.0,0.0
145,COMPUTE,39.0,668.0,34.0,40.0,44.0,300,auto,0.0,0.0
146,COMPUTE,39.0,662.0,34.0,41.0,45.0,300,auto,0.0,0.0
147,COMPUTE,39.0,662.0,35.0,46.0,46.0,300,auto,0.0,0.0
148,COMPUTE,246.0,668.0,35.0,47.0,49.0,1472,auto,100.0,40.0
149,COMPUTE,288.0,668.0,35.0,46.0,49.0,1472,auto,100.0,38.0
150,COMPUTE,297.0,881.0,35.0,46.0,48.0,1472,auto,100.0,40.0
151,COMPUTE,249.0,887.0,34.0,46.0,47.0,1502,auto,99.0,36.0
152,COMPUTE,39.0,662.0,34.0,40.0,44.0,300,auto,0.0,0.0
153,COMPUTE,288.0,893.0,36.0,49.0,49.0,1502,auto,90.0,28.0
154,COMPUTE,214.0,912.0,34.0,42.0,45.0,1502,auto,88.0,36.0
155,COMPUTE,40.0,662.0,37.0,50.0,50.0,300,auto,0.0,0.0
156,COMPUTE,259.0,668.0,35.0,48.0,50.0,1472,auto,100.0,46.0
157,COMPUTE,363.0,668.0,36.0,47.0,49.0,1472,auto,100.0,44.0
158,COMPUTE,270.0,900.0,35.0,46.0,48.0,1502,auto,100.0,50.0
159,COMPUTE,279.0,893.0,35.0,45.0,47.0,1502,auto,99.0,47.0
160,COMPUTE,333.0,912.0,34.0,44.0,46.0,1472,auto,93.0,35.0
161,COMPUTE,303.0,862.0,34.0,42.0,45.0,1472,auto,94.0,40.0
162,COMPUTE,250.0,893.0,33.0,38.0,43.0,1502,auto,86.0,47.0
163,COMPUTE,195.0,862.0,33.0,37.0,42.0,1502,auto,48.0,42.0
164,COMPUTE,39.0,887.0,33.0,38.0,42.0,300,auto,0.0,0.0
165,COMPUTE,263.0,912.0,36.0,49.0,50.0,1472,auto,100.0,37.0
166,COMPUTE,251.0,893.0,35.0,47.0,48.0,1472,auto,100.0,53.0
167,COMPUTE,325.0,893.0,35.0,46.0,47.0,1472,auto,96.0,49.0
168,COMPUTE,207.0,893.0,34.0,43.0,46.0,1502,auto,86.0,38.0
169,COMPUTE,39.0,662.0,36.0,44.0,47.0,300,auto,0.0,0.0
170,COMPUTE,234.0,912.0,36.0,49.0,49.0,1502,auto,86.0,46.0
171,COMPUTE,288.0,662.0,37.0,51.0,52.0,1472,auto,100.0,49.0
172,COMPUTE,347.0,662.0,36.0,48.0,50.0,1430,auto,100.0,41.0
173,COMPUTE,262.0,893.0,36.0,47.0,49.0,1472,auto,100.0,35.0
174,COMPUTE,269.0,881.0,35.0,46.0,48.0,1502,auto,99.0,39.0
175,COMPUTE,303.0,856.0,37.0,51.0,49.0,1472,auto,96.0,50.0
176,COMPUTE,317.0,893.0,35.0,44.0,47.0,1472,auto,92.0,52.0
177,COMPUTE,242.0,906.0,35.0,42.0,45.0,1502,auto,90.0,36.0
178,COMPUTE,318.0,893.0,34.0,39.0,42.0,1502,auto,89.0,32.0
179,COMPUTE,39.0,881.0,34.0,38.0,43.0,300,auto,0.0,0.0
180,COMPUTE,39.0,906.0,34.0,39.0,43.0,300,auto,0.0,0.0
181,COMPUTE,39.0,918.0,35.0,39.0,43.0,300,auto,0.0,0.0
182,COMPUTE,285.0,850.0,37.0,50.0,50.0,1472,auto,100.0,48.0
183,COMPUTE,267.0,881.0,36.0,46.0,48.0,1502,auto,93.0,28.0
184,COMPUTE,307.0,893.0,35.0,44.0,46.0,1472,auto,96.0,38.0
185,COMPUTE,295.0,900.0,34.0,40.0,45.0,1502,auto,91.0,41.0
186,COMPUTE,306.0,875.0,34.0,38.0,42.0,1502,auto,89.0,38.0
187,COMPUTE,39.0,875.0,34.0,39.0,43.0,300,auto,0.0,0.0
188,COMPUTE,39.0,906.0,34.0,39.0,42.0,300,auto,0.0,0.0
189,COMPUTE,39.0,918.0,34.0,39.0,42.0,300,auto,0.0,0.0
190,COMPUTE,246.0,887.0,36.0,49.0,51.0,1472,auto,100.0,43.0
191,COMPUTE,39.0,662.0,35.0,41.0,45.0,300,auto,0.0,0.0
192,COMPUTE,281.0,875.0,37.0,50.0,50.0,1502,auto,88.0,26.0
193,COMPUTE,39.0,912.0,37.0,45.0,48.0,300,auto,0.0,0.0
194,COMPUTE,39.0,662.0,37.0,49.0,49.0,300,auto,0.0,0.0
195,COMPUTE,259.0,662.0,37.0,49.0,51.0,1430,auto,100.0,36.0
196,COMPUTE,276.0,662.0,37.0,49.0,50.0,1472,auto,100.0,52.0
197,COMPUTE,39.0,675.0,34.0,38.0,42.0,300,auto,0.0,0.0
198,COMPUTE,39.0,662.0,33.0,37.0,41.0,300,auto,0.0,0.0
199,COMPUTE,39.0,662.0,33.0,36.0,41.0,300,auto,0.0,0.0
200,COMPUTE,39.0,662.0,32.0,36.0,40.0,300,auto,0.0,0.0
201,COMPUTE,39.0,675.0,32.0,36.0,40.0,300,auto,0.0,0.0
202,COMPUTE,298.0,900.0,36.0,47.0,47.0,1472,auto,90.0,33.0
203,COMPUTE,307.0,887.0,37.0,50.0,47.0,1502,auto,88.0,34.0
204,COMPUTE,233.0,887.0,37.0,51.0,48.0,1502,auto,87.0,32.0
205,COMPUTE,232.0,937.0,37.0,52.0,49.0,1502,auto,90.0,31.0
206,COMPUTE,318.0,906.0,38.0,52.0,50.0,1472,auto,93.0,41.0
207,COMPUTE,324.0,925.0,38.0,52.0,50.0,1472,auto,95.0,32.0
208,COMPUTE,270.0,906.0,38.0,52.0,49.0,1502,auto,86.0,29.0
209,COMPUTE,319.0,925.0,38.0,52.0,49.0,1472,auto,96.0,29.0
210,COMPUTE,235.0,893.0,38.0,52.0,49.0,1502,auto,63.0,34.0
211,COMPUTE,330.0,906.0,39.0,53.0,51.0,1472,auto,94.0,36.0
212,COMPUTE,311.0,881.0,39.0,53.0,51.0,1472,auto,89.0,34.0
213,COMPUTE,229.0,893.0,39.0,53.0,51.0,1502,auto,88.0,31.0
214,COMPUTE,246.0,900.0,39.0,53.0,52.0,1502,auto,81.0,29.0
215,COMPUTE,285.0,900.0,40.0,53.0,52.0,1472,auto,89.0,28.0
216,COMPUTE,192.0,893.0,40.0,54.0,52.0,1502,auto,88.0,29.0
217,COMPUTE,254.0,906.0,39.0,53.0,52.0,1502,auto,87.0,35.0
218,COMPUTE,287.0,893.0,40.0,54.0,51.0,1502,auto,82.0,24.0
219,COMPUTE,129.0,906.0,40.0,54.0,52.0,1502,auto,65.0,6.0
220,COMPUTE,326.0,887.0,40.0,54.0,52.0,1472,auto,93.0,31.0
221,COMPUTE,277.0,912.0,40.0,54.0,52.0,1502,auto,87.0,25.0
222,COMPUTE,230.0,900.0,40.0,54.0,52.0,1502,auto,86.0,32.0
223,COMPUTE,283.0,893.0,41.0,54.0,52.0,1472,auto,90.0,28.0
224,COMPUTE,259.0,881.0,41.0,54.0,53.0,1502,auto,89.0,39.0
225,COMPUTE,317.0,925.0,41.0,54.0,52.0,1472,auto,88.0,35.0
226,COMPUTE,241.0,875.0,41.0,55.0,53.0,1502,auto,88.0,20.0
227,COMPUTE,331.0,662.0,41.0,55.0,53.0,1472,auto,92.0,31.0
228,COMPUTE,316.0,893.0,40.0,54.0,53.0,1472,auto,92.0,37.0
229,COMPUTE,247.0,900.0,39.0,46.0,49.0,1502,auto,86.0,42.0
230,COMPUTE,259.0,925.0,37.0,42.0,46.0,1502,auto,84.0,30.0
231,COMPUTE,39.0,893.0,38.0,42.0,44.0,300,auto,0.0,0.0
232,COMPUTE,281.0,775.0,41.0,53.0,54.0,1430,auto,100.0,38.0
233,COMPUTE,278.0,862.0,39.0,51.0,51.0,1472,auto,100.0,42.0
234,COMPUTE,324.0,875.0,39.0,48.0,50.0,1472,auto,93.0,42.0
235,COMPUTE,316.0,862.0,38.0,46.0,49.0,1472,auto,93.0,52.0
236,COMPUTE,257.0,906.0,38.0,44.0,47.0,1502,auto,87.0,24.0
237,COMPUTE,318.0,906.0,37.0,41.0,45.0,1502,auto,92.0,45.0
238,COMPUTE,39.0,906.0,37.0,41.0,45.0,300,auto,0.0,0.0
239,COMPUTE,39.0,906.0,37.0,41.0,45.0,300,auto,0.0,0.0
240,COMPUTE,39.0,662.0,37.0,42.0,46.0,300,auto,0.0,0.0
241,COMPUTE,39.0,662.0,37.0,42.0,46.0,1502,auto,0.0,0.0
242,COMPUTE,39.0,662.0,37.0,43.0,46.0,300,auto,0.0,0.0
243,COMPUTE,39.0,668.0,38.0,43.0,47.0,300,auto,0.0,0.0
244,COMPUTE,319.0,912.0,39.0,51.0,51.0,1472,auto,93.0,50.0
245,COMPUTE,320.0,900.0,40.0,53.0,53.0,1502,auto,93.0,47.0
246,COMPUTE,39.0,893.0,37.0,42.0,45.0,300,auto,0.0,0.0
247,COMPUTE,39.0,906.0,37.0,42.0,44.0,300,auto,0.0,0.0
248,COMPUTE,39.0,662.0,37.0,42.0,46.0,300,auto,0.0,0.0
249,COMPUTE,39.0,662.0,38.0,42.0,46.0,300,auto,0.0,0.0
250,COMPUTE,39.0,662.0,38.0,43.0,46.0,300,auto,0.0,0.0
251,COMPUTE,324.0,893.0,39.0,51.0,51.0,1472,auto,94.0,48.0
252,COMPUTE,42.0,668.0,40.0,54.0,54.0,300,auto,0.0,0.0
253,COMPUTE,303.0,662.0,38.0,51.0,52.0,1472,auto,100.0,45.0
254,COMPUTE,296.0,893.0,38.0,51.0,51.0,1472,auto,100.0,41.0
255,COMPUTE,39.0,662.0,37.0,43.0,47.0,300,auto,0.0,0.0
256,COMPUTE,322.0,881.0,39.0,52.0,52.0,1472,auto,92.0,28.0
257,COMPUTE,211.0,887.0,37.0,44.0,47.0,1502,auto,89.0,32.0
258,COMPUTE,54.0,906.0,36.0,40.0,44.0,300,auto,5.0,0.0
259,COMPUTE,334.0,662.0,40.0,53.0,53.0,1430,auto,100.0,39.0
260,COMPUTE,255.0,668.0,39.0,50.0,52.0,1472,auto,100.0,36.0
261,COMPUTE,256.0,856.0,39.0,49.0,51.0,1472,auto,100.0,39.0
262,COMPUTE,39.0,662.0,38.0,43.0,47.0,300,auto,0.0,0.0
263,COMPUTE,39.0,662.0,38.0,43.0,47.0,300,auto,0.0,0.0
264,COMPUTE,40.0,662.0,38.0,46.0,48.0,300,auto,0.0,0.0
265,COMPUTE,42.0,662.0,39.0,51.0,52.0,300,auto,5.0,1.0
266,COMPUTE,244.0,662.0,38.0,50.0,52.0,1430,auto,100.0,54.0
267,COMPUTE,274.0,662.0,39.0,50.0,51.0,1430,auto,100.0,52.0
268,COMPUTE,262.0,900.0,38.0,49.0,51.0,1430,auto,100.0,38.0
269,COMPUTE,295.0,893.0,38.0,48.0,50.0,1472,auto,99.0,41.0
270,COMPUTE,277.0,875.0,37.0,47.0,49.0,1502,auto,91.0,25.0
271,COMPUTE,39.0,662.0,38.0,45.0,48.0,300,auto,0.0,0.0
272,COMPUTE,237.0,893.0,39.0,51.0,52.0,1502,auto,90.0,43.0
273,COMPUTE,303.0,893.0,37.0,40.0,44.0,1502,auto,85.0,47.0
274,COMPUTE,39.0,912.0,36.0,40.0,45.0,300,auto,0.0,0.0
275,COMPUTE,270.0,662.0,39.0,52.0,53.0,1472,auto,100.0,40.0
276,COMPUTE,341.0,875.0,39.0,49.0,51.0,1430,auto,100.0,51.0
277,COMPUTE,266.0,893.0,38.0,48.0,49.0,1472,auto,99.0,34.0
278,COMPUTE,39.0,662.0,38.0,43.0,47.0,300,auto,0.0,0.0
279,COMPUTE,40.0,662.0,38.0,44.0,48.0,300,auto,0.0,0.0
280,COMPUTE,41.0,662.0,38.0,48.0,50.0,300,auto,0.0,0.0
281,COMPUTE,61.0,668.0,39.0,50.0,52.0,300,auto,36.0,7.0
282,COMPUTE,288.0,668.0,38.0,50.0,51.0,1472,auto,100.0,38.0
283,COMPUTE,294.0,893.0,38.0,49.0,50.0,1472,auto,100.0,39.0
284,COMPUTE,39.0,668.0,37.0,42.0,46.0,300,auto,0.0,0.0
285,COMPUTE,225.0,875.0,39.0,51.0,52.0,1502,auto,87.0,45.0
286,COMPUTE,327.0,893.0,37.0,45.0,48.0,1472,auto,93.0,29.0
287,COMPUTE,317.0,925.0,36.0,42.0,45.0,1502,auto,93.0,36.0
288,COMPUTE,39.0,881.0,36.0,40.0,44.0,300,auto,0.0,0.0
289,COMPUTE,39.0,881.0,36.0,40.0,45.0,300,auto,0.0,0.0
290,COMPUTE,39.0,668.0,36.0,41.0,45.0,300,auto,0.0,0.0
291,COMPUTE,39.0,668.0,37.0,41.0,44.0,300,auto,0.0,0.0
292,COMPUTE,40.0,668.0,37.0,42.0,45.0,300,auto,0.0,0.0
293,COMPUTE,40.0,668.0,37.0,44.0,46.0,300,auto,0.0,0.0
294,COMPUTE,214.0,900.0,38.0,50.0,50.0,1502,auto,88.0,36.0
295,COMPUTE,79.0,906.0,36.0,40.0,43.0,1502,auto,15.0,5.0
296,COMPUTE,39.0,906.0,36.0,40.0,43.0,300,auto,0.0,0.0
297,COMPUTE,39.0,906.0,36.0,40.0,45.0,300,auto,0.0,0.0
298,COMPUTE,294.0,875.0,38.0,51.0,52.0,1430,auto,100.0,49.0
299,COMPUTE,317.0,881.0,37.0,48.0,48.0,1472,auto,99.0,49.0
300,COMPUTE,39.0,662.0,37.0,44.0,46.0,300,auto,0.0,0.0
301,COMPUTE,39.0,662.0,37.0,45.0,47.0,300,auto,0.0,0.0
302,COMPUTE,42.0,668.0,38.0,50.0,52.0,1430,auto,1.0,0.0
303,COMPUTE,331.0,662.0,38.0,50.0,51.0,1430,auto,100.0,43.0
304,COMPUTE,357.0,893.0,38.0,49.0,51.0,1430,auto,100.0,45.0
305,COMPUTE,238.0,875.0,38.0,48.0,50.0,1430,auto,100.0,32.0
306,COMPUTE,269.0,875.0,37.0,46.0,48.0,1502,auto,87.0,47.0
307,COMPUTE,237.0,893.0,36.0,45.0,48.0,1502,auto,90.0,43.0
308,COMPUTE,227.0,893.0,35.0,42.0,46.0,1502,auto,88.0,33.0
309,COMPUTE,260.0,662.0,39.0,52.0,53.0,1472,auto,100.0,36.0
310,COMPUTE,260.0,925.0,38.0,50.0,51.0,1472,auto,100.0,40.0
311,COMPUTE,39.0,662.0,36.0,41.0,44.0,300,auto,0.0,0.0
312,COMPUTE,288.0,918.0,38.0,51.0,52.0,1472,auto,100.0,57.0
313,COMPUTE,137.0,881.0,39.0,52.0,52.0,1502,auto,80.0,27.0
314,COMPUTE,39.0,662.0,38.0,45.0,49.0,300,auto,0.0,0.0
315,COMPUTE,227.0,868.0,39.0,51.0,52.0,1502,auto,86.0,27.0
316,COMPUTE,93.0,925.0,36.0,41.0,45.0,1502,auto,36.0,8.0
317,COMPUTE,272.0,662.0,39.0,52.0,53.0,1472,auto,100.0,43.0
318,COMPUTE,285.0,925.0,39.0,50.0,52.0,1472,auto,100.0,48.0
319,COMPUTE,39.0,662.0,37.0,42.0,46.0,300,auto,0.0,0.0
320,COMPUTE,40.0,662.0,37.0,42.0,46.0,300,auto,1.0,0.0
321,COMPUTE,39.0,662.0,37.0,43.0,47.0,300,auto,0.0,0.0
322,COMPUTE,40.0,925.0,38.0,45.0,48.0,300,auto,0.0,0.0
323,COMPUTE,39.0,662.0,38.0,49.0,49.0,300,auto,0.0,0.0
324,COMPUTE,324.0,906.0,38.0,50.0,52.0,1430,auto,100.0,49.0
325,COMPUTE,39.0,881.0,36.0,40.0,45.0,300,auto,0.0,0.0
326,COMPUTE,274.0,881.0,39.0,52.0,52.0,1472,auto,100.0,41.0
327,COMPUTE,301.0,881.0,38.0,49.0,50.0,1472,auto,99.0,43.0
328,COMPUTE,271.0,881.0,38.0,47.0,49.0,1472,auto,89.0,26.0
329,COMPUTE,306.0,893.0,39.0,53.0,52.0,1472,auto,93.0,50.0
330,COMPUTE,240.0,906.0,39.0,52.0,52.0,1502,auto,87.0,41.0
331,COMPUTE,39.0,875.0,37.0,41.0,46.0,300,auto,0.0,0.0
332,COMPUTE,39.0,918.0,37.0,41.0,45.0,300,auto,0.0,0.0
333,COMPUTE,39.0,912.0,37.0,41.0,44.0,300,auto,0.0,0.0
334,COMPUTE,39.0,662.0,37.0,42.0,46.0,300,auto,0.0,0.0
335,COMPUTE,39.0,662.0,37.0,42.0,45.0,300,auto,0.0,0.0
336,COMPUTE,40.0,662.0,38.0,44.0,47.0,300,auto,0.0,0.0
337,COMPUTE,40.0,675.0,38.0,46.0,49.0,300,auto,0.0,0.0
338,COMPUTE,41.0,662.0,39.0,50.0,52.0,300,auto,3.0,0.0
339,COMPUTE,289.0,662.0,38.0,51.0,51.0,1430,auto,100.0,39.0
340,COMPUTE,300.0,662.0,39.0,50.0,50.0,1430,auto,100.0,33.0
341,COMPUTE,359.0,893.0,38.0,48.0,50.0,1430,auto,100.0,39.0
342,COMPUTE,271.0,893.0,38.0,47.0,49.0,1502,auto,89.0,39.0
343,COMPUTE,243.0,906.0,39.0,53.0,50.0,1502,auto,85.0,31.0
344,COMPUTE,310.0,906.0,40.0,53.0,52.0,1502,auto,87.0,30.0
345,COMPUTE,308.0,887.0,40.0,54.0,52.0,1472,auto,90.0,24.0
346,COMPUTE,324.0,912.0,40.0,54.0,52.0,1472,auto,92.0,25.0
347,COMPUTE,218.0,900.0,40.0,54.0,52.0,1502,auto,87.0,41.0
348,COMPUTE,259.0,900.0,40.0,54.0,52.0,1502,auto,84.0,44.0
349,COMPUTE,299.0,906.0,41.0,54.0,53.0,1472,auto,91.0,28.0
350,COMPUTE,293.0,887.0,41.0,55.0,52.0,1502,auto,90.0,37.0
351,COMPUTE,189.0,925.0,41.0,55.0,53.0,1502,auto,68.0,24.0
352,COMPUTE,312.0,912.0,41.0,55.0,53.0,1472,auto,92.0,32.0
353,COMPUTE,212.0,925.0,41.0,55.0,53.0,1502,auto,82.0,31.0
354,COMPUTE,328.0,925.0,42.0,55.0,53.0,1472,auto,94.0,29.0
355,COMPUTE,323.0,906.0,41.0,55.0,53.0,1472,auto,96.0,39.0
356,COMPUTE,234.0,918.0,42.0,55.0,52.0,1502,auto,82.0,45.0
357,COMPUTE,223.0,906.0,41.0,55.0,52.0,1502,auto,84.0,32.0
358,COMPUTE,342.0,868.0,42.0,56.0,54.0,1472,auto,91.0,27.0
359,COMPUTE,101.0,881.0,42.0,56.0,54.0,1502,auto,59.0,5.0
360,COMPUTE,307.0,893.0,42.0,56.0,54.0,1472,auto,93.0,33.0
361,COMPUTE,239.0,893.0,42.0,56.0,54.0,1502,auto,84.0,35.0
362,COMPUTE,280.0,875.0,42.0,56.0,54.0,1502,auto,88.0,38.0
363,COMPUTE,274.0,893.0,42.0,56.0,53.0,1502,auto,87.0,45.0
364,COMPUTE,231.0,925.0,42.0,56.0,53.0,1502,auto,80.0,21.0
365,COMPUTE,343.0,900.0,42.0,56.0,54.0,1472,auto,91.0,31.0
366,COMPUTE,326.0,931.0,42.0,56.0,53.0,1472,auto,94.0,34.0
367,COMPUTE,325.0,887.0,42.0,56.0,54.0,1472,auto,94.0,43.0
368,COMPUTE,273.0,881.0,41.0,52.0,52.0,1472,auto,92.0,27.0
369,COMPUTE,319.0,925.0,42.0,55.0,55.0,1472,auto,96.0,37.0
370,COMPUTE,88.0,925.0,40.0,44.0,48.0,1502,auto,37.0,12.0
371,COMPUTE,39.0,906.0,40.0,43.0,47.0,300,auto,0.0,0.0
372,COMPUTE,259.0,662.0,42.0,55.0,55.0,1472,auto,100.0,50.0
373,COMPUTE,287.0,912.0,41.0,54.0,54.0,1472,auto,100.0,36.0
374,COMPUTE,274.0,875.0,40.0,51.0,53.0,1430,auto,99.0,34.0
375,COMPUTE,231.0,875.0,42.0,55.0,55.0,1502,auto,91.0,26.0
376,COMPUTE,238.0,875.0,40.0,49.0,51.0,1502,auto,90.0,37.0
377,COMPUTE,296.0,881.0,39.0,46.0,49.0,1502,auto,90.0,26.0
378,COMPUTE,263.0,875.0,42.0,55.0,55.0,1472,auto,100.0,42.0
379,COMPUTE,39.0,893.0,40.0,44.0,48.0,300,auto,0.0,0.0
380,COMPUTE,282.0,862.0,42.0,55.0,55.0,1430,auto,100.0,48.0
381,COMPUTE,281.0,912.0,41.0,52.0,53.0,1472,auto,100.0,48.0
382,COMPUTE,39.0,662.0,40.0,45.0,49.0,300,auto,0.0,0.0
383,COMPUTE,40.0,662.0,40.0,46.0,49.0,300,auto,0.0,0.0
384,COMPUTE,41.0,662.0,41.0,49.0,50.0,300,auto,0.0,0.0
385,COMPUTE,319.0,893.0,41.0,53.0,53.0,1472,auto,89.0,28.0
386,COMPUTE,291.0,668.0,42.0,55.0,56.0,1472,auto,100.0,40.0
387,COMPUTE,278.0,912.0,41.0,53.0,54.0,1472,auto,100.0,36.0
388,COMPUTE,39.0,662.0,39.0,44.0,47.0,300,auto,0.0,0.0
389,COMPUTE,272.0,862.0,42.0,54.0,54.0,1472,auto,99.0,31.0
390,COMPUTE,314.0,881.0,40.0,50.0,52.0,1472,auto,94.0,31.0
391,COMPUTE,256.0,881.0,40.0,49.0,51.0,1502,auto,88.0,49.0
392,COMPUTE,42.0,668.0,41.0,50.0,52.0,300,auto,0.0,0.0
393,COMPUTE,42.0,662.0,41.0,54.0,53.0,300,auto,4.0,0.0
394,COMPUTE,310.0,912.0,41.0,52.0,54.0,1430,auto,100.0,51.0
395,COMPUTE,272.0,906.0,42.0,55.0,55.0,1472,auto,100.0,41.0
396,COMPUTE,40.0,662.0,40.0,44.0,48.0,300,auto,0.0,0.0
397,COMPUTE,39.0,662.0,40.0,44.0,48.0,300,auto,0.0,0.0
398,COMPUTE,41.0,662.0,40.0,45.0,49.0,300,auto,0.0,0.0
399,COMPUTE,295.0,912.0,41.0,53.0,53.0,1472,auto,94.0,38.0
400,COMPUTE,62.0,662.0,42.0,54.0,56.0,300,auto,24.0,3.0
401,COMPUTE,331.0,893.0,41.0,53.0,54.0,1472,auto,100.0,52.0
402,COMPUTE,293.0,881.0,42.0,55.0,54.0,1472,auto,100.0,40.0
403,COMPUTE,40.0,662.0,39.0,45.0,49.0,300,auto,0.0,0.0
404,COMPUTE,301.0,900.0,41.0,54.0,53.0,1472,auto,99.0,56.0
405,COMPUTE,41.0,662.0,40.0,47.0,50.0,300,auto,0.0,0.0
406,COMPUTE,40.0,668.0,40.0,48.0,51.0,300,auto,0.0,0.0
407,COMPUTE,273.0,900.0,41.0,53.0,54.0,1472,auto,100.0,49.0
408,COMPUTE,39.0,893.0,39.0,43.0,47.0,300,auto,0.0,0.0
409,COMPUTE,39.0,912.0,39.0,43.0,47.0,300,auto,0.0,0.0
410,COMPUTE,338.0,906.0,42.0,54.0,54.0,1430,auto,100.0,39.0
411,COMPUTE,260.0,900.0,40.0,50.0,51.0,1502,auto,99.0,38.0
412,COMPUTE,40.0,668.0,40.0,45.0,49.0,300,auto,0.0,0.0
413,COMPUTE,41.0,662.0,39.0,45.0,49.0,300,auto,0.0,0.0
414,COMPUTE,40.0,662.0,39.0,46.0,49.0,300,auto,0.0,0.0
415,COMPUTE,39.0,668.0,40.0,49.0,51.0,300,auto,0.0,0.0
416,COMPUTE,221.0,900.0,41.0,53.0,54.0,1502,auto,77.0,14.0
417,COMPUTE,39.0,893.0,38.0,43.0,47.0,300,auto,0.0,0.0
418,COMPUTE,351.0,925.0,41.0,54.0,54.0,1472,auto,100.0,39.0
419,COMPUTE,248.0,850.0,40.0,51.0,53.0,1430,auto,100.0,55.0
420,COMPUTE,235.0,868.0,40.0,50.0,50.0,1472,auto,99.0,37.0
421,COMPUTE,40.0,662.0,40.0,45.0,48.0,300,auto,0.0,0.0
422,COMPUTE,39.0,925.0,39.0,45.0,49.0,300,auto,0.0,0.0
423,COMPUTE,40.0,662.0,40.0,48.0,50.0,300,auto,0.0,0.0
424,COMPUTE,62.0,662.0,40.0,52.0,54.0,300,auto,26.0,4.0
425,COMPUTE,291.0,662.0,40.0,52.0,53.0,1430,auto,100.0,54.0
426,COMPUTE,311.0,893.0,40.0,51.0,53.0,1430,auto,100.0,45.0
427,COMPUTE,303.0,850.0,39.0,50.0,51.0,1472,auto,100.0,41.0
428,COMPUTE,182.0,881.0,39.0,49.0,50.0,1502,auto,87.0,28.0
429,COMPUTE,40.0,662.0,39.0,45.0,49.0,300,auto,0.0,0.0
430,COMPUTE,309.0,900.0,40.0,52.0,53.0,1472,auto,91.0,30.0
431,COMPUTE,40.0,662.0,40.0,53.0,53.0,300,auto,0.0,0.0
432,COMPUTE,294.0,875.0,40.0,52.0,54.0,1472,auto,100.0,49.0
433,COMPUTE,39.0,931.0,38.0,43.0,47.0,300,auto,0.0,0.0
434,COMPUTE,39.0,918.0,38.0,43.0,46.0,300,auto,0.0,0.0
435,COMPUTE,40.0,668.0,38.0,43.0,47.0,300,auto,0.0,0.0
436,COMPUTE,39.0,662.0,38.0,43.0,46.0,300,auto,0.0,0.0
437,COMPUTE,242.0,893.0,40.0,53.0,53.0,1502,auto,90.0,29.0
438,COMPUTE,266.0,893.0,39.0,47.0,49.0,1502,auto,92.0,48.0
439,COMPUTE,256.0,906.0,37.0,45.0,48.0,1502,auto,92.0,47.0
440,COMPUTE,216.0,893.0,40.0,54.0,54.0,1502,auto,77.0,15.0
441,COMPUTE,39.0,925.0,38.0,42.0,46.0,300,auto,0.0,0.0
442,COMPUTE,293.0,931.0,41.0,54.0,53.0,1472,auto,100.0,32.0
443,COMPUTE,39.0,668.0,39.0,44.0,48.0,300,auto,0.0,0.0
444,COMPUTE,255.0,893.0,41.0,54.0,52.0,1472,auto,99.0,52.0
445,COMPUTE,41.0,668.0,39.0,45.0,48.0,300,auto,0.0,0.0
446,COMPUTE,40.0,662.0,39.0,45.0,48.0,300,auto,0.0,0.0
447,COMPUTE,239.0,875.0,40.0,52.0,53.0,1502,auto,90.0,27.0
448,COMPUTE,285.0,906.0,41.0,54.0,54.0,1472,auto,100.0,40.0
449,COMPUTE,252.0,875.0,41.0,55.0,56.0,1472,auto,100.0,34.0
450,COMPUTE,39.0,918.0,39.0,44.0,48.0,300,auto,0.0,0.0
451,COMPUTE,331.0,912.0,41.0,54.0,53.0,1472,auto,100.0,50.0
452,COMPUTE,39.0,662.0,39.0,45.0,48.0,300,auto,0.0,0.0
453,COMPUTE,319.0,893.0,41.0,54.0,54.0,1472,auto,94.0,39.0
454,COMPUTE,211.0,887.0,39.0,47.0,50.0,1502,auto,84.0,43.0
455,COMPUTE,42.0,662.0,41.0,51.0,52.0,300,auto,0.0,0.0
456,COMPUTE,276.0,668.0,41.0,53.0,53.0,1502,auto,100.0,49.0
457,COMPUTE,292.0,662.0,40.0,52.0,52.0,1430,auto,100.0,51.0
458,COMPUTE,292.0,875.0,40.0,51.0,52.0,1472,auto,100.0,48.0
459,COMPUTE,351.0,843.0,40.0,50.0,51.0,1430,auto,100.0,37.0
460,COMPUTE,221.0,893.0,39.0,49.0,49.0,1502,auto,91.0,35.0
461,COMPUTE,318.0,862.0,39.0,46.0,49.0,1472,auto,93.0,42.0
462,COMPUTE,237.0,912.0,38.0,43.0,48.0,1502,auto,94.0,34.0
463,COMPUTE,81.0,868.0,38.0,41.0,45.0,1502,auto,22.0,6.0
464,COMPUTE,39.0,881.0,37.0,42.0,46.0,300,auto,0.0,0.0
465,COMPUTE,327.0,893.0,40.0,53.0,53.0,1430,auto,100.0,44.0
466,COMPUTE,361.0,912.0,41.0,54.0,55.0,1430,auto,100.0,35.0
467,COMPUTE,268.0,893.0,42.0,55.0,54.0,1502,auto,99.0,44.0
468,COMPUTE,320.0,893.0,40.0,49.0,51.0,1472,auto,91.0,29.0
469,COMPUTE,41.0,925.0,40.0,48.0,50.0,300,auto,0.0,0.0
470,COMPUTE,42.0,662.0,40.0,51.0,52.0,300,auto,0.0,0.0
471,COMPUTE,303.0,662.0,40.0,52.0,54.0,1430,auto,100.0,33.0
472,COMPUTE,321.0,912.0,39.0,49.0,50.0,1472,auto,96.0,30.0
473,COMPUTE,206.0,893.0,41.0,53.0,52.0,1502,auto,85.0,40.0
474,COMPUTE,341.0,881.0,41.0,54.0,52.0,1472,auto,93.0,30.0
475,COMPUTE,315.0,893.0,41.0,55.0,52.0,1472,auto,96.0,43.0
476,COMPUTE,289.0,912.0,42.0,55.0,53.0,1502,auto,87.0,27.0
477,COMPUTE,266.0,893.0,41.0,55.0,52.0,1472,auto,90.0,23.0
478,COMPUTE,341.0,918.0,42.0,55.0,53.0,1472,auto,93.0,38.0
479,COMPUTE,236.0,900.0,42.0,56.0,54.0,1502,auto,87.0,42.0
480,COMPUTE,263.0,881.0,42.0,56.0,54.0,1502,auto,89.0,32.0
481,COMPUTE,272.0,906.0,42.0,56.0,54.0,1502,auto,84.0,29.0
482,COMPUTE,301.0,906.0,42.0,55.0,53.0,1472,auto,94.0,39.0
483,COMPUTE,269.0,893.0,42.0,56.0,53.0,1502,auto,89.0,27.0
484,COMPUTE,317.0,906.0,42.0,56.0,53.0,1472,auto,94.0,38.0
485,COMPUTE,322.0,900.0,42.0,56.0,54.0,1472,auto,95.0,30.0
486,COMPUTE,235.0,887.0,42.0,57.0,55.0,1502,auto,86.0,20.0
487,COMPUTE,266.0,925.0,42.0,56.0,54.0,1502,auto,85.0,33.0
488,COMPUTE,273.0,906.0,43.0,57.0,54.0,1502,auto,89.0,31.0
489,COMPUTE,294.0,881.0,43.0,57.0,54.0,1472,auto,93.0,46.0
490,COMPUTE,285.0,906.0,43.0,57.0,55.0,1502,auto,90.0,33.0
491,COMPUTE,273.0,906.0,43.0,58.0,54.0,1502,auto,88.0,34.0
492,COMPUTE,342.0,875.0,43.0,57.0,55.0,1472,auto,93.0,28.0
493,COMPUTE,260.0,893.0,43.0,57.0,55.0,1502,auto,89.0,34.0
494,COMPUTE,221.0,925.0,44.0,57.0,55.0,1502,auto,82.0,22.0
495,COMPUTE,264.0,906.0,43.0,57.0,55.0,1502,auto,86.0,42.0
496,COMPUTE,273.0,925.0,43.0,57.0,55.0,1502,auto,89.0,26.0
497,COMPUTE,305.0,868.0,43.0,58.0,55.0,1502,auto,89.0,29.0
498,COMPUTE,251.0,937.0,42.0,51.0,53.0,1502,auto,85.0,41.0
499,COMPUTE,319.0,881.0,44.0,56.0,56.0,1472,auto,96.0,37.0
500,COMPUTE,262.0,662.0,44.0,57.0,57.0,1404,auto,100.0,44.0
501,COMPUTE,281.0,662.0,43.0,54.0,55.0,1472,auto,100.0,52.0
502,COMPUTE,298.0,875.0,42.0,53.0,54.0,1430,auto,100.0,48.0
503,COMPUTE,41.0,662.0,41.0,47.0,50.0,300,auto,0.0,0.0
504,COMPUTE,252.0,850.0,42.0,55.0,55.0,1472,auto,94.0,30.0
505,COMPUTE,43.0,662.0,43.0,55.0,55.0,300,auto,0.0,0.0
506,COMPUTE,260.0,662.0,42.0,55.0,55.0,1472,auto,100.0,40.0
507,COMPUTE,274.0,925.0,42.0,53.0,55.0,1472,auto,100.0,52.0
508,COMPUTE,246.0,893.0,43.0,56.0,56.0,1472,auto,100.0,36.0
509,COMPUTE,267.0,850.0,43.0,57.0,56.0,1502,auto,99.0,40.0
510,COMPUTE,221.0,900.0,41.0,51.0,52.0,1502,auto,89.0,37.0
511,COMPUTE,41.0,662.0,42.0,51.0,53.0,300,auto,0.0,0.0
512,COMPUTE,215.0,893.0,42.0,55.0,55.0,1502,auto,82.0,30.0
513,COMPUTE,296.0,906.0,43.0,56.0,57.0,1430,auto,100.0,40.0
514,COMPUTE,327.0,906.0,43.0,56.0,57.0,1472,auto,100.0,49.0
515,COMPUTE,264.0,893.0,43.0,57.0,57.0,1502,auto,100.0,41.0
516,COMPUTE,42.0,662.0,42.0,47.0,50.0,300,auto,0.0,0.0
517,COMPUTE,285.0,893.0,43.0,56.0,55.0,1502,auto,89.0,46.0
518,COMPUTE,315.0,893.0,41.0,49.0,51.0,1472,auto,96.0,50.0
519,COMPUTE,316.0,906.0,40.0,45.0,48.0,1502,auto,86.0,48.0
520,COMPUTE,39.0,912.0,40.0,44.0,47.0,300,auto,0.0,0.0
521,COMPUTE,40.0,662.0,40.0,44.0,47.0,300,auto,0.0,0.0
522,COMPUTE,287.0,893.0,42.0,55.0,54.0,1472,auto,100.0,54.0
523,COMPUTE,303.0,900.0,41.0,51.0,52.0,1472,auto,94.0,43.0
524,COMPUTE,42.0,668.0,41.0,49.0,51.0,300,auto,0.0,0.0
525,COMPUTE,336.0,887.0,42.0,53.0,54.0,1472,auto,92.0,32.0
526,COMPUTE,39.0,893.0,40.0,44.0,47.0,300,auto,0.0,0.0
527,COMPUTE,39.0,893.0,39.0,43.0,48.0,300,auto,0.0,0.0
528,COMPUTE,344.0,893.0,42.0,55.0,55.0,1430,auto,100.0,52.0
529,COMPUTE,281.0,893.0,43.0,56.0,55.0,1502,auto,99.0,49.0
530,COMPUTE,309.0,893.0,43.0,56.0,56.0,1472,auto,92.0,51.0
531,COMPUTE,324.0,937.0,43.0,56.0,55.0,1472,auto,93.0,49.0
532,COMPUTE,299.0,906.0,43.0,57.0,58.0,1472,auto,100.0,48.0
533,COMPUTE,268.0,893.0,43.0,57.0,57.0,1472,auto,100.0,36.0
534,COMPUTE,40.0,668.0,41.0,45.0,50.0,300,auto,0.0,0.0
535,COMPUTE,272.0,862.0,43.0,56.0,56.0,1472,auto,99.0,41.0
536,COMPUTE,41.0,662.0,42.0,47.0,50.0,300,auto,0.0,0.0
537,COMPUTE,42.0,662.0,42.0,48.0,50.0,300,auto,0.0,0.0
538,COMPUTE,251.0,887.0,42.0,54.0,54.0,1502,auto,90.0,39.0
539,COMPUTE,261.0,893.0,43.0,56.0,57.0,1430,auto,100.0,33.0
540,COMPUTE,39.0,906.0,41.0,45.0,49.0,300,auto,0.0,0.0
541,COMPUTE,293.0,893.0,43.0,56.0,56.0,1472,auto,100.0,39.0
542,COMPUTE,42.0,662.0,41.0,46.0,50.0,300,auto,0.0,0.0
543,COMPUTE,304.0,893.0,42.0,55.0,55.0,1472,auto,96.0,47.0
544,COMPUTE,213.0,906.0,41.0,47.0,51.0,1502,auto,83.0,40.0
545,COMPUTE,277.0,881.0,43.0,56.0,56.0,1472,auto,100.0,57.0
546,COMPUTE,39.0,900.0,40.0,44.0,49.0,300,auto,0.0,0.0
547,COMPUTE,314.0,931.0,43.0,56.0,56.0,1430,auto,100.0,44.0
548,COMPUTE,60.0,662.0,42.0,46.0,50.0,1502,auto,6.0,0.0
549,COMPUTE,230.0,875.0,42.0,55.0,55.0,1472,auto,88.0,38.0
550,COMPUTE,244.0,887.0,41.0,48.0,51.0,1502,auto,91.0,42.0
551,COMPUTE,304.0,906.0,40.0,44.0,48.0,1502,auto,90.0,22.0
552,COMPUTE,289.0,893.0,43.0,55.0,56.0,1472,auto,100.0,35.0
553,COMPUTE,40.0,937.0,41.0,44.0,48.0,300,auto,0.0,0.0
554,COMPUTE,291.0,893.0,42.0,55.0,56.0,1430,auto,100.0,37.0
555,COMPUTE,40.0,662.0,41.0,46.0,50.0,300,auto,0.0,0.0
556,COMPUTE,39.0,662.0,41.0,46.0,50.0,300,auto,0.0,0.0
557,COMPUTE,308.0,900.0,42.0,54.0,54.0,1472,auto,89.0,31.0
558,COMPUTE,44.0,662.0,43.0,56.0,57.0,300,auto,2.0,1.0
559,COMPUTE,246.0,881.0,42.0,54.0,55.0,1472,auto,100.0,38.0
560,COMPUTE,288.0,875.0,42.0,56.0,56.0,1472,auto,100.0,44.0
561,COMPUTE,289.0,875.0,41.0,52.0,54.0,1472,auto,100.0,49.0
562,COMPUTE,205.0,900.0,41.0,51.0,52.0,1502,auto,88.0,29.0
563,COMPUTE,42.0,668.0,41.0,48.0,51.0,300,auto,0.0,0.0
564,COMPUTE,43.0,662.0,41.0,50.0,52.0,300,auto,0.0,0.0
565,COMPUTE,85.0,893.0,42.0,54.0,55.0,1502,auto,24.0,2.0
566,COMPUTE,39.0,931.0,40.0,44.0,48.0,300,auto,0.0,0.0
567,COMPUTE,373.0,875.0,42.0,55.0,55.0,1430,auto,100.0,54.0
568,COMPUTE,258.0,875.0,41.0,52.0,53.0,1472,auto,99.0,44.0
569,COMPUTE,212.0,893.0,42.0,55.0,54.0,1502,auto,84.0,32.0
570,COMPUTE,274.0,900.0,41.0,48.0,50.0,1502,auto,88.0,33.0
571,COMPUTE,304.0,912.0,42.0,55.0,56.0,1502,auto,90.0,49.0
572,COMPUTE,39.0,925.0,40.0,44.0,47.0,300,auto,0.0,0.0
573,COMPUTE,342.0,912.0,42.0,55.0,55.0,1430,auto,100.0,47.0
574,COMPUTE,290.0,881.0,42.0,56.0,55.0,1472,auto,100.0,52.0
575,COMPUTE,266.0,893.0,41.0,51.0,53.0,1472,auto,86.0,24.0
576,COMPUTE,260.0,893.0,42.0,55.0,55.0,1502,auto,87.0,30.0
577,COMPUTE,308.0,893.0,40.0,47.0,51.0,1472,auto,90.0,29.0
578,COMPUTE,292.0,900.0,42.0,56.0,56.0,1472,auto,100.0,47.0
579,COMPUTE,39.0,887.0,40.0,44.0,48.0,300,auto,0.0,0.0
580,COMPUTE,243.0,850.0,43.0,56.0,55.0,1430,auto,100.0,45.0
581,COMPUTE,289.0,900.0,41.0,52.0,52.0,1502,auto,99.0,32.0
582,COMPUTE,331.0,875.0,42.0,56.0,55.0,1472,auto,95.0,27.0
583,COMPUTE,216.0,887.0,40.0,47.0,49.0,1502,auto,87.0,30.0
584,COMPUTE,39.0,893.0,40.0,43.0,47.0,300,auto,0.0,0.0
585,COMPUTE,292.0,925.0,42.0,55.0,56.0,1472,auto,100.0,41.0
586,COMPUTE,39.0,662.0,40.0,45.0,49.0,300,auto,0.0,0.0
587,COMPUTE,40.0,662.0,40.0,44.0,49.0,300,auto,0.0,0.0
588,COMPUTE,229.0,881.0,42.0,55.0,54.0,1502,auto,89.0,29.0
589,COMPUTE,211.0,906.0,40.0,48.0,51.0,1502,auto,89.0,35.0
590,COMPUTE,326.0,887.0,39.0,43.0,47.0,1502,auto,73.0,40.0
591,COMPUTE,369.0,887.0,42.0,55.0,56.0,1430,auto,100.0,43.0
592,COMPUTE,231.0,906.0,42.0,54.0,53.0,1502,auto,93.0,39.0
593,COMPUTE,285.0,875.0,42.0,56.0,54.0,1472,auto,92.0,43.0
594,COMPUTE,279.0,925.0,43.0,56.0,54.0,1472,auto,91.0,37.0
595,COMPUTE,249.0,925.0,43.0,56.0,55.0,1502,auto,86.0,32.0
596,COMPUTE,276.0,925.0,42.0,56.0,55.0,1502,auto,89.0,37.0
597,COMPUTE,198.0,912.0,43.0,57.0,55.0,1502,auto,85.0,31.0
598,COMPUTE,309.0,850.0,43.0,57.0,55.0,1472,auto,90.0,34.0
599,COMPUTE,233.0,906.0,43.0,57.0,55.0,1502,auto,87.0,37.0
600,COMPUTE,314.0,925.0,43.0,57.0,55.0,1472,auto,87.0,25.0
601,COMPUTE,288.0,925.0,44.0,58.0,55.0,1502,auto,76.0,34.0
602,COMPUTE,323.0,893.0,44.0,58.0,56.0,1472,auto,97.0,24.0
603,COMPUTE,308.0,906.0,44.0,57.0,55.0,1472,auto,92.0,32.0
604,COMPUTE,280.0,900.0,43.0,57.0,55.0,1472,auto,91.0,29.0
605,COMPUTE,240.0,906.0,44.0,57.0,55.0,1502,auto,90.0,28.0
606,COMPUTE,61.0,925.0,44.0,58.0,55.0,1502,auto,24.0,13.0
607,COMPUTE,317.0,887.0,44.0,58.0,56.0,1472,auto,94.0,28.0
608,COMPUTE,245.0,906.0,44.0,58.0,56.0,1502,auto,90.0,27.0
609,COMPUTE,242.0,900.0,44.0,58.0,55.0,1502,auto,85.0,36.0
610,COMPUTE,225.0,887.0,44.0,58.0,55.0,1502,auto,84.0,45.0
611,COMPUTE,290.0,881.0,44.0,58.0,56.0,1472,auto,94.0,31.0
612,COMPUTE,311.0,925.0,44.0,58.0,56.0,1472,auto,93.0,32.0
613,COMPUTE,328.0,925.0,45.0,58.0,56.0,1472,auto,92.0,36.0
614,COMPUTE,290.0,887.0,45.0,59.0,56.0,1502,auto,87.0,23.0
615,COMPUTE,299.0,906.0,45.0,59.0,56.0,1502,auto,87.0,33.0
616,COMPUTE,326.0,906.0,45.0,59.0,55.0,1472,auto,93.0,22.0
617,COMPUTE,273.0,875.0,44.0,58.0,56.0,1502,auto,91.0,30.0
618,COMPUTE,44.0,662.0,44.0,54.0,53.0,300,auto,0.0,0.0
619,COMPUTE,40.0,662.0,42.0,47.0,51.0,300,auto,0.0,0.0
620,COMPUTE,42.0,662.0,42.0,48.0,51.0,300,auto,0.0,0.0
621,COMPUTE,289.0,893.0,44.0,55.0,56.0,1502,auto,90.0,42.0
622,COMPUTE,171.0,906.0,45.0,57.0,58.0,1502,auto,67.0,16.0
623,COMPUTE,304.0,662.0,45.0,58.0,58.0,1472,auto,100.0,55.0
624,COMPUTE,270.0,843.0,43.0,55.0,56.0,1430,auto,100.0,37.0
625,COMPUTE,39.0,668.0,42.0,47.0,51.0,300,auto,0.0,0.0
626,COMPUTE,299.0,893.0,44.0,56.0,56.0,1472,auto,95.0,49.0
627,COMPUTE,235.0,875.0,44.0,57.0,57.0,1502,auto,84.0,29.0
628,COMPUTE,287.0,893.0,44.0,57.0,57.0,1502,auto,88.0,26.0
629,COMPUTE,39.0,912.0,42.0,46.0,50.0,300,auto,0.0,0.0
630,COMPUTE,273.0,893.0,44.0,57.0,57.0,1472,auto,100.0,42.0
631,COMPUTE,296.0,893.0,44.0,58.0,58.0,1472,auto,100.0,35.0
632,COMPUTE,291.0,868.0,43.0,54.0,55.0,1472,auto,99.0,55.0
633,COMPUTE,237.0,881.0,44.0,58.0,57.0,1502,auto,88.0,32.0
634,COMPUTE,266.0,912.0,42.0,50.0,53.0,1502,auto,89.0,27.0
635,COMPUTE,188.0,925.0,41.0,47.0,50.0,1502,auto,69.0,39.0
636,COMPUTE,282.0,925.0,44.0,57.0,57.0,1472,auto,100.0,53.0
637,COMPUTE,39.0,893.0,42.0,46.0,50.0,300,auto,0.0,0.0
638,COMPUTE,39.0,662.0,42.0,45.0,50.0,300,auto,0.0,0.0
639,COMPUTE,281.0,881.0,43.0,56.0,56.0,1472,auto,99.0,52.0
640,COMPUTE,256.0,881.0,44.0,57.0,56.0,1502,auto,91.0,48.0
641,COMPUTE,289.0,931.0,42.0,50.0,52.0,1472,auto,92.0,35.0
642,COMPUTE,282.0,893.0,44.0,56.0,56.0,1502,auto,87.0,28.0
643,COMPUTE,263.0,906.0,44.0,58.0,58.0,1472,auto,100.0,50.0
644,COMPUTE,288.0,881.0,44.0,57.0,58.0,1430,auto,100.0,42.0
645,COMPUTE,237.0,862.0,44.0,58.0,58.0,1472,auto,100.0,51.0
646,COMPUTE,282.0,881.0,43.0,54.0,55.0,1502,auto,98.0,41.0
647,COMPUTE,207.0,850.0,42.0,52.0,53.0,1502,auto,85.0,47.0
648,COMPUTE,295.0,912.0,41.0,49.0,51.0,1472,auto,93.0,26.0
649,COMPUTE,140.0,906.0,43.0,57.0,57.0,1502,auto,58.0,21.0
650,COMPUTE,317.0,662.0,44.0,58.0,58.0,1430,auto,100.0,39.0
651,COMPUTE,293.0,875.0,43.0,54.0,56.0,1472,auto,100.0,51.0
652,COMPUTE,39.0,675.0,42.0,46.0,51.0,300,auto,0.0,0.0
653,COMPUTE,41.0,662.0,42.0,47.0,51.0,300,auto,0.0,0.0
654,COMPUTE,227.0,868.0,43.0,55.0,55.0,1502,auto,82.0,46.0
655,COMPUTE,318.0,893.0,44.0,57.0,57.0,1472,auto,96.0,38.0
656,COMPUTE,268.0,918.0,44.0,58.0,57.0,1472,auto,100.0,39.0
657,COMPUTE,295.0,875.0,44.0,58.0,58.0,1472,auto,100.0,31.0
658,COMPUTE,39.0,675.0,42.0,46.0,51.0,300,auto,0.0,0.0
659,COMPUTE,254.0,881.0,43.0,57.0,57.0,1472,auto,99.0,47.0
660,COMPUTE,266.0,893.0,42.0,53.0,53.0,1502,auto,90.0,50.0
661,COMPUTE,258.0,893.0,44.0,57.0,57.0,1502,auto,90.0,47.0
662,COMPUTE,94.0,881.0,44.0,57.0,58.0,1502,auto,37.0,11.0
663,COMPUTE,262.0,912.0,44.0,58.0,58.0,1472,auto,100.0,37.0
664,COMPUTE,41.0,918.0,42.0,46.0,51.0,300,auto,0.0,0.0
665,COMPUTE,40.0,662.0,42.0,46.0,50.0,300,auto,0.0,0.0
666,COMPUTE,42.0,662.0,42.0,47.0,50.0,300,auto,0.0,0.0
667,COMPUTE,302.0,881.0,43.0,56.0,55.0,1472,auto,93.0,42.0
668,COMPUTE,230.0,912.0,44.0,57.0,56.0,1502,auto,91.0,29.0
669,COMPUTE,92.0,925.0,41.0,45.0,48.0,1502,auto,34.0,11.0
670,COMPUTE,256.0,893.0,43.0,56.0,57.0,1472,auto,100.0,36.0
671,COMPUTE,335.0,868.0,44.0,58.0,57.0,1430,auto,100.0,42.0
672,COMPUTE,40.0,662.0,42.0,47.0,50.0,300,auto,0.0,0.0
673,COMPUTE,263.0,875.0,43.0,56.0,56.0,1502,auto,97.0,37.0
674,COMPUTE,43.0,675.0,43.0,50.0,52.0,300,auto,0.0,0.0
675,COMPUTE,282.0,887.0,43.0,55.0,56.0,1502,auto,90.0,41.0
676,COMPUTE,349.0,906.0,44.0,57.0,58.0,1430,auto,100.0,40.0
677,COMPUTE,281.0,887.0,45.0,57.0,58.0,1472,auto,100.0,56.0
678,COMPUTE,40.0,662.0,42.0,47.0,51.0,300,auto,0.0,0.0
679,COMPUTE,40.0,668.0,42.0,46.0,50.0,300,auto,0.0,0.0
680,COMPUTE,42.0,662.0,42.0,47.0,51.0,300,auto,0.0,0.0
681,COMPUTE,43.0,662.0,42.0,49.0,52.0,300,auto,0.0,0.0
682,COMPUTE,305.0,906.0,43.0,54.0,55.0,1472,auto,92.0,41.0
683,COMPUTE,39.0,906.0,41.0,45.0,49.0,300,auto,0.0,0.0
684,COMPUTE,311.0,662.0,43.0,56.0,57.0,1472,auto,100.0,35.0
685,COMPUTE,286.0,862.0,43.0,54.0,55.0,1430,auto,100.0,34.0
686,COMPUTE,284.0,893.0,44.0,57.0,55.0,1502,auto,99.0,42.0
687,COMPUTE,291.0,868.0,44.0,57.0,56.0,1472,auto,92.0,32.0
688,COMPUTE,211.0,881.0,44.0,57.0,56.0,1502,auto,82.0,43.0
689,COMPUTE,40.0,887.0,41.0,45.0,48.0,1502,auto,3.0,0.0
690,COMPUTE,39.0,912.0,41.0,45.0,49.0,300,auto,0.0,0.0
691,COMPUTE,40.0,925.0,41.0,45.0,49.0,300,auto,0.0,0.0
692,COMPUTE,353.0,875.0,43.0,56.0,56.0,1502,auto,100.0,55.0
693,COMPUTE,40.0,668.0,42.0,47.0,51.0,300,auto,0.0,0.0
694,COMPUTE,42.0,668.0,42.0,48.0,51.0,300,auto,0.0,0.0
695,COMPUTE,248.0,875.0,42.0,55.0,56.0,1502,auto,84.0,37.0
696,COMPUTE,98.0,875.0,44.0,57.0,58.0,1502,auto,50.0,11.0
697,COMPUTE,39.0,912.0,41.0,45.0,49.0,300,auto,0.0,0.0
698,COMPUTE,299.0,925.0,43.0,56.0,57.0,1430,auto,100.0,53.0
699,COMPUTE,364.0,912.0,44.0,57.0,57.0,1430,auto,100.0,36.0
700,COMPUTE,42.0,668.0,42.0,47.0,52.0,300,auto,0.0,0.0
701,COMPUTE,42.0,793.0,42.0,47.0,51.0,300,auto,0.0,0.0
702,COMPUTE,307.0,881.0,43.0,54.0,55.0,1472,auto,96.0,39.0
703,COMPUTE,210.0,906.0,41.0,44.0,48.0,1502,auto,61.0,13.0
704,COMPUTE,39.0,900.0,40.0,44.0,49.0,300,auto,0.0,0.0
705,COMPUTE,40.0,668.0,41.0,45.0,48.0,300,auto,0.0,0.0
706,COMPUTE,310.0,856.0,43.0,55.0,55.0,1430,auto,99.0,53.0
707,COMPUTE,315.0,900.0,43.0,57.0,56.0,1472,auto,94.0,52.0
708,COMPUTE,43.0,668.0,43.0,51.0,53.0,300,auto,0.0,0.0
709,COMPUTE,40.0,881.0,42.0,54.0,55.0,300,auto,0.0,0.0
710,COMPUTE,264.0,881.0,43.0,56.0,54.0,1502,auto,88.0,45.0
711,COMPUTE,211.0,887.0,44.0,57.0,54.0,1502,auto,82.0,20.0
712,COMPUTE,241.0,906.0,43.0,58.0,54.0,1502,auto,87.0,24.0
713,COMPUTE,326.0,931.0,44.0,57.0,55.0,1472,auto,94.0,43.0
714,COMPUTE,319.0,918.0,44.0,57.0,55.0,1472,auto,94.0,36.0
715,COMPUTE,87.0,906.0,44.0,57.0,56.0,1502,auto,50.0,14.0
716,COMPUTE,302.0,925.0,44.0,58.0,56.0,1472,auto,89.0,24.0
717,COMPUTE,288.0,912.0,44.0,58.0,56.0,1502,auto,92.0,26.0
718,COMPUTE,245.0,937.0,44.0,58.0,56.0,1502,auto,83.0,36.0
719,COMPUTE,294.0,906.0,44.0,58.0,56.0,1472,auto,91.0,32.0
720,COMPUTE,215.0,875.0,44.0,58.0,55.0,1502,auto,82.0,28.0
721,COMPUTE,305.0,906.0,45.0,58.0,56.0,1472,auto,95.0,27.0
722,COMPUTE,323.0,887.0,45.0,58.0,56.0,1472,auto,94.0,44.0
723,COMPUTE,321.0,893.0,45.0,59.0,56.0,1472,auto,91.0,40.0
724,COMPUTE,318.0,900.0,45.0,58.0,56.0,1472,auto,93.0,36.0
725,COMPUTE,241.0,925.0,45.0,58.0,56.0,1502,auto,85.0,33.0
726,COMPUTE,287.0,906.0,45.0,58.0,56.0,1502,auto,85.0,36.0
727,BOOTUP DEFAULT,268.0,893.0,45.0,59.0,56.0,1502,auto,87.0,30.0
728,BOOTUP DEFAULT,322.0,893.0,45.0,59.0,57.0,1472,auto,91.0,36.0
729,BOOTUP DEFAULT,299.0,893.0,45.0,59.0,56.0,1472,auto,89.0,27.0
730,BOOTUP DEFAULT,282.0,893.0,45.0,58.0,55.0,1502,auto,89.0,29.0
731,BOOTUP DEFAULT,271.0,906.0,45.0,59.0,57.0,1502,auto,86.0,31.0
732,BOOTUP DEFAULT,316.0,906.0,45.0,59.0,57.0,1472,auto,89.0,32.0
733,BOOTUP DEFAULT,343.0,893.0,45.0,59.0,56.0,1472,auto,91.0,40.0
734,BOOTUP DEFAULT,321.0,887.0,45.0,59.0,57.0,1472,auto,95.0,33.0
735,BOOTUP DEFAULT,257.0,925.0,46.0,59.0,56.0,1502,auto,88.0,42.0
736,BOOTUP DEFAULT,40.0,668.0,42.0,46.0,49.0,300,auto,0.0,0.0
737,BOOTUP DEFAULT,39.0,662.0,41.0,44.0,48.0,300,auto,0.0,0.0
738,BOOTUP DEFAULT,39.0,668.0,40.0,44.0,47.0,300,auto,0.0,0.0
739,BOOTUP DEFAULT,45.0,662.0,40.0,43.0,46.0,300,auto,0.0,2.0
