index,power_profile,power_usage,voltage,edge_temperature,junction_temperature,memory_temperature,sclk,performance,gpu_usage,memory_usage
0,COMPUTE,39.0,662.0,36.0,40.0,43.0,300,manual,0.0,0.0
1,COMPUTE,39.0,662.0,36.0,39.0,42.0,300,manual,0.0,0.0
2,COMPUTE,39.0,668.0,36.0,39.0,42.0,300,manual,0.0,0.0
3,COMPUTE,39.0,662.0,36.0,39.0,42.0,300,manual,0.0,0.0
4,COMPUTE,39.0,668.0,36.0,39.0,43.0,300,manual,0.0,0.0
5,COMPUTE,39.0,662.0,35.0,39.0,42.0,300,manual,0.0,0.0
6,COMPUTE,39.0,662.0,35.0,39.0,41.0,300,manual,0.0,0.0
7,COMPUTE,39.0,662.0,35.0,39.0,41.0,300,manual,0.0,0.0
8,COMPUTE,39.0,662.0,35.0,38.0,41.0,300,manual,0.0,0.0
9,COMPUTE,39.0,668.0,35.0,38.0,42.0,300,manual,0.0,0.0
10,COMPUTE,39.0,668.0,34.0,38.0,41.0,300,manual,0.0,0.0
11,COMPUTE,39.0,668.0,34.0,38.0,41.0,300,manual,0.0,0.0
12,COMPUTE,39.0,662.0,34.0,37.0,40.0,300,manual,0.0,0.0
13,COMPUTE,50.0,668.0,34.0,38.0,40.0,300,manual,3.0,0.0
14,COMPUTE,39.0,668.0,33.0,38.0,40.0,300,manual,0.0,0.0
15,COMPUTE,39.0,662.0,33.0,37.0,40.0,300,manual,0.0,0.0
16,COMPUTE,39.0,662.0,33.0,37.0,41.0,300,manual,0.0,0.0
17,COMPUTE,75.0,668.0,33.0,37.0,41.0,1502,manual,6.0,0.0
18,COMPUTE,38.0,668.0,33.0,36.0,40.0,300,manual,0.0,0.0
19,COMPUTE,82.0,662.0,32.0,36.0,39.0,1502,manual,3.0,0.0
20,COMPUTE,39.0,668.0,33.0,37.0,39.0,300,manual,0.0,0.0
21,COMPUTE,39.0,925.0,32.0,36.0,39.0,300,manual,0.0,0.0
22,COMPUTE,54.0,662.0,32.0,36.0,39.0,300,manual,2.0,0.0
23,COMPUTE,39.0,668.0,32.0,36.0,40.0,300,manual,0.0,0.0
24,COMPUTE,39.0,662.0,32.0,36.0,39.0,300,manual,0.0,0.0
25,COMPUTE,39.0,662.0,32.0,36.0,40.0,300,manual,0.0,0.0
26,COMPUTE,38.0,662.0,31.0,36.0,39.0,300,manual,0.0,0.0
27,COMPUTE,39.0,662.0,31.0,36.0,38.0,300,manual,0.0,0.0
28,COMPUTE,39.0,662.0,31.0,35.0,38.0,300,manual,0.0,0.0
29,COMPUTE,39.0,668.0,31.0,35.0,38.0,300,manual,0.0,0.0
30,COMPUTE,39.0,668.0,31.0,35.0,38.0,300,manual,0.0,0.0
31,COMPUTE,39.0,662.0,31.0,35.0,39.0,300,manual,0.0,0.0
32,COMPUTE,39.0,662.0,31.0,35.0,38.0,300,manual,0.0,0.0
33,COMPUTE,38.0,662.0,31.0,35.0,38.0,300,manual,0.0,0.0
34,COMPUTE,39.0,662.0,31.0,34.0,37.0,300,manual,0.0,0.0
35,COMPUTE,39.0,662.0,31.0,34.0,37.0,300,manual,0.0,0.0
36,COMPUTE,39.0,662.0,30.0,34.0,37.0,300,manual,0.0,0.0
37,COMPUTE,38.0,668.0,30.0,34.0,37.0,300,manual,0.0,0.0
38,COMPUTE,39.0,675.0,30.0,34.0,38.0,300,manual,0.0,0.0
39,COMPUTE,39.0,668.0,30.0,34.0,37.0,300,manual,0.0,0.0
40,COMPUTE,38.0,668.0,30.0,34.0,37.0,300,manual,0.0,0.0
41,COMPUTE,39.0,662.0,30.0,34.0,37.0,300,manual,0.0,0.0
42,COMPUTE,39.0,662.0,30.0,34.0,38.0,300,manual,0.0,0.0
43,COMPUTE,38.0,668.0,30.0,33.0,37.0,300,manual,0.0,0.0
44,COMPUTE,38.0,662.0,30.0,33.0,36.0,300,manual,0.0,0.0
45,COMPUTE,37.0,668.0,30.0,33.0,36.0,300,manual,0.0,0.0
46,COMPUTE,38.0,662.0,29.0,33.0,36.0,300,manual,0.0,0.0
47,COMPUTE,38.0,668.0,29.0,33.0,36.0,300,manual,0.0,0.0
48,COMPUTE,37.0,662.0,29.0,33.0,36.0,300,manual,0.0,0.0
49,COMPUTE,38.0,662.0,29.0,33.0,36.0,300,manual,0.0,0.0
50,COMPUTE,38.0,662.0,29.0,33.0,36.0,300,manual,0.0,0.0
51,COMPUTE,38.0,662.0,29.0,33.0,36.0,300,manual,0.0,0.0
52,COMPUTE,38.0,675.0,28.0,33.0,36.0,300,manual,0.0,0.0
53,COMPUTE,38.0,662.0,29.0,32.0,36.0,300,manual,0.0,0.0
54,COMPUTE,38.0,662.0,29.0,32.0,37.0,300,manual,0.0,0.0
55,COMPUTE,37.0,662.0,28.0,32.0,36.0,300,manual,0.0,0.0
56,COMPUTE,49.0,662.0,29.0,32.0,35.0,300,manual,2.0,0.0
57,COMPUTE,39.0,662.0,28.0,32.0,36.0,300,manual,0.0,0.0
58,COMPUTE,37.0,668.0,29.0,33.0,37.0,300,manual,0.0,0.0
59,COMPUTE,37.0,675.0,29.0,32.0,37.0,300,manual,0.0,0.0
60,COMPUTE,38.0,662.0,28.0,32.0,36.0,300,manual,0.0,0.0
61,COMPUTE,36.0,662.0,28.0,32.0,36.0,300,manual,0.0,0.0
62,COMPUTE,37.0,662.0,28.0,32.0,36.0,300,manual,0.0,0.0
63,COMPUTE,37.0,668.0,28.0,32.0,36.0,300,manual,0.0,0.0
64,COMPUTE,38.0,662.0,28.0,32.0,36.0,300,manual,14.0,3.0
65,COMPUTE,38.0,662.0,28.0,33.0,37.0,300,manual,3.0,0.0
66,COMPUTE,39.0,662.0,28.0,32.0,36.0,300,manual,0.0,0.0
67,COMPUTE,38.0,675.0,28.0,32.0,36.0,300,manual,0.0,0.0
68,COMPUTE,39.0,662.0,28.0,32.0,37.0,300,manual,2.0,0.0
69,COMPUTE,38.0,668.0,28.0,32.0,36.0,300,manual,0.0,0.0
70,COMPUTE,251.0,668.0,28.0,32.0,36.0,1502,manual,60.0,11.0
71,COMPUTE,36.0,668.0,28.0,31.0,36.0,300,manual,0.0,0.0
72,COMPUTE,39.0,662.0,28.0,32.0,36.0,300,manual,0.0,0.0
73,COMPUTE,39.0,893.0,29.0,38.0,41.0,300,manual,0.0,0.0
74,COMPUTE,38.0,906.0,29.0,33.0,37.0,300,manual,0.0,0.0
75,COMPUTE,38.0,906.0,30.0,34.0,38.0,300,manual,0.0,0.0
76,COMPUTE,39.0,668.0,30.0,34.0,39.0,300,manual,0.0,0.0
77,COMPUTE,39.0,668.0,30.0,35.0,40.0,300,manual,0.0,0.0
78,COMPUTE,39.0,668.0,31.0,36.0,40.0,300,manual,0.0,0.0
79,COMPUTE,39.0,668.0,31.0,38.0,42.0,300,manual,0.0,0.0
80,COMPUTE,39.0,662.0,32.0,43.0,44.0,300,manual,0.0,0.0
81,COMPUTE,292.0,668.0,32.0,44.0,45.0,1472,manual,100.0,44.0
82,COMPUTE,291.0,662.0,33.0,44.0,45.0,1472,manual,100.0,43.0
83,COMPUTE,255.0,906.0,32.0,43.0,45.0,1502,manual,99.0,32.0
84,COMPUTE,203.0,893.0,32.0,40.0,43.0,1502,manual,88.0,35.0
85,COMPUTE,317.0,893.0,31.0,38.0,42.0,1472,manual,91.0,41.0
86,COMPUTE,208.0,850.0,31.0,35.0,40.0,1502,manual,80.0,23.0
87,COMPUTE,39.0,893.0,31.0,35.0,40.0,300,manual,0.0,0.0
88,COMPUTE,39.0,912.0,31.0,36.0,39.0,300,manual,0.0,0.0
89,COMPUTE,39.0,918.0,31.0,36.0,40.0,300,manual,0.0,0.0
90,COMPUTE,39.0,662.0,32.0,36.0,41.0,300,manual,0.0,0.0
91,COMPUTE,149.0,875.0,34.0,47.0,47.0,1502,manual,86.0,28.0
92,COMPUTE,300.0,906.0,33.0,41.0,44.0,1472,manual,96.0,43.0
93,COMPUTE,304.0,912.0,32.0,39.0,43.0,1472,manual,93.0,51.0
94,COMPUTE,313.0,893.0,32.0,37.0,41.0,1502,manual,86.0,46.0
95,COMPUTE,39.0,893.0,32.0,36.0,41.0,300,manual,0.0,0.0
96,COMPUTE,39.0,893.0,33.0,37.0,41.0,300,manual,0.0,0.0
97,COMPUTE,39.0,662.0,32.0,37.0,41.0,300,manual,0.0,0.0
98,COMPUTE,39.0,662.0,33.0,37.0,42.0,300,manual,0.0,0.0
99,COMPUTE,39.0,662.0,33.0,38.0,42.0,300,manual,0.0,0.0
100,COMPUTE,39.0,662.0,33.0,39.0,43.0,300,manual,0.0,0.0
101,COMPUTE,39.0,662.0,33.0,41.0,44.0,300,manual,0.0,0.0
102,COMPUTE,39.0,662.0,34.0,44.0,46.0,300,manual,0.0,0.0
103,COMPUTE,324.0,662.0,35.0,46.0,48.0,1430,manual,100.0,39.0
104,COMPUTE,350.0,662.0,34.0,46.0,47.0,1430,manual,100.0,41.0
105,COMPUTE,278.0,893.0,34.0,45.0,47.0,1472,manual,100.0,42.0
106,COMPUTE,255.0,875.0,34.0,45.0,46.0,1502,manual,99.0,38.0
107,COMPUTE,318.0,887.0,34.0,43.0,46.0,1472,manual,96.0,38.0
108,COMPUTE,209.0,887.0,34.0,41.0,45.0,1502,manual,84.0,40.0
109,COMPUTE,39.0,675.0,35.0,47.0,47.0,300,manual,0.0,0.0
110,COMPUTE,268.0,662.0,35.0,47.0,49.0,1472,manual,100.0,58.0
111,COMPUTE,298.0,662.0,35.0,47.0,49.0,1472,manual,100.0,49.0
112,COMPUTE,262.0,900.0,35.0,47.0,48.0,1472,manual,100.0,53.0
113,COMPUTE,286.0,856.0,34.0,45.0,47.0,1472,manual,100.0,41.0
114,COMPUTE,208.0,881.0,34.0,44.0,46.0,1502,manual,83.0,26.0
115,COMPUTE,308.0,893.0,34.0,42.0,44.0,1472,manual,94.0,50.0
116,COMPUTE,224.0,893.0,33.0,40.0,43.0,1502,manual,86.0,30.0
117,COMPUTE,280.0,906.0,33.0,39.0,43.0,1502,manual,89.0,39.0
118,COMPUTE,39.0,900.0,34.0,38.0,42.0,300,manual,0.0,0.0
119,COMPUTE,39.0,893.0,33.0,38.0,42.0,300,manual,0.0,0.0
120,COMPUTE,39.0,668.0,34.0,38.0,41.0,300,manual,0.0,0.0
121,COMPUTE,39.0,668.0,34.0,39.0,42.0,300,manual,0.0,0.0
122,COMPUTE,39.0,662.0,34.0,40.0,43.0,300,manual,0.0,0.0
123,COMPUTE,39.0,662.0,35.0,41.0,44.0,300,manual,0.0,0.0
124,COMPUTE,305.0,900.0,36.0,48.0,49.0,1472,manual,93.0,41.0
125,COMPUTE,76.0,893.0,34.0,38.0,42.0,1502,manual,19.0,4.0
126,COMPUTE,39.0,881.0,34.0,38.0,42.0,300,manual,0.0,0.0
127,COMPUTE,39.0,912.0,34.0,38.0,43.0,300,manual,0.0,0.0
128,COMPUTE,39.0,668.0,34.0,39.0,43.0,300,manual,0.0,0.0
129,COMPUTE,39.0,662.0,34.0,40.0,43.0,300,manual,1.0,0.0
130,COMPUTE,39.0,662.0,35.0,40.0,44.0,300,manual,0.0,0.0
131,COMPUTE,301.0,912.0,37.0,49.0,49.0,1472,manual,97.0,47.0
132,COMPUTE,39.0,662.0,37.0,50.0,50.0,300,manual,0.0,0.0
133,COMPUTE,277.0,662.0,37.0,49.0,50.0,1430,manual,100.0,36.0
134,COMPUTE,251.0,668.0,37.0,48.0,49.0,1502,manual,100.0,49.0
135,COMPUTE,354.0,868.0,36.0,47.0,49.0,1472,manual,100.0,54.0
136,COMPUTE,272.0,875.0,36.0,46.0,47.0,1502,manual,99.0,43.0
137,COMPUTE,232.0,875.0,35.0,44.0,47.0,1502,manual,88.0,45.0
138,COMPUTE,287.0,906.0,35.0,43.0,46.0,1502,manual,94.0,40.0
139,COMPUTE,307.0,912.0,33.0,41.0,44.0,1472,manual,95.0,27.0
140,COMPUTE,39.0,906.0,34.0,38.0,42.0,300,manual,0.0,0.0
141,COMPUTE,39.0,937.0,34.0,39.0,43.0,300,manual,0.0,0.0
142,COMPUTE,39.0,918.0,34.0,39.0,43.0,300,manual,0.0,0.0
143,COMPUTE,232.0,850.0,37.0,50.0,50.0,1472,manual,100.0,50.0
144,COMPUTE,268.0,887.0,37.0,47.0,48.0,1472,manual,99.0,36.0
145,COMPUTE,307.0,862.0,36.0,44.0,47.0,1472,manual,97.0,38.0
146,COMPUTE,323.0,893.0,35.0,42.0,45.0,1472,manual,93.0,48.0
147,COMPUTE,315.0,893.0,34.0,40.0,43.0,1472,manual,96.0,29.0
148,COMPUTE,39.0,887.0,34.0,39.0,42.0,300,manual,0.0,0.0
149,COMPUTE,39.0,906.0,35.0,39.0,43.0,300,manual,0.0,0.0
150,COMPUTE,39.0,906.0,35.0,39.0,43.0,300,manual,0.0,0.0
151,COMPUTE,39.0,662.0,35.0,40.0,43.0,300,manual,0.0,0.0
152,COMPUTE,276.0,856.0,38.0,50.0,50.0,1502,manual,98.0,38.0
153,COMPUTE,265.0,906.0,36.0,46.0,48.0,1502,manual,89.0,42.0
154,COMPUTE,310.0,893.0,36.0,43.0,46.0,1472,manual,97.0,45.0
155,COMPUTE,323.0,875.0,35.0,40.0,44.0,1472,manual,92.0,26.0
156,COMPUTE,39.0,893.0,35.0,39.0,43.0,300,manual,0.0,0.0
157,COMPUTE,39.0,893.0,35.0,39.0,43.0,300,manual,0.0,0.0
158,COMPUTE,39.0,662.0,34.0,40.0,44.0,300,manual,0.0,0.0
159,COMPUTE,39.0,662.0,35.0,40.0,44.0,300,manual,0.0,0.0
160,COMPUTE,127.0,893.0,37.0,50.0,50.0,1502,manual,81.0,26.0
161,COMPUTE,203.0,906.0,36.0,46.0,48.0,1502,manual,88.0,40.0
162,COMPUTE,277.0,893.0,35.0,43.0,46.0,1502,manual,85.0,42.0
163,COMPUTE,325.0,906.0,35.0,40.0,45.0,1472,manual,90.0,30.0
164,COMPUTE,39.0,906.0,35.0,39.0,42.0,300,manual,0.0,0.0
165,COMPUTE,39.0,887.0,35.0,39.0,43.0,300,manual,0.0,0.0
166,COMPUTE,39.0,912.0,35.0,40.0,44.0,300,manual,0.0,0.0
167,COMPUTE,39.0,662.0,35.0,41.0,43.0,300,manual,0.0,0.0
168,COMPUTE,39.0,662.0,36.0,41.0,45.0,300,manual,0.0,0.0
169,COMPUTE,39.0,662.0,36.0,42.0,45.0,300,manual,0.0,0.0
170,COMPUTE,39.0,662.0,36.0,43.0,46.0,300,manual,0.0,0.0
171,COMPUTE,39.0,662.0,36.0,45.0,46.0,300,manual,0.0,0.0
172,COMPUTE,266.0,668.0,38.0,49.0,50.0,1430,manual,100.0,36.0
173,COMPUTE,344.0,662.0,37.0,49.0,51.0,1430,manual,100.0,46.0
174,COMPUTE,258.0,818.0,37.0,49.0,50.0,1430,manual,100.0,39.0
175,COMPUTE,346.0,893.0,37.0,48.0,49.0,1430,manual,100.0,46.0
176,COMPUTE,238.0,862.0,37.0,47.0,48.0,1502,manual,99.0,49.0
177,COMPUTE,299.0,893.0,37.0,45.0,48.0,1472,manual,97.0,29.0
178,COMPUTE,255.0,881.0,36.0,44.0,47.0,1502,manual,87.0,41.0
179,COMPUTE,238.0,906.0,35.0,42.0,45.0,1502,manual,89.0,48.0
180,COMPUTE,177.0,912.0,35.0,39.0,44.0,1502,manual,74.0,38.0
181,COMPUTE,296.0,668.0,38.0,51.0,52.0,1472,manual,100.0,51.0
182,COMPUTE,283.0,662.0,38.0,49.0,51.0,1472,manual,100.0,56.0
183,COMPUTE,283.0,906.0,37.0,48.0,50.0,1472,manual,100.0,48.0
184,COMPUTE,265.0,875.0,37.0,47.0,48.0,1502,manual,99.0,40.0
185,COMPUTE,309.0,881.0,39.0,52.0,51.0,1472,manual,94.0,42.0
186,COMPUTE,222.0,906.0,39.0,53.0,52.0,1502,manual,90.0,33.0
187,COMPUTE,242.0,887.0,36.0,41.0,45.0,1502,manual,88.0,29.0
188,COMPUTE,295.0,862.0,39.0,52.0,53.0,1430,manual,100.0,51.0
189,COMPUTE,39.0,906.0,36.0,41.0,45.0,300,manual,0.0,0.0
190,COMPUTE,39.0,937.0,36.0,41.0,45.0,300,manual,0.0,0.0
191,COMPUTE,39.0,668.0,37.0,41.0,45.0,300,manual,0.0,0.0
192,COMPUTE,39.0,668.0,37.0,42.0,45.0,300,manual,0.0,0.0
193,COMPUTE,39.0,662.0,37.0,42.0,46.0,300,manual,0.0,0.0
194,COMPUTE,39.0,675.0,37.0,44.0,47.0,300,manual,0.0,0.0
195,COMPUTE,39.0,675.0,38.0,49.0,49.0,300,manual,0.0,0.0
196,COMPUTE,283.0,893.0,38.0,50.0,52.0,1472,manual,100.0,42.0
197,COMPUTE,39.0,662.0,36.0,41.0,44.0,300,manual,0.0,0.0
198,COMPUTE,39.0,668.0,35.0,39.0,42.0,300,manual,0.0,0.0
199,COMPUTE,39.0,662.0,34.0,38.0,41.0,300,manual,0.0,0.0
200,COMPUTE,39.0,668.0,34.0,38.0,42.0,300,manual,0.0,0.0
201,COMPUTE,39.0,668.0,34.0,37.0,40.0,300,manual,0.0,0.0
202,COMPUTE,303.0,900.0,35.0,43.0,45.0,1472,manual,90.0,29.0
203,COMPUTE,229.0,881.0,38.0,51.0,49.0,1502,manual,84.0,27.0
204,COMPUTE,302.0,875.0,38.0,52.0,50.0,1472,manual,89.0,24.0
205,COMPUTE,321.0,925.0,39.0,53.0,51.0,1472,manual,91.0,31.0
206,COMPUTE,286.0,881.0,39.0,52.0,51.0,1502,manual,91.0,28.0
207,COMPUTE,326.0,875.0,40.0,54.0,51.0,1502,manual,79.0,34.0
208,COMPUTE,299.0,900.0,40.0,53.0,51.0,1472,manual,96.0,34.0
209,COMPUTE,255.0,912.0,40.0,54.0,52.0,1502,manual,91.0,45.0
210,COMPUTE,300.0,881.0,40.0,54.0,52.0,1472,manual,94.0,35.0
211,COMPUTE,328.0,931.0,40.0,54.0,52.0,1472,manual,91.0,26.0
212,COMPUTE,286.0,893.0,40.0,54.0,51.0,1502,manual,90.0,42.0
213,COMPUTE,90.0,906.0,40.0,54.0,51.0,1502,manual,54.0,4.0
214,COMPUTE,242.0,918.0,41.0,55.0,51.0,1502,manual,86.0,30.0
215,COMPUTE,251.0,906.0,41.0,55.0,53.0,1502,manual,87.0,26.0
216,COMPUTE,277.0,925.0,41.0,55.0,53.0,1472,manual,91.0,28.0
217,COMPUTE,285.0,906.0,41.0,55.0,53.0,1502,manual,82.0,22.0
218,COMPUTE,320.0,906.0,42.0,55.0,53.0,1502,manual,87.0,23.0
219,COMPUTE,272.0,906.0,42.0,55.0,53.0,1502,manual,91.0,28.0
220,COMPUTE,204.0,937.0,42.0,55.0,53.0,1502,manual,90.0,35.0
221,COMPUTE,248.0,887.0,42.0,55.0,54.0,1502,manual,87.0,34.0
222,COMPUTE,309.0,912.0,42.0,55.0,54.0,1472,manual,89.0,34.0
223,COMPUTE,313.0,925.0,42.0,56.0,53.0,1472,manual,95.0,36.0
224,COMPUTE,329.0,900.0,42.0,56.0,54.0,1472,manual,89.0,39.0
225,COMPUTE,279.0,912.0,42.0,56.0,54.0,1472,manual,90.0,27.0
226,COMPUTE,274.0,906.0,42.0,56.0,54.0,1502,manual,85.0,25.0
227,COMPUTE,246.0,893.0,42.0,56.0,54.0,1502,manual,88.0,44.0
228,COMPUTE,39.0,925.0,41.0,46.0,49.0,300,manual,0.0,0.0
229,COMPUTE,39.0,906.0,40.0,44.0,48.0,300,manual,0.0,0.0
230,COMPUTE,39.0,662.0,40.0,44.0,48.0,300,manual,0.0,0.0
231,COMPUTE,54.0,668.0,40.0,45.0,48.0,300,manual,2.0,0.0
232,COMPUTE,39.0,662.0,40.0,45.0,49.0,300,manual,0.0,0.0
233,COMPUTE,41.0,925.0,40.0,48.0,50.0,300,manual,0.0,0.0
234,COMPUTE,318.0,893.0,41.0,53.0,53.0,1472,manual,94.0,40.0
235,COMPUTE,39.0,906.0,39.0,43.0,47.0,300,manual,0.0,0.0
236,COMPUTE,39.0,893.0,39.0,43.0,46.0,300,manual,0.0,0.0
237,COMPUTE,39.0,662.0,39.0,44.0,46.0,300,manual,0.0,0.0
238,COMPUTE,39.0,668.0,39.0,44.0,46.0,300,manual,0.0,0.0
239,COMPUTE,157.0,881.0,42.0,54.0,53.0,1502,manual,94.0,32.0
240,COMPUTE,230.0,893.0,39.0,48.0,51.0,1502,manual,89.0,38.0
241,COMPUTE,42.0,662.0,41.0,50.0,52.0,300,manual,0.0,0.0
242,COMPUTE,290.0,662.0,41.0,53.0,54.0,1404,manual,100.0,45.0
243,COMPUTE,313.0,662.0,41.0,52.0,53.0,1472,manual,100.0,56.0
244,COMPUTE,234.0,881.0,40.0,51.0,52.0,1472,manual,100.0,53.0
245,COMPUTE,275.0,875.0,39.0,50.0,51.0,1472,manual,91.0,34.0
246,COMPUTE,314.0,875.0,39.0,47.0,50.0,1472,manual,94.0,39.0
247,COMPUTE,298.0,925.0,39.0,45.0,48.0,1502,manual,92.0,41.0
248,COMPUTE,296.0,868.0,41.0,55.0,55.0,1472,manual,100.0,42.0
249,COMPUTE,39.0,906.0,39.0,43.0,47.0,300,manual,0.0,0.0
250,COMPUTE,39.0,893.0,38.0,43.0,47.0,300,manual,0.0,0.0
251,COMPUTE,39.0,662.0,39.0,43.0,47.0,300,manual,0.0,0.0
252,COMPUTE,40.0,668.0,38.0,43.0,47.0,300,manual,0.0,0.0
253,COMPUTE,306.0,862.0,41.0,54.0,53.0,1472,manual,99.0,40.0
254,COMPUTE,207.0,893.0,40.0,49.0,51.0,1502,manual,92.0,41.0
255,COMPUTE,329.0,887.0,39.0,46.0,49.0,1502,manual,93.0,26.0
256,COMPUTE,239.0,893.0,38.0,42.0,45.0,1502,manual,77.0,10.0
257,COMPUTE,39.0,906.0,38.0,42.0,45.0,300,manual,0.0,0.0
258,COMPUTE,39.0,912.0,38.0,42.0,45.0,300,manual,0.0,0.0
259,COMPUTE,39.0,668.0,38.0,43.0,46.0,300,manual,0.0,0.0
260,COMPUTE,329.0,875.0,41.0,54.0,53.0,1430,manual,99.0,43.0
261,COMPUTE,311.0,881.0,40.0,50.0,50.0,1472,manual,96.0,54.0
262,COMPUTE,41.0,662.0,40.0,45.0,49.0,300,manual,0.0,0.0
263,COMPUTE,41.0,925.0,40.0,46.0,49.0,300,manual,0.0,0.0
264,COMPUTE,41.0,668.0,40.0,50.0,51.0,300,manual,0.0,0.0
265,COMPUTE,329.0,662.0,41.0,52.0,54.0,1430,manual,100.0,46.0
266,COMPUTE,256.0,668.0,41.0,52.0,53.0,1472,manual,100.0,39.0
267,COMPUTE,295.0,662.0,40.0,51.0,53.0,1472,manual,100.0,42.0
268,COMPUTE,344.0,893.0,40.0,51.0,52.0,1430,manual,100.0,39.0
269,COMPUTE,323.0,862.0,39.0,49.0,50.0,1472,manual,93.0,32.0
270,COMPUTE,41.0,662.0,40.0,46.0,49.0,300,manual,0.0,0.0
271,COMPUTE,247.0,906.0,40.0,53.0,53.0,1502,manual,87.0,34.0
272,COMPUTE,43.0,662.0,41.0,55.0,55.0,300,manual,4.0,0.0
273,COMPUTE,275.0,662.0,41.0,52.0,54.0,1472,manual,100.0,44.0
274,COMPUTE,259.0,925.0,40.0,52.0,53.0,1472,manual,100.0,35.0
275,COMPUTE,39.0,662.0,39.0,43.0,47.0,300,manual,0.0,0.0
276,COMPUTE,39.0,662.0,38.0,44.0,48.0,300,manual,0.0,0.0
277,COMPUTE,39.0,662.0,39.0,45.0,48.0,300,manual,0.0,0.0
278,COMPUTE,41.0,662.0,40.0,48.0,49.0,300,manual,0.0,0.0
279,COMPUTE,43.0,668.0,40.0,53.0,53.0,300,manual,0.0,0.0
280,COMPUTE,271.0,662.0,40.0,52.0,53.0,1472,manual,100.0,44.0
281,COMPUTE,260.0,893.0,40.0,51.0,52.0,1472,manual,100.0,37.0
282,COMPUTE,302.0,875.0,39.0,50.0,51.0,1502,manual,99.0,40.0
283,COMPUTE,237.0,850.0,39.0,49.0,49.0,1502,manual,89.0,29.0
284,COMPUTE,236.0,906.0,39.0,46.0,48.0,1502,manual,95.0,37.0
285,COMPUTE,209.0,906.0,38.0,44.0,46.0,1502,manual,82.0,26.0
286,COMPUTE,39.0,900.0,37.0,42.0,44.0,300,manual,0.0,11.0
287,COMPUTE,39.0,912.0,37.0,42.0,46.0,300,manual,0.0,0.0
288,COMPUTE,39.0,668.0,38.0,42.0,45.0,300,manual,0.0,0.0
289,COMPUTE,39.0,662.0,38.0,43.0,46.0,300,manual,0.0,0.0
290,COMPUTE,40.0,662.0,38.0,43.0,46.0,300,manual,0.0,0.0
291,COMPUTE,39.0,662.0,38.0,44.0,47.0,300,manual,0.0,0.0
292,COMPUTE,40.0,668.0,39.0,48.0,49.0,300,manual,0.0,0.0
293,COMPUTE,44.0,662.0,40.0,52.0,53.0,300,manual,18.0,3.0
294,COMPUTE,289.0,662.0,39.0,51.0,53.0,1472,manual,100.0,38.0
295,COMPUTE,259.0,893.0,40.0,50.0,52.0,1472,manual,100.0,55.0
296,COMPUTE,277.0,893.0,40.0,54.0,54.0,1472,manual,99.0,40.0
297,COMPUTE,242.0,862.0,41.0,55.0,54.0,1502,manual,84.0,46.0
298,COMPUTE,41.0,662.0,40.0,49.0,51.0,300,manual,0.0,0.0
299,COMPUTE,42.0,662.0,40.0,50.0,52.0,300,manual,0.0,0.0
300,COMPUTE,292.0,912.0,40.0,52.0,53.0,1472,manual,100.0,40.0
301,COMPUTE,39.0,912.0,38.0,43.0,47.0,300,manual,0.0,0.0
302,COMPUTE,361.0,893.0,41.0,54.0,54.0,1430,manual,100.0,38.0
303,COMPUTE,267.0,875.0,40.0,50.0,51.0,1502,manual,99.0,41.0
304,COMPUTE,301.0,868.0,39.0,48.0,49.0,1472,manual,97.0,48.0
305,COMPUTE,282.0,912.0,41.0,54.0,53.0,1502,manual,86.0,21.0
306,COMPUTE,259.0,906.0,38.0,45.0,48.0,1502,manual,90.0,30.0
307,COMPUTE,39.0,881.0,38.0,42.0,45.0,300,manual,0.0,13.0
308,COMPUTE,247.0,662.0,41.0,54.0,54.0,1430,manual,100.0,39.0
309,COMPUTE,309.0,881.0,40.0,52.0,52.0,1472,manual,100.0,32.0
310,COMPUTE,244.0,912.0,40.0,50.0,52.0,1472,manual,99.0,38.0
311,COMPUTE,241.0,893.0,41.0,54.0,54.0,1502,manual,92.0,43.0
312,COMPUTE,302.0,925.0,39.0,47.0,50.0,1472,manual,95.0,47.0
313,COMPUTE,313.0,906.0,38.0,44.0,47.0,1472,manual,89.0,33.0
314,COMPUTE,39.0,893.0,38.0,42.0,46.0,300,manual,0.0,0.0
315,COMPUTE,39.0,925.0,38.0,42.0,46.0,300,manual,0.0,0.0
316,COMPUTE,39.0,662.0,38.0,43.0,46.0,300,manual,0.0,0.0
317,COMPUTE,39.0,662.0,38.0,43.0,47.0,300,manual,0.0,0.0
318,COMPUTE,39.0,662.0,39.0,43.0,47.0,300,manual,0.0,0.0
319,COMPUTE,39.0,925.0,39.0,45.0,48.0,300,manual,0.0,0.0
320,COMPUTE,40.0,662.0,40.0,50.0,50.0,300,manual,0.0,0.0
321,COMPUTE,280.0,662.0,40.0,52.0,53.0,1472,manual,100.0,56.0
322,COMPUTE,286.0,662.0,40.0,52.0,52.0,1430,manual,100.0,35.0
323,COMPUTE,334.0,912.0,39.0,50.0,51.0,1430,manual,100.0,53.0
324,COMPUTE,325.0,881.0,39.0,50.0,51.0,1430,manual,100.0,38.0
325,COMPUTE,225.0,900.0,39.0,49.0,50.0,1502,manual,91.0,24.0
326,COMPUTE,311.0,900.0,38.0,46.0,49.0,1472,manual,97.0,37.0
327,COMPUTE,301.0,925.0,38.0,44.0,47.0,1472,manual,95.0,50.0
328,COMPUTE,298.0,662.0,40.0,53.0,54.0,1472,manual,100.0,48.0
329,COMPUTE,285.0,662.0,40.0,51.0,52.0,1430,manual,100.0,43.0
330,COMPUTE,359.0,875.0,39.0,51.0,52.0,1430,manual,100.0,52.0
331,COMPUTE,295.0,843.0,41.0,54.0,54.0,1472,manual,100.0,39.0
332,COMPUTE,265.0,906.0,39.0,49.0,51.0,1502,manual,90.0,41.0
333,COMPUTE,298.0,893.0,41.0,54.0,54.0,1502,manual,93.0,52.0
334,COMPUTE,304.0,875.0,41.0,54.0,53.0,1472,manual,96.0,40.0
335,COMPUTE,295.0,668.0,41.0,54.0,56.0,1430,manual,100.0,46.0
336,COMPUTE,251.0,893.0,41.0,53.0,54.0,1472,manual,100.0,53.0
337,COMPUTE,39.0,668.0,39.0,43.0,47.0,300,manual,0.0,0.0
338,COMPUTE,281.0,850.0,41.0,54.0,54.0,1430,manual,100.0,53.0
339,COMPUTE,285.0,868.0,40.0,50.0,51.0,1502,manual,99.0,39.0
340,COMPUTE,302.0,912.0,40.0,48.0,50.0,1472,manual,97.0,41.0
341,COMPUTE,41.0,662.0,41.0,49.0,51.0,300,manual,0.0,0.0
342,COMPUTE,313.0,906.0,41.0,52.0,53.0,1472,manual,95.0,48.0
343,COMPUTE,202.0,906.0,41.0,53.0,53.0,1502,manual,87.0,42.0
344,COMPUTE,206.0,906.0,41.0,55.0,53.0,1502,manual,84.0,43.0
345,COMPUTE,309.0,906.0,42.0,55.0,53.0,1472,manual,89.0,29.0
346,COMPUTE,123.0,912.0,42.0,56.0,53.0,1502,manual,66.0,7.0
347,COMPUTE,287.0,912.0,42.0,56.0,54.0,1472,manual,91.0,23.0
348,COMPUTE,297.0,906.0,42.0,55.0,54.0,1472,manual,91.0,30.0
349,COMPUTE,255.0,887.0,42.0,56.0,54.0,1502,manual,88.0,38.0
350,COMPUTE,257.0,900.0,42.0,56.0,54.0,1502,manual,90.0,27.0
351,COMPUTE,193.0,918.0,42.0,56.0,54.0,1502,manual,85.0,31.0
352,COMPUTE,268.0,875.0,42.0,57.0,54.0,1472,manual,89.0,28.0
353,COMPUTE,273.0,893.0,43.0,57.0,55.0,1502,manual,88.0,35.0
354,COMPUTE,317.0,875.0,43.0,57.0,55.0,1472,manual,94.0,42.0
355,COMPUTE,238.0,937.0,42.0,56.0,54.0,1502,manual,87.0,34.0
356,COMPUTE,317.0,906.0,43.0,57.0,55.0,1502,manual,85.0,35.0
357,COMPUTE,315.0,881.0,44.0,57.0,55.0,1472,manual,95.0,44.0
358,COMPUTE,218.0,906.0,43.0,57.0,55.0,1502,manual,83.0,36.0
359,COMPUTE,254.0,912.0,43.0,57.0,55.0,1502,manual,93.0,30.0
360,COMPUTE,278.0,937.0,43.0,57.0,55.0,1472,manual,86.0,23.0
361,COMPUTE,64.0,881.0,44.0,58.0,56.0,1502,manual,35.0,10.0
362,COMPUTE,314.0,906.0,44.0,57.0,55.0,1472,manual,96.0,36.0
363,COMPUTE,238.0,925.0,43.0,58.0,56.0,1502,manual,84.0,26.0
364,COMPUTE,207.0,881.0,44.0,58.0,56.0,1502,manual,83.0,39.0
365,COMPUTE,219.0,862.0,44.0,57.0,56.0,1502,manual,89.0,44.0
366,COMPUTE,254.0,906.0,44.0,58.0,55.0,1502,manual,71.0,33.0
367,COMPUTE,323.0,912.0,44.0,58.0,56.0,1472,manual,92.0,27.0
368,COMPUTE,275.0,912.0,44.0,58.0,56.0,1472,manual,90.0,22.0
369,COMPUTE,304.0,881.0,42.0,47.0,51.0,1472,manual,96.0,35.0
370,COMPUTE,40.0,893.0,42.0,46.0,49.0,300,manual,0.0,0.0
371,COMPUTE,39.0,662.0,42.0,45.0,49.0,300,manual,0.0,0.0
372,COMPUTE,40.0,662.0,42.0,46.0,50.0,300,manual,0.0,0.0
373,COMPUTE,41.0,662.0,42.0,47.0,49.0,300,manual,0.0,0.0
374,COMPUTE,43.0,668.0,42.0,48.0,51.0,300,manual,0.0,0.0
375,COMPUTE,210.0,906.0,43.0,55.0,55.0,1502,manual,84.0,47.0
376,COMPUTE,252.0,900.0,44.0,57.0,57.0,1472,manual,100.0,51.0
377,COMPUTE,39.0,875.0,41.0,45.0,48.0,300,manual,0.0,0.0
378,COMPUTE,240.0,893.0,43.0,56.0,56.0,1472,manual,100.0,48.0
379,COMPUTE,269.0,850.0,44.0,57.0,57.0,1430,manual,100.0,49.0
380,COMPUTE,338.0,906.0,43.0,53.0,53.0,1472,manual,95.0,40.0
381,COMPUTE,305.0,906.0,44.0,57.0,57.0,1472,manual,97.0,37.0
382,COMPUTE,328.0,893.0,42.0,49.0,51.0,1472,manual,93.0,45.0
383,COMPUTE,321.0,912.0,41.0,45.0,49.0,1502,manual,83.0,44.0
384,COMPUTE,334.0,906.0,43.0,56.0,57.0,1430,manual,100.0,41.0
385,COMPUTE,40.0,925.0,41.0,46.0,50.0,300,manual,0.0,0.0
386,COMPUTE,39.0,662.0,42.0,46.0,49.0,300,manual,0.0,0.0
387,COMPUTE,309.0,875.0,43.0,56.0,55.0,1502,manual,93.0,45.0
388,COMPUTE,298.0,912.0,44.0,58.0,57.0,1472,manual,90.0,40.0
389,COMPUTE,44.0,662.0,44.0,53.0,54.0,300,manual,0.0,0.0
390,COMPUTE,44.0,668.0,44.0,56.0,57.0,300,manual,4.0,0.0
391,COMPUTE,255.0,662.0,43.0,55.0,56.0,1404,manual,100.0,52.0
392,COMPUTE,322.0,893.0,43.0,54.0,55.0,1472,manual,100.0,50.0
393,COMPUTE,40.0,668.0,42.0,46.0,50.0,300,manual,0.0,0.0
394,COMPUTE,260.0,881.0,43.0,56.0,55.0,1502,manual,92.0,54.0
395,COMPUTE,43.0,662.0,42.0,49.0,51.0,300,manual,0.0,0.0
396,COMPUTE,42.0,668.0,42.0,49.0,52.0,300,manual,0.0,0.0
397,COMPUTE,44.0,668.0,43.0,55.0,55.0,300,manual,0.0,0.0
398,COMPUTE,262.0,668.0,43.0,54.0,55.0,1472,manual,100.0,53.0
399,COMPUTE,314.0,881.0,42.0,54.0,55.0,1430,manual,100.0,52.0
400,COMPUTE,298.0,881.0,42.0,52.0,53.0,1472,manual,99.0,31.0
401,COMPUTE,224.0,881.0,43.0,57.0,56.0,1502,manual,90.0,30.0
402,COMPUTE,43.0,662.0,42.0,51.0,53.0,300,manual,0.0,0.0
403,COMPUTE,44.0,662.0,42.0,54.0,54.0,300,manual,0.0,0.0
404,COMPUTE,339.0,662.0,43.0,54.0,56.0,1430,manual,100.0,39.0
405,COMPUTE,360.0,662.0,42.0,53.0,55.0,1430,manual,100.0,42.0
406,COMPUTE,261.0,887.0,42.0,53.0,54.0,1472,manual,100.0,41.0
407,COMPUTE,41.0,662.0,41.0,46.0,50.0,300,manual,0.0,0.0
408,COMPUTE,217.0,887.0,42.0,55.0,55.0,1502,manual,87.0,38.0
409,COMPUTE,325.0,881.0,41.0,50.0,52.0,1472,manual,96.0,46.0
410,COMPUTE,243.0,912.0,40.0,48.0,50.0,1502,manual,92.0,32.0
411,COMPUTE,281.0,662.0,43.0,56.0,56.0,1430,manual,100.0,44.0
412,COMPUTE,294.0,662.0,42.0,54.0,55.0,1472,manual,100.0,42.0
413,COMPUTE,280.0,662.0,42.0,53.0,54.0,1472,manual,100.0,41.0
414,COMPUTE,237.0,881.0,42.0,52.0,54.0,1472,manual,100.0,41.0
415,COMPUTE,333.0,875.0,43.0,56.0,55.0,1430,manual,99.0,38.0
416,COMPUTE,322.0,875.0,41.0,51.0,51.0,1472,manual,93.0,42.0
417,COMPUTE,303.0,893.0,43.0,55.0,56.0,1472,manual,95.0,49.0
418,COMPUTE,44.0,662.0,43.0,56.0,56.0,300,manual,0.0,0.0
419,COMPUTE,265.0,668.0,42.0,55.0,56.0,1472,manual,100.0,44.0
420,COMPUTE,298.0,668.0,42.0,54.0,55.0,1472,manual,100.0,56.0
421,COMPUTE,280.0,881.0,42.0,53.0,54.0,1502,manual,100.0,54.0
422,COMPUTE,296.0,875.0,43.0,56.0,56.0,1472,manual,99.0,52.0
423,COMPUTE,275.0,875.0,43.0,57.0,56.0,1502,manual,86.0,41.0
424,COMPUTE,43.0,662.0,42.0,50.0,52.0,300,manual,0.0,0.0
425,COMPUTE,41.0,662.0,42.0,52.0,54.0,300,manual,0.0,0.0
426,COMPUTE,286.0,925.0,42.0,55.0,56.0,1472,manual,100.0,48.0
427,COMPUTE,280.0,918.0,43.0,56.0,56.0,1430,manual,100.0,51.0
428,COMPUTE,39.0,662.0,41.0,46.0,50.0,300,manual,0.0,0.0
429,COMPUTE,40.0,662.0,41.0,46.0,49.0,300,manual,0.0,0.0
430,COMPUTE,41.0,662.0,41.0,47.0,49.0,300,manual,0.0,0.0
431,COMPUTE,42.0,662.0,42.0,48.0,50.0,300,manual,0.0,0.0
432,COMPUTE,274.0,875.0,42.0,54.0,54.0,1472,manual,87.0,35.0
433,COMPUTE,259.0,662.0,43.0,56.0,57.0,1430,manual,100.0,51.0
434,COMPUTE,281.0,662.0,42.0,54.0,55.0,1430,manual,100.0,34.0
435,COMPUTE,235.0,875.0,42.0,53.0,54.0,1472,manual,100.0,50.0
436,COMPUTE,326.0,837.0,41.0,52.0,53.0,1472,manual,100.0,56.0
437,COMPUTE,299.0,875.0,41.0,50.0,52.0,1472,manual,95.0,49.0
438,COMPUTE,287.0,875.0,43.0,55.0,55.0,1502,manual,91.0,46.0
439,COMPUTE,207.0,906.0,40.0,46.0,50.0,1502,manual,88.0,41.0
440,COMPUTE,246.0,662.0,43.0,56.0,56.0,1502,manual,100.0,14.0
441,COMPUTE,244.0,918.0,42.0,54.0,54.0,1472,manual,100.0,38.0
442,COMPUTE,302.0,875.0,43.0,56.0,55.0,1472,manual,100.0,55.0
443,COMPUTE,40.0,668.0,41.0,46.0,50.0,300,manual,0.0,0.0
444,COMPUTE,317.0,875.0,43.0,55.0,55.0,1472,manual,98.0,39.0
445,COMPUTE,303.0,906.0,42.0,51.0,52.0,1472,manual,96.0,39.0
446,COMPUTE,302.0,918.0,43.0,56.0,56.0,1472,manual,92.0,42.0
447,COMPUTE,215.0,918.0,44.0,57.0,58.0,1502,manual,90.0,39.0
448,COMPUTE,39.0,906.0,41.0,45.0,48.0,300,manual,0.0,0.0
449,COMPUTE,276.0,906.0,43.0,56.0,57.0,1472,manual,100.0,40.0
450,COMPUTE,39.0,662.0,41.0,46.0,50.0,300,manual,0.0,0.0
451,COMPUTE,40.0,668.0,41.0,46.0,49.0,300,manual,0.0,0.0
452,COMPUTE,41.0,662.0,41.0,46.0,50.0,300,manual,0.0,0.0
453,COMPUTE,263.0,862.0,43.0,54.0,54.0,1502,manual,88.0,31.0
454,COMPUTE,224.0,906.0,41.0,46.0,49.0,1502,manual,83.0,46.0
455,COMPUTE,151.0,925.0,40.0,44.0,48.0,1502,manual,49.0,10.0
456,COMPUTE,39.0,906.0,40.0,44.0,47.0,300,manual,0.0,0.0
457,COMPUTE,39.0,662.0,40.0,44.0,47.0,300,manual,0.0,0.0
458,COMPUTE,39.0,662.0,41.0,45.0,48.0,300,manual,0.0,0.0
459,COMPUTE,40.0,668.0,41.0,46.0,49.0,300,manual,0.0,0.0
460,COMPUTE,39.0,662.0,41.0,47.0,50.0,300,manual,0.0,0.0
461,COMPUTE,42.0,662.0,41.0,49.0,50.0,300,manual,0.0,0.0
462,COMPUTE,169.0,912.0,42.0,54.0,54.0,1502,manual,71.0,35.0
463,COMPUTE,39.0,893.0,40.0,44.0,48.0,300,manual,0.0,0.0
464,COMPUTE,40.0,925.0,40.0,44.0,48.0,300,manual,0.0,0.0
465,COMPUTE,260.0,893.0,42.0,55.0,54.0,1502,manual,100.0,36.0
466,COMPUTE,274.0,881.0,43.0,56.0,55.0,1472,manual,100.0,48.0
467,COMPUTE,319.0,875.0,41.0,52.0,53.0,1472,manual,94.0,50.0
468,COMPUTE,299.0,893.0,43.0,56.0,55.0,1472,manual,95.0,42.0
469,COMPUTE,276.0,912.0,41.0,48.0,51.0,1502,manual,91.0,51.0
470,COMPUTE,319.0,875.0,42.0,56.0,57.0,1502,manual,88.0,48.0
471,COMPUTE,39.0,668.0,40.0,44.0,48.0,300,manual,0.0,0.0
472,COMPUTE,243.0,912.0,42.0,55.0,54.0,1502,manual,86.0,44.0
473,COMPUTE,313.0,906.0,43.0,56.0,54.0,1472,manual,93.0,45.0
474,COMPUTE,246.0,881.0,43.0,57.0,54.0,1502,manual,91.0,36.0
475,COMPUTE,247.0,918.0,43.0,57.0,54.0,1502,manual,85.0,44.0
476,COMPUTE,243.0,881.0,43.0,57.0,55.0,1502,manual,86.0,29.0
477,COMPUTE,173.0,893.0,44.0,58.0,55.0,1502,manual,62.0,17.0
478,COMPUTE,316.0,893.0,44.0,58.0,56.0,1472,manual,92.0,38.0
479,COMPUTE,237.0,887.0,44.0,58.0,56.0,1502,manual,84.0,24.0
480,COMPUTE,233.0,906.0,44.0,58.0,56.0,1502,manual,90.0,31.0
481,COMPUTE,291.0,906.0,44.0,58.0,56.0,1502,manual,89.0,29.0
482,COMPUTE,300.0,881.0,44.0,58.0,55.0,1472,manual,86.0,39.0
483,COMPUTE,292.0,893.0,44.0,58.0,56.0,1472,manual,92.0,31.0
484,COMPUTE,318.0,662.0,45.0,59.0,56.0,1472,manual,90.0,29.0
485,COMPUTE,266.0,906.0,44.0,58.0,56.0,1502,manual,87.0,42.0
486,COMPUTE,240.0,893.0,44.0,58.0,56.0,1502,manual,87.0,25.0
487,COMPUTE,222.0,875.0,44.0,58.0,56.0,1472,manual,89.0,43.0
488,COMPUTE,229.0,893.0,45.0,58.0,57.0,1502,manual,86.0,22.0
489,COMPUTE,330.0,925.0,45.0,59.0,56.0,1472,manual,96.0,31.0
490,COMPUTE,247.0,887.0,45.0,59.0,57.0,1502,manual,85.0,34.0
491,COMPUTE,195.0,893.0,45.0,59.0,57.0,1502,manual,86.0,37.0
492,COMPUTE,221.0,906.0,45.0,59.0,57.0,1502,manual,68.0,19.0
493,COMPUTE,255.0,875.0,45.0,59.0,57.0,1472,manual,87.0,24.0
494,COMPUTE,189.0,881.0,46.0,60.0,57.0,1502,manual,85.0,38.0
495,COMPUTE,331.0,906.0,45.0,59.0,57.0,1472,manual,92.0,37.0
496,COMPUTE,315.0,893.0,45.0,59.0,57.0,1472,manual,89.0,37.0
497,COMPUTE,42.0,662.0,44.0,53.0,54.0,300,manual,0.0,0.0
498,COMPUTE,42.0,662.0,43.0,48.0,51.0,300,manual,0.0,0.0
499,COMPUTE,286.0,875.0,45.0,57.0,57.0,1472,manual,93.0,42.0
500,COMPUTE,44.0,662.0,44.0,52.0,54.0,300,manual,0.0,0.0
501,COMPUTE,302.0,900.0,45.0,57.0,57.0,1472,manual,93.0,38.0
502,COMPUTE,101.0,893.0,42.0,47.0,50.0,1502,manual,53.0,6.0
503,COMPUTE,40.0,912.0,42.0,46.0,50.0,300,manual,0.0,0.0
504,COMPUTE,282.0,875.0,45.0,57.0,58.0,1472,manual,100.0,42.0
505,COMPUTE,238.0,893.0,45.0,58.0,58.0,1502,manual,100.0,39.0
506,COMPUTE,328.0,862.0,45.0,59.0,58.0,1472,manual,95.0,53.0
507,COMPUTE,44.0,668.0,44.0,51.0,53.0,300,manual,0.0,0.0
508,COMPUTE,338.0,925.0,44.0,57.0,57.0,1472,manual,96.0,35.0
509,COMPUTE,44.0,662.0,45.0,59.0,59.0,300,manual,0.0,0.0
510,COMPUTE,351.0,937.0,44.0,57.0,57.0,1430,manual,100.0,39.0
511,COMPUTE,283.0,925.0,45.0,58.0,59.0,1472,manual,100.0,55.0
512,COMPUTE,281.0,893.0,44.0,55.0,56.0,1472,manual,100.0,33.0
513,COMPUTE,42.0,662.0,43.0,48.0,51.0,300,manual,0.0,0.0
514,COMPUTE,228.0,881.0,45.0,57.0,57.0,1502,manual,87.0,41.0
515,COMPUTE,44.0,668.0,44.0,51.0,54.0,300,manual,0.0,0.0
516,COMPUTE,44.0,668.0,44.0,56.0,56.0,300,manual,1.0,0.0
517,COMPUTE,287.0,881.0,44.0,56.0,57.0,1472,manual,100.0,44.0
518,COMPUTE,40.0,925.0,42.0,47.0,50.0,300,manual,0.0,0.0
519,COMPUTE,284.0,862.0,44.0,58.0,57.0,1472,manual,100.0,45.0
520,COMPUTE,41.0,668.0,43.0,48.0,51.0,1502,manual,0.0,0.0
521,COMPUTE,43.0,662.0,43.0,48.0,52.0,300,manual,0.0,0.0
522,COMPUTE,43.0,662.0,43.0,50.0,53.0,300,manual,0.0,0.0
523,COMPUTE,43.0,675.0,44.0,56.0,55.0,300,manual,0.0,0.0
524,COMPUTE,304.0,912.0,43.0,55.0,56.0,1430,manual,100.0,44.0
525,COMPUTE,263.0,662.0,45.0,58.0,58.0,1472,manual,100.0,52.0
526,COMPUTE,288.0,893.0,44.0,54.0,56.0,1472,manual,100.0,36.0
527,COMPUTE,250.0,875.0,44.0,58.0,57.0,1472,manual,100.0,40.0
528,COMPUTE,44.0,668.0,43.0,49.0,51.0,300,manual,0.0,0.0
529,COMPUTE,321.0,875.0,44.0,57.0,57.0,1472,manual,96.0,37.0
530,COMPUTE,295.0,906.0,43.0,49.0,52.0,1472,manual,94.0,28.0
531,COMPUTE,70.0,925.0,41.0,45.0,49.0,1502,manual,27.0,5.0
532,COMPUTE,39.0,893.0,41.0,45.0,48.0,300,manual,0.0,0.0
533,COMPUTE,336.0,931.0,44.0,57.0,57.0,1430,manual,100.0,36.0
534,COMPUTE,41.0,662.0,42.0,47.0,50.0,300,manual,0.0,0.0
535,COMPUTE,267.0,881.0,44.0,57.0,56.0,1502,manual,99.0,44.0
536,COMPUTE,272.0,875.0,42.0,52.0,53.0,1502,manual,90.0,41.0
537,COMPUTE,285.0,893.0,44.0,57.0,57.0,1472,manual,90.0,26.0
538,COMPUTE,334.0,925.0,41.0,47.0,51.0,1472,manual,93.0,31.0
539,COMPUTE,69.0,912.0,41.0,45.0,49.0,1502,manual,29.0,11.0
540,COMPUTE,360.0,662.0,44.0,57.0,57.0,1430,manual,100.0,56.0
541,COMPUTE,351.0,925.0,43.0,54.0,56.0,1430,manual,100.0,37.0
542,COMPUTE,348.0,893.0,42.0,54.0,55.0,1430,manual,100.0,49.0
543,COMPUTE,303.0,856.0,42.0,52.0,53.0,1472,manual,99.0,41.0
544,COMPUTE,239.0,881.0,42.0,51.0,54.0,1502,manual,89.0,29.0
545,COMPUTE,235.0,925.0,42.0,50.0,52.0,1502,manual,90.0,29.0
546,COMPUTE,223.0,893.0,41.0,46.0,50.0,1502,manual,90.0,28.0
547,COMPUTE,264.0,906.0,43.0,57.0,56.0,1472,manual,100.0,44.0
548,COMPUTE,274.0,850.0,44.0,57.0,57.0,1430,manual,100.0,45.0
549,COMPUTE,291.0,875.0,44.0,58.0,58.0,1472,manual,100.0,45.0
550,COMPUTE,301.0,875.0,44.0,58.0,58.0,1472,manual,100.0,42.0
551,COMPUTE,40.0,662.0,43.0,48.0,52.0,300,manual,0.0,0.0
552,COMPUTE,233.0,887.0,43.0,56.0,56.0,1502,manual,92.0,33.0
553,COMPUTE,302.0,906.0,42.0,47.0,52.0,1472,manual,94.0,50.0
554,COMPUTE,64.0,662.0,44.0,57.0,58.0,300,manual,23.0,4.0
555,COMPUTE,288.0,662.0,43.0,55.0,56.0,1430,manual,100.0,39.0
556,COMPUTE,296.0,925.0,43.0,54.0,56.0,1472,manual,100.0,51.0
557,COMPUTE,40.0,668.0,42.0,46.0,50.0,300,manual,0.0,0.0
558,COMPUTE,250.0,862.0,43.0,56.0,56.0,1502,manual,99.0,41.0
559,COMPUTE,274.0,893.0,44.0,57.0,57.0,1472,manual,93.0,31.0
560,COMPUTE,307.0,918.0,42.0,49.0,52.0,1472,manual,94.0,29.0
561,COMPUTE,101.0,893.0,41.0,44.0,49.0,1502,manual,50.0,13.0
562,COMPUTE,285.0,918.0,44.0,56.0,56.0,1472,manual,100.0,33.0
563,COMPUTE,312.0,893.0,44.0,57.0,57.0,1430,manual,100.0,40.0
564,COMPUTE,238.0,862.0,44.0,58.0,58.0,1472,manual,100.0,37.0
565,COMPUTE,242.0,893.0,43.0,54.0,54.0,1502,manual,85.0,24.0
566,COMPUTE,337.0,850.0,45.0,57.0,56.0,1472,manual,95.0,30.0
567,COMPUTE,281.0,906.0,42.0,49.0,52.0,1502,manual,89.0,36.0
568,COMPUTE,40.0,912.0,41.0,45.0,49.0,300,manual,0.0,0.0
569,COMPUTE,293.0,662.0,44.0,57.0,56.0,1430,manual,100.0,42.0
570,COMPUTE,247.0,881.0,43.0,54.0,55.0,1472,manual,100.0,47.0
571,COMPUTE,251.0,881.0,43.0,53.0,54.0,1472,manual,99.0,40.0
572,COMPUTE,266.0,893.0,44.0,57.0,56.0,1502,manual,90.0,31.0
573,COMPUTE,228.0,893.0,42.0,51.0,53.0,1502,manual,89.0,43.0
574,COMPUTE,331.0,893.0,44.0,56.0,57.0,1472,manual,90.0,30.0
575,COMPUTE,125.0,881.0,41.0,45.0,49.0,1502,manual,47.0,12.0
576,COMPUTE,277.0,668.0,44.0,56.0,58.0,1430,manual,100.0,39.0
577,COMPUTE,297.0,668.0,43.0,55.0,56.0,1430,manual,100.0,48.0
578,COMPUTE,253.0,881.0,43.0,54.0,54.0,1472,manual,100.0,46.0
579,COMPUTE,334.0,875.0,42.0,52.0,52.0,1472,manual,95.0,53.0
580,COMPUTE,300.0,881.0,41.0,50.0,51.0,1472,manual,93.0,52.0
581,COMPUTE,296.0,893.0,41.0,48.0,50.0,1502,manual,92.0,47.0
582,COMPUTE,59.0,900.0,44.0,56.0,57.0,1502,manual,28.0,10.0
583,COMPUTE,39.0,906.0,41.0,45.0,49.0,300,manual,0.0,0.0
584,COMPUTE,39.0,931.0,41.0,45.0,49.0,300,manual,0.0,0.0
585,COMPUTE,239.0,931.0,43.0,56.0,56.0,1472,manual,100.0,40.0
586,COMPUTE,241.0,875.0,44.0,57.0,56.0,1502,manual,99.0,44.0
587,COMPUTE,43.0,662.0,43.0,49.0,51.0,300,manual,0.0,0.0
588,COMPUTE,223.0,912.0,43.0,55.0,56.0,1502,manual,88.0,29.0
589,COMPUTE,44.0,675.0,44.0,57.0,58.0,300,manual,0.0,0.0
590,COMPUTE,251.0,893.0,43.0,55.0,56.0,1472,manual,100.0,34.0
591,COMPUTE,313.0,662.0,44.0,57.0,58.0,1430,manual,100.0,34.0
592,COMPUTE,289.0,875.0,43.0,54.0,55.0,1472,manual,100.0,54.0
593,COMPUTE,267.0,893.0,44.0,57.0,57.0,1502,manual,99.0,32.0
594,COMPUTE,259.0,900.0,44.0,57.0,55.0,1502,manual,92.0,27.0
595,COMPUTE,261.0,868.0,44.0,58.0,56.0,1472,manual,88.0,26.0
596,COMPUTE,280.0,900.0,44.0,58.0,56.0,1502,manual,88.0,34.0
597,COMPUTE,314.0,906.0,44.0,58.0,56.0,1472,manual,94.0,39.0
598,COMPUTE,323.0,937.0,45.0,58.0,56.0,1472,manual,92.0,45.0
599,COMPUTE,242.0,900.0,45.0,59.0,56.0,1502,manual,91.0,23.0
600,COMPUTE,220.0,887.0,45.0,59.0,57.0,1502,manual,84.0,22.0
601,COMPUTE,320.0,887.0,45.0,59.0,56.0,1430,manual,97.0,33.0
602,COMPUTE,269.0,887.0,45.0,59.0,56.0,1472,manual,89.0,30.0
603,COMPUTE,242.0,900.0,45.0,59.0,56.0,1502,manual,85.0,36.0
604,COMPUTE,245.0,906.0,45.0,59.0,56.0,1502,manual,85.0,24.0
605,COMPUTE,221.0,893.0,45.0,59.0,57.0,1502,manual,87.0,41.0
606,COMPUTE,196.0,868.0,45.0,59.0,57.0,1502,manual,76.0,36.0
607,COMPUTE,230.0,900.0,45.0,59.0,57.0,1472,manual,88.0,27.0
608,COMPUTE,300.0,906.0,46.0,60.0,57.0,1472,manual,92.0,26.0
609,COMPUTE,242.0,925.0,46.0,60.0,57.0,1502,manual,86.0,37.0
610,COMPUTE,343.0,906.0,46.0,60.0,57.0,1472,manual,95.0,43.0
611,COMPUTE,326.0,893.0,46.0,60.0,57.0,1472,manual,94.0,43.0
612,COMPUTE,326.0,906.0,46.0,59.0,57.0,1472,manual,93.0,44.0
613,COMPUTE,212.0,900.0,46.0,60.0,57.0,1502,manual,78.0,29.0
614,COMPUTE,277.0,918.0,46.0,60.0,58.0,1502,manual,91.0,30.0
615,COMPUTE,210.0,918.0,46.0,60.0,58.0,1502,manual,86.0,33.0
616,COMPUTE,207.0,931.0,46.0,60.0,58.0,1502,manual,90.0,41.0
617,COMPUTE,323.0,893.0,46.0,60.0,58.0,1472,manual,92.0,43.0
618,COMPUTE,331.0,906.0,46.0,60.0,58.0,1472,manual,92.0,45.0
619,COMPUTE,125.0,900.0,46.0,60.0,58.0,1502,manual,67.0,8.0
620,COMPUTE,351.0,668.0,46.0,58.0,58.0,1430,manual,100.0,56.0
621,COMPUTE,269.0,925.0,45.0,57.0,58.0,1430,manual,100.0,55.0
622,COMPUTE,40.0,668.0,43.0,48.0,51.0,300,manual,0.0,0.0
623,COMPUTE,42.0,662.0,43.0,47.0,52.0,300,manual,0.0,0.0
624,COMPUTE,43.0,662.0,43.0,48.0,52.0,300,manual,0.0,0.0
625,COMPUTE,44.0,662.0,44.0,50.0,53.0,300,manual,0.0,0.0
626,COMPUTE,224.0,893.0,44.0,56.0,56.0,1502,manual,90.0,39.0
627,COMPUTE,40.0,918.0,42.0,46.0,50.0,300,manual,0.0,0.0
628,COMPUTE,324.0,662.0,45.0,58.0,58.0,1404,manual,100.0,51.0
629,COMPUTE,280.0,881.0,44.0,55.0,56.0,1472,manual,100.0,45.0
630,COMPUTE,297.0,887.0,45.0,59.0,57.0,1430,manual,100.0,56.0
631,COMPUTE,245.0,875.0,44.0,54.0,54.0,1502,manual,89.0,26.0
632,COMPUTE,332.0,862.0,43.0,52.0,54.0,1472,manual,95.0,30.0
633,COMPUTE,44.0,668.0,44.0,53.0,54.0,300,manual,0.0,0.0
634,COMPUTE,327.0,912.0,44.0,56.0,56.0,1430,manual,100.0,34.0
635,COMPUTE,282.0,893.0,45.0,58.0,58.0,1472,manual,100.0,42.0
636,COMPUTE,41.0,662.0,43.0,47.0,51.0,300,manual,0.0,0.0
637,COMPUTE,243.0,875.0,44.0,57.0,57.0,1472,manual,99.0,41.0
638,COMPUTE,233.0,906.0,43.0,53.0,54.0,1502,manual,92.0,40.0
639,COMPUTE,326.0,912.0,45.0,58.0,57.0,1472,manual,93.0,44.0
640,COMPUTE,224.0,906.0,42.0,48.0,51.0,1502,manual,87.0,29.0
641,COMPUTE,286.0,925.0,44.0,58.0,58.0,1472,manual,100.0,45.0
642,COMPUTE,304.0,725.0,45.0,58.0,59.0,1430,manual,100.0,50.0
643,COMPUTE,280.0,900.0,44.0,55.0,56.0,1472,manual,100.0,56.0
644,COMPUTE,267.0,893.0,43.0,53.0,54.0,1502,manual,99.0,55.0
645,COMPUTE,250.0,875.0,45.0,58.0,57.0,1472,manual,94.0,45.0
646,COMPUTE,44.0,668.0,44.0,52.0,54.0,300,manual,0.0,0.0
647,COMPUTE,332.0,906.0,44.0,56.0,56.0,1472,manual,95.0,29.0
648,COMPUTE,41.0,893.0,42.0,46.0,49.0,300,manual,0.0,0.0
649,COMPUTE,261.0,925.0,45.0,58.0,58.0,1472,manual,100.0,40.0
650,COMPUTE,41.0,662.0,43.0,48.0,51.0,300,manual,0.0,0.0
651,COMPUTE,42.0,656.0,42.0,47.0,51.0,300,manual,0.0,0.0
652,COMPUTE,316.0,881.0,43.0,56.0,56.0,1472,manual,95.0,30.0
653,COMPUTE,257.0,925.0,42.0,48.0,51.0,1502,manual,88.0,34.0
654,COMPUTE,245.0,893.0,45.0,57.0,58.0,1430,manual,100.0,50.0
655,COMPUTE,295.0,912.0,45.0,58.0,58.0,1430,manual,100.0,52.0
656,COMPUTE,41.0,668.0,43.0,47.0,51.0,300,manual,0.0,0.0
657,COMPUTE,40.0,662.0,42.0,47.0,50.0,300,manual,0.0,0.0
658,COMPUTE,39.0,662.0,42.0,47.0,51.0,300,manual,0.0,0.0
659,COMPUTE,316.0,906.0,44.0,56.0,55.0,1472,manual,97.0,38.0
660,COMPUTE,228.0,925.0,41.0,47.0,52.0,1502,manual,89.0,36.0
661,COMPUTE,242.0,887.0,44.0,57.0,58.0,1502,manual,100.0,52.0
662,COMPUTE,39.0,881.0,42.0,46.0,50.0,300,manual,0.0,0.0
663,COMPUTE,281.0,875.0,44.0,57.0,57.0,1472,manual,100.0,53.0
664,COMPUTE,296.0,900.0,45.0,58.0,58.0,1472,manual,99.0,39.0
665,COMPUTE,302.0,893.0,43.0,54.0,54.0,1472,manual,92.0,51.0
666,COMPUTE,301.0,850.0,45.0,58.0,57.0,1472,manual,93.0,40.0
667,COMPUTE,270.0,893.0,44.0,57.0,58.0,1502,manual,92.0,52.0
668,COMPUTE,281.0,906.0,45.0,59.0,59.0,1430,manual,100.0,41.0
669,COMPUTE,258.0,906.0,45.0,59.0,59.0,1430,manual,100.0,49.0
670,COMPUTE,41.0,662.0,43.0,48.0,52.0,300,manual,0.0,0.0
671,COMPUTE,300.0,881.0,45.0,57.0,57.0,1472,manual,99.0,33.0
672,COMPUTE,308.0,862.0,45.0,58.0,57.0,1472,manual,96.0,39.0
673,COMPUTE,44.0,662.0,44.0,51.0,53.0,300,manual,0.0,0.0
674,COMPUTE,314.0,931.0,45.0,57.0,57.0,1472,manual,97.0,28.0
675,COMPUTE,321.0,912.0,42.0,47.0,52.0,1472,manual,93.0,50.0
676,COMPUTE,257.0,893.0,45.0,58.0,58.0,1430,manual,100.0,41.0
677,COMPUTE,40.0,925.0,42.0,46.0,51.0,300,manual,0.0,0.0
678,COMPUTE,288.0,893.0,44.0,58.0,58.0,1472,manual,100.0,52.0
679,COMPUTE,284.0,868.0,45.0,58.0,59.0,1472,manual,99.0,40.0
680,COMPUTE,213.0,843.0,45.0,59.0,58.0,1502,manual,90.0,34.0
681,COMPUTE,241.0,850.0,43.0,52.0,54.0,1502,manual,87.0,27.0
682,COMPUTE,307.0,906.0,42.0,47.0,51.0,1472,manual,95.0,28.0
683,COMPUTE,270.0,912.0,45.0,58.0,58.0,1430,manual,100.0,50.0
684,COMPUTE,317.0,887.0,45.0,58.0,59.0,1472,manual,100.0,55.0
685,COMPUTE,239.0,881.0,45.0,59.0,59.0,1472,manual,100.0,46.0
686,COMPUTE,283.0,875.0,46.0,59.0,59.0,1472,manual,99.0,52.0
687,COMPUTE,235.0,912.0,44.0,54.0,55.0,1502,manual,87.0,47.0
688,COMPUTE,265.0,881.0,45.0,58.0,58.0,1502,manual,86.0,29.0
689,COMPUTE,249.0,925.0,46.0,58.0,58.0,1502,manual,85.0,28.0
690,COMPUTE,41.0,881.0,43.0,47.0,51.0,300,manual,0.0,0.0
691,COMPUTE,293.0,662.0,45.0,58.0,59.0,1472,manual,100.0,35.0
692,COMPUTE,285.0,893.0,44.0,55.0,56.0,1472,manual,100.0,35.0
693,COMPUTE,318.0,831.0,45.0,58.0,58.0,1472,manual,99.0,53.0
694,COMPUTE,292.0,912.0,44.0,53.0,54.0,1502,manual,89.0,30.0
695,COMPUTE,263.0,893.0,42.0,50.0,52.0,1502,manual,89.0,28.0
696,COMPUTE,330.0,918.0,42.0,46.0,50.0,1472,manual,91.0,30.0
697,COMPUTE,340.0,906.0,45.0,57.0,58.0,1472,manual,100.0,40.0
698,COMPUTE,259.0,906.0,46.0,58.0,59.0,1430,manual,100.0,41.0
699,COMPUTE,287.0,887.0,45.0,59.0,59.0,1430,manual,100.0,50.0
700,COMPUTE,40.0,662.0,43.0,48.0,52.0,300,manual,0.0,0.0
701,COMPUTE,298.0,893.0,45.0,57.0,57.0,1472,manual,92.0,42.0
702,COMPUTE,231.0,906.0,43.0,51.0,53.0,1502,manual,91.0,34.0
703,COMPUTE,44.0,675.0,45.0,57.0,57.0,300,manual,0.0,0.0
704,COMPUTE,293.0,668.0,44.0,56.0,57.0,1472,manual,100.0,58.0
705,COMPUTE,295.0,918.0,44.0,55.0,57.0,1472,manual,100.0,51.0
706,COMPUTE,41.0,662.0,42.0,47.0,51.0,300,manual,0.0,0.0
707,COMPUTE,311.0,850.0,44.0,57.0,56.0,1472,manual,99.0,54.0
708,COMPUTE,300.0,893.0,45.0,58.0,58.0,1472,manual,96.0,40.0
709,COMPUTE,43.0,662.0,45.0,53.0,55.0,300,manual,0.0,0.0
710,COMPUTE,59.0,912.0,44.0,56.0,58.0,300,manual,16.0,11.0
711,COMPUTE,247.0,900.0,44.0,57.0,56.0,1502,manual,89.0,30.0
712,COMPUTE,313.0,893.0,45.0,58.0,56.0,1472,manual,94.0,33.0
713,COMPUTE,61.0,925.0,45.0,59.0,56.0,1502,manual,24.0,10.0
714,COMPUTE,190.0,893.0,45.0,59.0,57.0,1502,manual,85.0,25.0
715,COMPUTE,253.0,925.0,45.0,59.0,57.0,1502,manual,90.0,44.0
716,COMPUTE,240.0,925.0,45.0,59.0,57.0,1502,manual,86.0,29.0
717,COMPUTE,319.0,912.0,46.0,59.0,57.0,1472,manual,93.0,36.0
718,COMPUTE,160.0,875.0,46.0,59.0,57.0,1502,manual,63.0,36.0
719,COMPUTE,319.0,875.0,46.0,59.0,56.0,1472,manual,95.0,31.0
720,COMPUTE,270.0,881.0,46.0,60.0,57.0,1472,manual,91.0,29.0
721,COMPUTE,325.0,912.0,46.0,59.0,57.0,1472,manual,93.0,43.0
722,COMPUTE,320.0,850.0,46.0,59.0,56.0,1472,manual,95.0,32.0
723,COMPUTE,322.0,868.0,46.0,60.0,57.0,1472,manual,87.0,37.0
724,COMPUTE,232.0,912.0,46.0,60.0,58.0,1502,manual,79.0,39.0
725,COMPUTE,260.0,893.0,46.0,60.0,57.0,1502,manual,88.0,46.0
726,COMPUTE,211.0,881.0,46.0,60.0,58.0,1502,manual,87.0,28.0
727,COMPUTE,202.0,906.0,46.0,60.0,58.0,1502,manual,88.0,27.0
728,COMPUTE,207.0,912.0,46.0,61.0,58.0,1502,manual,80.0,23.0
729,COMPUTE,63.0,906.0,46.0,60.0,58.0,300,manual,24.0,12.0
730,COMPUTE,250.0,893.0,47.0,60.0,58.0,1502,manual,88.0,36.0
731,COMPUTE,240.0,893.0,47.0,60.0,58.0,1472,manual,90.0,44.0
732,COMPUTE,269.0,906.0,47.0,61.0,58.0,1502,manual,88.0,45.0
733,COMPUTE,235.0,906.0,47.0,60.0,58.0,1472,manual,90.0,41.0
734,COMPUTE,296.0,925.0,47.0,61.0,57.0,1502,manual,86.0,29.0
735,COMPUTE,263.0,906.0,47.0,61.0,58.0,1502,manual,92.0,39.0
736,COMPUTE,254.0,912.0,47.0,61.0,58.0,1502,manual,88.0,14.0
737,COMPUTE,40.0,662.0,44.0,49.0,52.0,300,manual,0.0,0.0
738,COMPUTE,39.0,662.0,42.0,46.0,49.0,300,manual,0.0,0.0
739,COMPUTE,39.0,662.0,42.0,45.0,49.0,300,manual,0.0,0.0
740,COMPUTE,39.0,668.0,42.0,45.0,48.0,300,manual,0.0,0.0
