index,power_profile,power_usage,voltage,edge_temperature,junction_temperature,memory_temperature,sclk,performance,gpu_usage,memory_usage
0,COMPUTE,39.0,662.0,33.0,36.0,40.0,300,auto,0.0,0.0
1,COMPUTE,39.0,668.0,32.0,36.0,40.0,300,auto,0.0,0.0
2,COMPUTE,39.0,668.0,33.0,36.0,40.0,300,auto,0.0,0.0
3,COMPUTE,39.0,675.0,32.0,36.0,40.0,300,auto,0.0,0.0
4,COMPUTE,76.0,662.0,32.0,35.0,40.0,1502,auto,4.0,0.0
5,COMPUTE,39.0,662.0,32.0,35.0,40.0,300,auto,0.0,0.0
6,COMPUTE,39.0,662.0,31.0,35.0,39.0,300,auto,0.0,0.0
7,COMPUTE,38.0,668.0,31.0,35.0,39.0,300,auto,0.0,0.0
8,COMPUTE,39.0,662.0,31.0,35.0,39.0,300,auto,0.0,0.0
9,COMPUTE,37.0,662.0,31.0,35.0,39.0,300,auto,0.0,0.0
10,COMPUTE,86.0,662.0,31.0,35.0,39.0,1502,auto,15.0,0.0
11,COMPUTE,54.0,918.0,31.0,35.0,39.0,300,auto,1.0,0.0
12,COMPUTE,37.0,662.0,31.0,34.0,38.0,300,auto,0.0,0.0
13,COMPUTE,37.0,662.0,31.0,34.0,38.0,300,auto,0.0,0.0
14,COMPUTE,37.0,675.0,31.0,34.0,38.0,300,auto,0.0,0.0
15,COMPUTE,80.0,918.0,30.0,34.0,38.0,1502,auto,8.0,0.0
16,COMPUTE,37.0,662.0,30.0,34.0,38.0,300,auto,0.0,0.0
17,COMPUTE,36.0,662.0,30.0,33.0,38.0,300,auto,0.0,0.0
18,COMPUTE,37.0,668.0,29.0,33.0,38.0,300,auto,0.0,0.0
19,COMPUTE,37.0,668.0,30.0,33.0,37.0,300,auto,0.0,0.0
20,COMPUTE,37.0,662.0,30.0,33.0,37.0,300,auto,0.0,0.0
21,COMPUTE,37.0,662.0,29.0,33.0,37.0,300,auto,0.0,0.0
22,COMPUTE,36.0,662.0,29.0,33.0,37.0,300,auto,0.0,0.0
23,COMPUTE,36.0,662.0,29.0,33.0,37.0,300,auto,0.0,0.0
24,COMPUTE,37.0,668.0,29.0,32.0,37.0,300,auto,0.0,0.0
25,COMPUTE,36.0,668.0,29.0,32.0,37.0,300,auto,0.0,0.0
26,COMPUTE,36.0,668.0,29.0,32.0,37.0,300,auto,0.0,0.0
27,COMPUTE,37.0,662.0,28.0,32.0,36.0,300,auto,0.0,0.0
28,COMPUTE,36.0,662.0,28.0,32.0,36.0,300,auto,0.0,0.0
29,COMPUTE,36.0,662.0,28.0,32.0,36.0,300,auto,0.0,0.0
30,COMPUTE,36.0,662.0,28.0,32.0,36.0,300,auto,0.0,0.0
31,COMPUTE,36.0,668.0,28.0,32.0,36.0,300,auto,0.0,0.0
32,COMPUTE,39.0,662.0,28.0,32.0,36.0,300,auto,0.0,0.0
33,COMPUTE,38.0,662.0,28.0,32.0,35.0,300,auto,0.0,0.0
34,COMPUTE,38.0,662.0,27.0,31.0,35.0,300,auto,0.0,0.0
35,COMPUTE,36.0,918.0,28.0,31.0,35.0,300,auto,0.0,0.0
36,COMPUTE,38.0,912.0,27.0,31.0,36.0,300,auto,0.0,0.0
37,COMPUTE,37.0,662.0,27.0,31.0,35.0,300,auto,1.0,0.0
38,COMPUTE,39.0,668.0,27.0,31.0,35.0,300,auto,0.0,0.0
39,COMPUTE,38.0,662.0,27.0,31.0,35.0,300,auto,0.0,0.0
40,COMPUTE,38.0,668.0,27.0,31.0,35.0,300,auto,0.0,0.0
41,COMPUTE,39.0,662.0,27.0,31.0,35.0,300,auto,0.0,0.0
42,COMPUTE,37.0,668.0,27.0,31.0,35.0,300,auto,0.0,0.0
43,COMPUTE,35.0,918.0,27.0,31.0,35.0,300,auto,0.0,0.0
44,COMPUTE,36.0,662.0,27.0,31.0,35.0,300,auto,0.0,0.0
45,COMPUTE,38.0,662.0,26.0,30.0,35.0,300,auto,0.0,0.0
46,COMPUTE,38.0,662.0,27.0,30.0,35.0,300,auto,0.0,0.0
47,COMPUTE,57.0,662.0,26.0,31.0,35.0,300,auto,6.0,0.0
48,COMPUTE,39.0,662.0,26.0,30.0,35.0,1502,auto,11.0,0.0
49,COMPUTE,38.0,668.0,27.0,30.0,34.0,300,auto,0.0,0.0
50,COMPUTE,37.0,668.0,26.0,30.0,34.0,300,auto,0.0,0.0
51,COMPUTE,37.0,662.0,26.0,30.0,34.0,300,auto,0.0,0.0
52,COMPUTE,35.0,662.0,26.0,30.0,34.0,300,auto,0.0,0.0
53,COMPUTE,38.0,662.0,26.0,30.0,34.0,300,auto,0.0,0.0
54,COMPUTE,38.0,668.0,26.0,30.0,34.0,300,auto,0.0,0.0
55,COMPUTE,38.0,668.0,26.0,30.0,34.0,300,auto,0.0,0.0
56,COMPUTE,35.0,662.0,26.0,30.0,34.0,300,auto,0.0,0.0
57,COMPUTE,35.0,918.0,25.0,30.0,34.0,300,auto,0.0,0.0
58,COMPUTE,37.0,918.0,25.0,29.0,34.0,300,auto,1.0,0.0
59,COMPUTE,37.0,668.0,25.0,30.0,34.0,300,auto,0.0,0.0
60,COMPUTE,34.0,662.0,25.0,29.0,34.0,300,auto,0.0,0.0
61,COMPUTE,292.0,906.0,29.0,40.0,38.0,1472,auto,99.0,15.0
62,COMPUTE,298.0,900.0,30.0,42.0,40.0,1502,auto,95.0,33.0
63,COMPUTE,291.0,893.0,30.0,43.0,40.0,1502,auto,96.0,22.0
64,COMPUTE,251.0,925.0,31.0,44.0,40.0,1502,auto,98.0,21.0
65,COMPUTE,242.0,912.0,31.0,44.0,41.0,1502,auto,99.0,33.0
66,COMPUTE,293.0,918.0,31.0,44.0,41.0,1502,auto,99.0,29.0
67,COMPUTE,189.0,875.0,32.0,44.0,41.0,1502,auto,99.0,12.0
68,COMPUTE,50.0,912.0,32.0,45.0,41.0,1502,auto,29.0,10.0
69,COMPUTE,281.0,912.0,32.0,45.0,41.0,1502,auto,93.0,30.0
70,COMPUTE,39.0,906.0,33.0,45.0,43.0,1502,auto,1.0,0.0
71,COMPUTE,169.0,893.0,32.0,46.0,42.0,1502,auto,99.0,17.0
72,COMPUTE,287.0,912.0,33.0,45.0,43.0,1502,auto,99.0,16.0
73,COMPUTE,231.0,668.0,33.0,47.0,42.0,1502,auto,99.0,16.0
74,COMPUTE,39.0,662.0,30.0,34.0,37.0,300,auto,0.0,0.0
75,COMPUTE,39.0,662.0,29.0,33.0,38.0,300,auto,0.0,0.0
76,COMPUTE,309.0,662.0,31.0,42.0,41.0,1502,auto,97.0,25.0
77,COMPUTE,64.0,912.0,33.0,45.0,42.0,1502,auto,8.0,0.0
78,COMPUTE,261.0,881.0,32.0,46.0,42.0,1502,auto,100.0,38.0
79,COMPUTE,302.0,881.0,33.0,46.0,42.0,1472,auto,99.0,17.0
80,COMPUTE,279.0,893.0,34.0,46.0,43.0,1502,auto,99.0,18.0
81,COMPUTE,310.0,906.0,34.0,47.0,43.0,1472,auto,100.0,42.0
82,COMPUTE,303.0,906.0,34.0,47.0,44.0,1502,auto,99.0,16.0
83,COMPUTE,286.0,900.0,34.0,47.0,43.0,1502,auto,99.0,16.0
84,COMPUTE,194.0,918.0,34.0,47.0,44.0,1502,auto,99.0,22.0
85,COMPUTE,241.0,906.0,34.0,47.0,44.0,1502,auto,99.0,22.0
86,COMPUTE,292.0,912.0,35.0,48.0,45.0,1502,auto,94.0,23.0
87,COMPUTE,237.0,881.0,34.0,48.0,45.0,1502,auto,99.0,25.0
88,COMPUTE,240.0,893.0,35.0,47.0,44.0,1502,auto,99.0,14.0
89,COMPUTE,59.0,918.0,35.0,49.0,45.0,1502,auto,31.0,2.0
90,COMPUTE,185.0,918.0,34.0,45.0,44.0,1502,auto,85.0,3.0
91,COMPUTE,247.0,881.0,34.0,44.0,42.0,1502,auto,99.0,15.0
92,COMPUTE,293.0,925.0,35.0,47.0,44.0,1502,auto,97.0,16.0
93,COMPUTE,261.0,906.0,35.0,48.0,45.0,1502,auto,55.0,23.0
94,COMPUTE,276.0,918.0,36.0,49.0,45.0,1502,auto,100.0,40.0
95,COMPUTE,300.0,912.0,36.0,49.0,45.0,1502,auto,99.0,17.0
96,COMPUTE,241.0,893.0,36.0,49.0,45.0,1502,auto,87.0,24.0
97,COMPUTE,302.0,912.0,36.0,49.0,45.0,1472,auto,99.0,16.0
98,COMPUTE,245.0,893.0,36.0,49.0,46.0,1502,auto,97.0,18.0
99,COMPUTE,225.0,925.0,37.0,50.0,47.0,1502,auto,50.0,31.0
100,COMPUTE,284.0,906.0,37.0,50.0,46.0,1502,auto,99.0,17.0
101,COMPUTE,288.0,912.0,36.0,51.0,46.0,1502,auto,88.0,30.0
102,COMPUTE,294.0,912.0,37.0,51.0,46.0,1502,auto,100.0,42.0
103,COMPUTE,311.0,893.0,37.0,49.0,46.0,1502,auto,91.0,15.0
104,COMPUTE,39.0,906.0,36.0,45.0,44.0,300,auto,0.0,0.0
105,COMPUTE,39.0,662.0,36.0,45.0,44.0,300,auto,0.0,0.0
106,COMPUTE,245.0,887.0,37.0,49.0,45.0,1502,auto,82.0,17.0
107,COMPUTE,106.0,925.0,37.0,50.0,47.0,1502,auto,26.0,10.0
108,COMPUTE,232.0,918.0,37.0,51.0,46.0,1502,auto,100.0,43.0
109,COMPUTE,281.0,887.0,37.0,51.0,45.0,1502,auto,99.0,15.0
110,COMPUTE,239.0,893.0,38.0,51.0,47.0,1502,auto,98.0,16.0
111,COMPUTE,300.0,937.0,37.0,51.0,47.0,1472,auto,100.0,1.0
112,COMPUTE,169.0,875.0,38.0,50.0,47.0,1502,auto,99.0,11.0
113,COMPUTE,306.0,925.0,38.0,52.0,47.0,1502,auto,98.0,27.0
114,COMPUTE,78.0,925.0,38.0,52.0,47.0,1502,auto,36.0,3.0
115,COMPUTE,305.0,925.0,38.0,51.0,47.0,1472,auto,99.0,27.0
116,COMPUTE,40.0,893.0,39.0,52.0,47.0,1502,auto,12.0,16.0
117,COMPUTE,88.0,906.0,38.0,53.0,47.0,1502,auto,29.0,1.0
118,COMPUTE,257.0,887.0,38.0,51.0,47.0,1502,auto,99.0,24.0
119,COMPUTE,278.0,887.0,38.0,50.0,47.0,1502,auto,99.0,17.0
120,COMPUTE,201.0,925.0,38.0,49.0,46.0,1502,auto,99.0,23.0
121,COMPUTE,313.0,925.0,38.0,51.0,46.0,1472,auto,99.0,13.0
122,COMPUTE,240.0,906.0,38.0,51.0,47.0,1502,auto,97.0,19.0
123,COMPUTE,299.0,925.0,39.0,52.0,47.0,1502,auto,99.0,12.0
124,COMPUTE,297.0,893.0,39.0,53.0,48.0,1472,auto,1.0,0.0
125,COMPUTE,180.0,912.0,38.0,51.0,48.0,1502,auto,85.0,10.0
126,COMPUTE,175.0,906.0,39.0,52.0,48.0,1502,auto,91.0,9.0
127,COMPUTE,299.0,912.0,39.0,54.0,49.0,1502,auto,95.0,32.0
128,COMPUTE,54.0,925.0,39.0,53.0,48.0,300,auto,2.0,0.0
129,COMPUTE,257.0,887.0,39.0,52.0,48.0,1502,auto,99.0,14.0
130,COMPUTE,174.0,912.0,39.0,52.0,48.0,1502,auto,87.0,10.0
131,COMPUTE,71.0,931.0,39.0,53.0,49.0,1502,auto,13.0,16.0
132,COMPUTE,258.0,925.0,40.0,54.0,48.0,1502,auto,100.0,41.0
133,COMPUTE,195.0,875.0,39.0,50.0,47.0,1502,auto,85.0,4.0
134,COMPUTE,169.0,925.0,38.0,48.0,47.0,1502,auto,97.0,9.0
135,COMPUTE,39.0,912.0,39.0,52.0,49.0,1502,auto,1.0,0.0
136,COMPUTE,237.0,925.0,39.0,52.0,48.0,1502,auto,100.0,40.0
137,COMPUTE,248.0,925.0,39.0,52.0,48.0,1502,auto,99.0,18.0
138,COMPUTE,255.0,912.0,40.0,53.0,48.0,1502,auto,99.0,22.0
139,COMPUTE,191.0,850.0,40.0,54.0,48.0,1502,auto,41.0,29.0
140,COMPUTE,46.0,912.0,40.0,54.0,48.0,1502,auto,23.0,17.0
141,COMPUTE,296.0,900.0,40.0,54.0,49.0,1502,auto,100.0,24.0
142,COMPUTE,284.0,668.0,40.0,53.0,49.0,1502,auto,99.0,28.0
143,COMPUTE,245.0,931.0,40.0,53.0,49.0,1502,auto,99.0,21.0
144,COMPUTE,277.0,906.0,40.0,53.0,49.0,1502,auto,94.0,14.0
145,COMPUTE,288.0,925.0,40.0,53.0,48.0,1502,auto,97.0,33.0
146,COMPUTE,55.0,906.0,40.0,54.0,48.0,300,auto,6.0,0.0
147,COMPUTE,67.0,875.0,39.0,48.0,47.0,1502,auto,19.0,0.0
148,COMPUTE,283.0,893.0,38.0,45.0,45.0,1502,auto,97.0,18.0
149,COMPUTE,49.0,900.0,40.0,53.0,49.0,1502,auto,24.0,2.0
150,COMPUTE,287.0,925.0,41.0,54.0,49.0,1502,auto,100.0,36.0
151,COMPUTE,191.0,912.0,40.0,54.0,49.0,1502,auto,99.0,21.0
152,COMPUTE,228.0,906.0,40.0,53.0,48.0,1502,auto,99.0,15.0
153,COMPUTE,300.0,900.0,41.0,54.0,50.0,1502,auto,82.0,31.0
154,COMPUTE,269.0,925.0,40.0,54.0,48.0,1502,auto,100.0,15.0
155,COMPUTE,298.0,918.0,41.0,53.0,48.0,1502,auto,99.0,15.0
156,COMPUTE,42.0,925.0,41.0,54.0,49.0,1502,auto,13.0,0.0
157,COMPUTE,296.0,906.0,40.0,54.0,48.0,1472,auto,99.0,13.0
158,COMPUTE,167.0,912.0,41.0,53.0,50.0,1502,auto,84.0,18.0
159,COMPUTE,282.0,912.0,41.0,54.0,49.0,1502,auto,91.0,29.0
160,COMPUTE,303.0,925.0,41.0,55.0,48.0,1472,auto,100.0,41.0
161,COMPUTE,41.0,912.0,40.0,49.0,48.0,300,auto,0.0,0.0
162,COMPUTE,40.0,662.0,40.0,51.0,48.0,300,auto,0.0,0.0
163,COMPUTE,244.0,906.0,40.0,52.0,49.0,1502,auto,99.0,12.0
164,COMPUTE,279.0,868.0,41.0,54.0,50.0,1502,auto,92.0,29.0
165,COMPUTE,237.0,906.0,41.0,54.0,48.0,1502,auto,100.0,39.0
166,COMPUTE,239.0,893.0,41.0,55.0,49.0,1502,auto,99.0,16.0
167,COMPUTE,41.0,900.0,42.0,55.0,50.0,1502,auto,8.0,18.0
168,COMPUTE,308.0,893.0,41.0,54.0,50.0,1472,auto,99.0,16.0
169,COMPUTE,227.0,906.0,41.0,54.0,48.0,1502,auto,99.0,19.0
170,COMPUTE,264.0,925.0,41.0,55.0,50.0,1502,auto,100.0,31.0
171,COMPUTE,304.0,893.0,41.0,54.0,50.0,1472,auto,99.0,19.0
172,COMPUTE,200.0,912.0,41.0,55.0,49.0,1502,auto,99.0,9.0
173,BOOTUP DEFAULT,281.0,918.0,42.0,55.0,50.0,1502,auto,92.0,15.0
174,BOOTUP DEFAULT,60.0,912.0,42.0,56.0,50.0,1502,auto,11.0,1.0
175,BOOTUP DEFAULT,268.0,931.0,41.0,55.0,50.0,1502,auto,99.0,22.0
176,BOOTUP DEFAULT,245.0,893.0,41.0,53.0,49.0,1502,auto,99.0,17.0
177,BOOTUP DEFAULT,39.0,668.0,39.0,42.0,45.0,300,auto,0.0,0.0
178,BOOTUP DEFAULT,39.0,668.0,38.0,41.0,44.0,300,auto,0.0,0.0
179,BOOTUP DEFAULT,39.0,662.0,37.0,41.0,44.0,300,auto,0.0,0.0
