index,power_profile,power_usage,voltage,edge_temperature,junction_temperature,memory_temperature,sclk,performance,gpu_usage,memory_usage
0,COMPUTE,39.0,662.0,33.0,36.0,40.0,300,auto,0.0,0.0
1,COMPUTE,39.0,662.0,33.0,37.0,39.0,300,auto,0.0,0.0
2,COMPUTE,39.0,662.0,32.0,36.0,39.0,300,auto,0.0,0.0
3,COMPUTE,39.0,662.0,32.0,36.0,40.0,300,auto,0.0,0.0
4,COMPUTE,39.0,662.0,32.0,36.0,39.0,300,auto,0.0,0.0
5,COMPUTE,38.0,668.0,32.0,35.0,39.0,300,auto,0.0,0.0
6,COMPUTE,39.0,662.0,32.0,35.0,38.0,300,auto,0.0,0.0
7,COMPUTE,38.0,675.0,32.0,35.0,38.0,300,auto,0.0,0.0
8,COMPUTE,39.0,662.0,31.0,35.0,38.0,300,auto,0.0,0.0
9,COMPUTE,38.0,925.0,31.0,35.0,38.0,300,auto,0.0,0.0
10,COMPUTE,41.0,918.0,31.0,35.0,38.0,1502,auto,0.0,0.0
11,COMPUTE,39.0,662.0,31.0,35.0,38.0,300,auto,0.0,0.0
12,COMPUTE,38.0,662.0,31.0,35.0,39.0,300,auto,0.0,0.0
13,COMPUTE,39.0,662.0,31.0,34.0,37.0,300,auto,0.0,0.0
14,COMPUTE,38.0,662.0,31.0,34.0,37.0,300,auto,0.0,0.0
15,COMPUTE,38.0,918.0,30.0,34.0,37.0,300,auto,0.0,0.0
16,COMPUTE,39.0,668.0,30.0,34.0,37.0,300,auto,0.0,0.0
17,COMPUTE,38.0,675.0,30.0,34.0,37.0,300,auto,0.0,0.0
18,COMPUTE,39.0,662.0,30.0,33.0,37.0,300,auto,0.0,0.0
19,COMPUTE,39.0,662.0,30.0,33.0,37.0,300,auto,0.0,0.0
20,COMPUTE,38.0,662.0,29.0,33.0,37.0,300,auto,0.0,0.0
21,COMPUTE,39.0,662.0,29.0,33.0,36.0,300,auto,0.0,0.0
22,COMPUTE,39.0,675.0,29.0,33.0,36.0,300,auto,0.0,0.0
23,COMPUTE,38.0,662.0,29.0,33.0,36.0,300,auto,0.0,0.0
24,COMPUTE,38.0,662.0,29.0,33.0,36.0,300,auto,0.0,0.0
25,COMPUTE,39.0,662.0,29.0,32.0,36.0,300,auto,0.0,0.0
26,COMPUTE,39.0,662.0,28.0,32.0,36.0,300,auto,0.0,0.0
27,COMPUTE,37.0,662.0,29.0,32.0,36.0,300,auto,0.0,0.0
28,COMPUTE,38.0,668.0,28.0,32.0,35.0,300,auto,0.0,0.0
29,COMPUTE,37.0,662.0,28.0,32.0,35.0,300,auto,0.0,0.0
30,COMPUTE,38.0,668.0,28.0,32.0,36.0,300,auto,0.0,0.0
31,COMPUTE,38.0,668.0,28.0,32.0,36.0,300,auto,0.0,0.0
32,COMPUTE,35.0,662.0,28.0,32.0,35.0,300,auto,0.0,0.0
33,COMPUTE,37.0,912.0,28.0,32.0,35.0,300,auto,0.0,0.0
34,COMPUTE,38.0,668.0,28.0,31.0,35.0,300,auto,0.0,0.0
35,COMPUTE,37.0,675.0,28.0,31.0,35.0,300,auto,0.0,0.0
36,COMPUTE,38.0,662.0,27.0,31.0,36.0,300,auto,0.0,0.0
37,COMPUTE,37.0,662.0,27.0,31.0,34.0,300,auto,0.0,0.0
38,COMPUTE,38.0,662.0,26.0,31.0,34.0,300,auto,0.0,0.0
39,COMPUTE,36.0,668.0,27.0,31.0,34.0,300,auto,0.0,0.0
40,COMPUTE,39.0,662.0,27.0,31.0,34.0,300,auto,0.0,0.0
41,COMPUTE,39.0,662.0,27.0,31.0,35.0,300,auto,1.0,0.0
42,COMPUTE,36.0,662.0,27.0,30.0,34.0,300,auto,0.0,0.0
43,COMPUTE,36.0,662.0,27.0,31.0,34.0,300,auto,0.0,0.0
44,COMPUTE,38.0,668.0,26.0,31.0,34.0,300,auto,0.0,0.0
45,COMPUTE,37.0,662.0,26.0,30.0,34.0,300,auto,0.0,0.0
46,COMPUTE,38.0,662.0,26.0,30.0,34.0,300,auto,0.0,0.0
47,COMPUTE,37.0,662.0,26.0,30.0,35.0,300,auto,0.0,0.0
48,COMPUTE,35.0,662.0,26.0,30.0,34.0,300,auto,0.0,0.0
49,COMPUTE,36.0,668.0,26.0,30.0,35.0,300,auto,0.0,0.0
50,COMPUTE,38.0,662.0,26.0,30.0,34.0,300,auto,0.0,0.0
51,COMPUTE,39.0,662.0,26.0,30.0,33.0,300,auto,0.0,0.0
52,COMPUTE,39.0,668.0,26.0,30.0,33.0,300,auto,0.0,0.0
53,COMPUTE,54.0,893.0,26.0,30.0,33.0,1502,auto,12.0,0.0
54,COMPUTE,36.0,662.0,26.0,30.0,34.0,300,auto,0.0,0.0
55,COMPUTE,37.0,668.0,26.0,30.0,34.0,300,auto,0.0,0.0
56,COMPUTE,39.0,662.0,25.0,30.0,33.0,300,auto,0.0,0.0
57,COMPUTE,37.0,668.0,26.0,29.0,33.0,300,auto,0.0,0.0
58,COMPUTE,35.0,668.0,26.0,29.0,33.0,300,auto,0.0,0.0
59,COMPUTE,38.0,675.0,25.0,30.0,33.0,300,auto,0.0,0.0
60,COMPUTE,49.0,662.0,25.0,30.0,33.0,300,auto,12.0,1.0
61,COMPUTE,241.0,900.0,27.0,33.0,35.0,1502,auto,99.0,16.0
62,COMPUTE,283.0,662.0,29.0,42.0,39.0,1502,auto,100.0,5.0
63,COMPUTE,234.0,881.0,30.0,42.0,40.0,1502,auto,99.0,13.0
64,COMPUTE,305.0,893.0,31.0,43.0,40.0,1502,auto,96.0,32.0
65,COMPUTE,309.0,906.0,31.0,43.0,40.0,1472,auto,99.0,14.0
66,COMPUTE,228.0,912.0,31.0,44.0,41.0,1502,auto,99.0,11.0
67,COMPUTE,300.0,918.0,31.0,45.0,42.0,1502,auto,100.0,13.0
68,COMPUTE,299.0,918.0,31.0,44.0,41.0,1502,auto,99.0,15.0
69,COMPUTE,169.0,893.0,32.0,45.0,42.0,1502,auto,99.0,13.0
70,COMPUTE,273.0,912.0,32.0,45.0,42.0,1502,auto,99.0,15.0
71,COMPUTE,42.0,893.0,32.0,45.0,42.0,1502,auto,14.0,0.0
72,COMPUTE,153.0,893.0,33.0,46.0,42.0,1502,auto,60.0,0.0
73,COMPUTE,287.0,900.0,33.0,46.0,42.0,1502,auto,64.0,28.0
74,COMPUTE,39.0,668.0,31.0,36.0,38.0,300,auto,0.0,0.0
75,COMPUTE,38.0,668.0,30.0,33.0,37.0,300,auto,0.0,0.0
76,COMPUTE,307.0,875.0,31.0,40.0,39.0,1502,auto,88.0,31.0
77,COMPUTE,288.0,912.0,32.0,43.0,40.0,1502,auto,100.0,41.0
78,COMPUTE,293.0,862.0,33.0,45.0,42.0,1502,auto,99.0,18.0
79,COMPUTE,317.0,881.0,33.0,45.0,43.0,1472,auto,98.0,21.0
80,COMPUTE,221.0,893.0,33.0,46.0,43.0,1502,auto,98.0,9.0
81,COMPUTE,134.0,900.0,33.0,47.0,43.0,1502,auto,43.0,14.0
82,COMPUTE,140.0,912.0,34.0,47.0,44.0,1502,auto,63.0,15.0
83,COMPUTE,255.0,912.0,34.0,47.0,43.0,1502,auto,100.0,40.0
84,COMPUTE,276.0,918.0,35.0,48.0,44.0,1502,auto,99.0,16.0
85,COMPUTE,244.0,900.0,34.0,48.0,44.0,1502,auto,99.0,14.0
86,COMPUTE,273.0,906.0,34.0,48.0,44.0,1502,auto,87.0,10.0
87,COMPUTE,274.0,893.0,34.0,48.0,44.0,1502,auto,92.0,32.0
88,COMPUTE,183.0,893.0,34.0,47.0,44.0,1502,auto,99.0,23.0
89,COMPUTE,306.0,893.0,35.0,48.0,44.0,1472,auto,99.0,17.0
90,COMPUTE,182.0,912.0,34.0,45.0,44.0,1502,auto,82.0,9.0
91,COMPUTE,174.0,893.0,33.0,40.0,42.0,1502,auto,87.0,16.0
92,COMPUTE,76.0,900.0,35.0,48.0,45.0,1502,auto,8.0,0.0
93,COMPUTE,288.0,893.0,35.0,48.0,45.0,1502,auto,99.0,15.0
94,COMPUTE,234.0,906.0,35.0,49.0,45.0,1502,auto,99.0,19.0
95,COMPUTE,273.0,918.0,36.0,49.0,45.0,1502,auto,100.0,18.0
96,COMPUTE,212.0,893.0,36.0,49.0,44.0,1502,auto,99.0,15.0
97,COMPUTE,251.0,900.0,36.0,50.0,45.0,1502,auto,98.0,18.0
98,COMPUTE,285.0,918.0,36.0,50.0,45.0,1502,auto,81.0,30.0
99,COMPUTE,300.0,900.0,36.0,50.0,46.0,1472,auto,4.0,0.0
100,COMPUTE,60.0,893.0,36.0,50.0,46.0,1502,auto,17.0,1.0
101,COMPUTE,66.0,900.0,37.0,51.0,46.0,1502,auto,33.0,6.0
102,COMPUTE,280.0,925.0,37.0,50.0,45.0,1502,auto,100.0,42.0
103,COMPUTE,200.0,912.0,37.0,50.0,45.0,1502,auto,99.0,13.0
104,COMPUTE,76.0,918.0,35.0,42.0,44.0,1502,auto,9.0,0.0
105,COMPUTE,39.0,675.0,36.0,46.0,44.0,300,auto,0.0,0.0
106,COMPUTE,77.0,868.0,37.0,50.0,46.0,1502,auto,10.0,0.0
107,COMPUTE,292.0,912.0,37.0,51.0,46.0,1502,auto,99.0,26.0
108,COMPUTE,273.0,937.0,38.0,51.0,46.0,1502,auto,99.0,14.0
109,COMPUTE,254.0,893.0,37.0,51.0,47.0,1502,auto,99.0,11.0
110,COMPUTE,249.0,912.0,37.0,51.0,47.0,1502,auto,99.0,16.0
111,COMPUTE,300.0,893.0,38.0,52.0,47.0,1502,auto,99.0,12.0
112,COMPUTE,74.0,912.0,38.0,52.0,47.0,1502,auto,44.0,5.0
113,COMPUTE,237.0,900.0,38.0,51.0,47.0,1502,auto,99.0,21.0
114,COMPUTE,299.0,925.0,38.0,51.0,46.0,1502,auto,99.0,11.0
115,COMPUTE,62.0,893.0,39.0,52.0,46.0,1502,auto,8.0,1.0
116,COMPUTE,279.0,893.0,38.0,51.0,48.0,1502,auto,97.0,17.0
117,COMPUTE,299.0,893.0,38.0,52.0,47.0,1502,auto,79.0,34.0
118,COMPUTE,191.0,887.0,38.0,52.0,46.0,1502,auto,99.0,21.0
119,COMPUTE,130.0,925.0,38.0,50.0,47.0,1502,auto,73.0,8.0
120,COMPUTE,294.0,925.0,37.0,50.0,45.0,1502,auto,99.0,15.0
121,COMPUTE,289.0,662.0,38.0,52.0,46.0,1502,auto,100.0,41.0
122,COMPUTE,282.0,893.0,39.0,52.0,46.0,1502,auto,99.0,16.0
123,COMPUTE,294.0,893.0,38.0,52.0,48.0,1502,auto,99.0,11.0
124,COMPUTE,279.0,662.0,39.0,53.0,48.0,1502,auto,100.0,42.0
125,COMPUTE,306.0,881.0,38.0,52.0,47.0,1472,auto,99.0,16.0
126,COMPUTE,234.0,893.0,39.0,53.0,48.0,1502,auto,99.0,14.0
127,COMPUTE,272.0,925.0,39.0,53.0,47.0,1502,auto,100.0,43.0
128,COMPUTE,169.0,918.0,39.0,52.0,47.0,1502,auto,99.0,14.0
129,COMPUTE,295.0,906.0,39.0,53.0,48.0,1502,auto,73.0,34.0
130,COMPUTE,280.0,881.0,39.0,53.0,48.0,1502,auto,99.0,27.0
131,COMPUTE,229.0,906.0,39.0,52.0,47.0,1502,auto,98.0,20.0
132,COMPUTE,299.0,887.0,40.0,53.0,48.0,1502,auto,79.0,33.0
133,COMPUTE,241.0,925.0,39.0,49.0,46.0,1502,auto,99.0,17.0
134,COMPUTE,39.0,906.0,38.0,42.0,45.0,300,auto,0.0,0.0
135,COMPUTE,298.0,912.0,39.0,51.0,48.0,1502,auto,92.0,16.0
136,COMPUTE,232.0,906.0,39.0,53.0,49.0,1502,auto,52.0,17.0
137,COMPUTE,242.0,912.0,39.0,52.0,47.0,1502,auto,99.0,15.0
138,COMPUTE,248.0,912.0,39.0,52.0,47.0,1502,auto,99.0,17.0
139,COMPUTE,223.0,906.0,40.0,54.0,48.0,1502,auto,56.0,28.0
140,COMPUTE,296.0,900.0,40.0,53.0,48.0,1502,auto,99.0,24.0
141,COMPUTE,215.0,881.0,40.0,53.0,49.0,1502,auto,99.0,13.0
142,COMPUTE,208.0,918.0,40.0,53.0,49.0,1502,auto,99.0,15.0
143,COMPUTE,297.0,912.0,40.0,54.0,49.0,1502,auto,67.0,34.0
144,COMPUTE,264.0,906.0,41.0,54.0,48.0,1502,auto,100.0,39.0
145,COMPUTE,292.0,893.0,40.0,55.0,48.0,1502,auto,99.0,25.0
146,COMPUTE,301.0,912.0,40.0,54.0,48.0,1502,auto,99.0,14.0
147,COMPUTE,40.0,925.0,40.0,51.0,47.0,300,auto,0.0,0.0
148,COMPUTE,91.0,662.0,40.0,52.0,47.0,1502,auto,94.0,31.0
149,COMPUTE,55.0,931.0,40.0,53.0,49.0,1502,auto,7.0,5.0
150,COMPUTE,293.0,893.0,40.0,54.0,49.0,1502,auto,99.0,23.0
151,COMPUTE,204.0,893.0,40.0,53.0,49.0,1502,auto,99.0,9.0
152,COMPUTE,42.0,906.0,41.0,54.0,49.0,300,auto,5.0,0.0
153,COMPUTE,282.0,662.0,40.0,55.0,49.0,1502,auto,100.0,24.0
154,COMPUTE,284.0,900.0,41.0,55.0,49.0,1502,auto,100.0,42.0
155,COMPUTE,254.0,906.0,41.0,54.0,49.0,1502,auto,99.0,16.0
156,COMPUTE,241.0,937.0,41.0,54.0,49.0,1502,auto,99.0,18.0
157,COMPUTE,283.0,925.0,40.0,53.0,49.0,1502,auto,100.0,45.0
158,COMPUTE,271.0,881.0,41.0,53.0,49.0,1502,auto,99.0,15.0
159,COMPUTE,330.0,925.0,41.0,55.0,50.0,1472,auto,99.0,9.0
160,COMPUTE,248.0,943.0,41.0,54.0,49.0,1502,auto,98.0,19.0
161,COMPUTE,273.0,931.0,41.0,55.0,50.0,1502,auto,100.0,25.0
162,COMPUTE,70.0,893.0,41.0,53.0,48.0,1502,auto,28.0,6.0
163,COMPUTE,284.0,887.0,40.0,52.0,47.0,1502,auto,100.0,41.0
164,COMPUTE,182.0,912.0,40.0,53.0,49.0,1502,auto,90.0,10.0
165,COMPUTE,179.0,937.0,41.0,55.0,50.0,1502,auto,40.0,12.0
166,COMPUTE,305.0,893.0,41.0,54.0,49.0,1472,auto,99.0,14.0
167,COMPUTE,203.0,893.0,41.0,54.0,49.0,1502,auto,99.0,14.0
168,COMPUTE,77.0,893.0,42.0,55.0,50.0,1502,auto,41.0,5.0
169,COMPUTE,308.0,918.0,41.0,54.0,50.0,1472,auto,99.0,14.0
170,COMPUTE,192.0,893.0,41.0,54.0,49.0,1502,auto,99.0,15.0
171,COMPUTE,138.0,925.0,41.0,55.0,50.0,1502,auto,58.0,4.0
172,COMPUTE,270.0,893.0,41.0,55.0,50.0,1502,auto,99.0,30.0
173,COMPUTE,235.0,881.0,41.0,54.0,50.0,1502,auto,99.0,13.0
174,BOOTUP DEFAULT,239.0,887.0,42.0,55.0,50.0,1502,auto,51.0,28.0
175,BOOTUP DEFAULT,236.0,931.0,42.0,55.0,50.0,1502,auto,99.0,13.0
176,BOOTUP DEFAULT,289.0,881.0,41.0,51.0,49.0,1502,auto,91.0,28.0
177,BOOTUP DEFAULT,39.0,662.0,39.0,44.0,46.0,300,auto,0.0,0.0
178,BOOTUP DEFAULT,39.0,662.0,38.0,41.0,45.0,300,auto,0.0,0.0
179,BOOTUP DEFAULT,39.0,925.0,37.0,41.0,44.0,300,auto,0.0,0.0
