index,power_profile,power_usage,voltage,edge_temperature,junction_temperature,memory_temperature,sclk,performance,gpu_usage,memory_usage
0,VIDEO,39.0,668.0,38.0,42.0,45.0,300,manual,0.0,0.0
1,VIDEO,39.0,668.0,38.0,42.0,45.0,300,manual,0.0,0.0
2,VIDEO,39.0,662.0,38.0,42.0,45.0,300,manual,0.0,0.0
3,VIDEO,39.0,668.0,37.0,41.0,45.0,300,manual,0.0,0.0
4,VIDEO,39.0,662.0,37.0,41.0,44.0,300,manual,0.0,0.0
5,VIDEO,39.0,662.0,37.0,41.0,44.0,300,manual,0.0,0.0
6,VIDEO,39.0,662.0,37.0,40.0,44.0,300,manual,0.0,0.0
7,VIDEO,39.0,662.0,36.0,40.0,44.0,300,manual,0.0,0.0
8,VIDEO,39.0,662.0,36.0,40.0,43.0,300,manual,0.0,0.0
9,VIDEO,39.0,668.0,36.0,39.0,43.0,300,manual,0.0,0.0
10,VIDEO,261.0,881.0,39.0,51.0,46.0,1472,manual,99.0,13.0
11,VIDEO,59.0,881.0,39.0,49.0,46.0,1502,manual,22.0,2.0
12,VIDEO,326.0,893.0,41.0,56.0,47.0,1472,manual,100.0,11.0
13,VIDEO,298.0,856.0,41.0,56.0,48.0,1430,manual,100.0,11.0
14,VIDEO,249.0,893.0,41.0,56.0,48.0,1472,manual,100.0,11.0
15,VIDEO,282.0,881.0,42.0,56.0,48.0,1472,manual,100.0,14.0
16,VIDEO,275.0,881.0,42.0,55.0,47.0,1472,manual,99.0,12.0
17,VIDEO,290.0,887.0,42.0,57.0,49.0,1472,manual,100.0,9.0
18,VIDEO,331.0,906.0,42.0,58.0,49.0,1430,manual,100.0,14.0
19,VIDEO,293.0,881.0,42.0,57.0,49.0,1472,manual,100.0,12.0
20,VIDEO,279.0,881.0,43.0,58.0,49.0,1472,manual,100.0,14.0
21,VIDEO,264.0,881.0,42.0,57.0,48.0,1472,manual,99.0,13.0
22,VIDEO,290.0,900.0,42.0,56.0,49.0,1472,manual,100.0,9.0
23,VIDEO,301.0,906.0,42.0,52.0,49.0,1472,manual,99.0,11.0
24,VIDEO,287.0,668.0,43.0,58.0,50.0,1472,manual,100.0,10.0
25,VIDEO,229.0,881.0,43.0,59.0,50.0,1472,manual,100.0,8.0
26,VIDEO,327.0,881.0,44.0,59.0,50.0,1472,manual,100.0,14.0
27,VIDEO,315.0,881.0,43.0,59.0,50.0,1472,manual,100.0,12.0
28,VIDEO,299.0,906.0,44.0,59.0,50.0,1472,manual,100.0,13.0
29,VIDEO,273.0,881.0,44.0,59.0,50.0,1472,manual,100.0,14.0
30,VIDEO,291.0,881.0,43.0,59.0,50.0,1472,manual,100.0,13.0
31,VIDEO,334.0,856.0,43.0,54.0,50.0,1472,manual,99.0,14.0
32,VIDEO,282.0,906.0,44.0,60.0,51.0,1472,manual,100.0,12.0
33,VIDEO,283.0,925.0,43.0,52.0,49.0,1472,manual,99.0,11.0
34,VIDEO,303.0,881.0,44.0,59.0,51.0,1472,manual,100.0,12.0
35,VIDEO,289.0,881.0,44.0,57.0,50.0,1472,manual,100.0,10.0
36,VIDEO,269.0,856.0,44.0,60.0,51.0,1430,manual,99.0,11.0
37,VIDEO,282.0,868.0,44.0,59.0,51.0,1472,manual,100.0,14.0
38,VIDEO,272.0,881.0,44.0,61.0,51.0,1472,manual,99.0,9.0
39,VIDEO,277.0,912.0,44.0,59.0,51.0,1472,manual,100.0,12.0
40,VIDEO,293.0,862.0,45.0,60.0,51.0,1472,manual,100.0,13.0
41,VIDEO,298.0,875.0,45.0,61.0,51.0,1472,manual,99.0,9.0
42,VIDEO,307.0,881.0,45.0,59.0,51.0,1472,manual,99.0,10.0
43,VIDEO,278.0,875.0,45.0,61.0,51.0,1472,manual,100.0,13.0
44,VIDEO,275.0,881.0,45.0,60.0,51.0,1472,manual,100.0,10.0
45,VIDEO,288.0,881.0,44.0,58.0,51.0,1472,manual,100.0,12.0
46,VIDEO,294.0,918.0,44.0,58.0,51.0,1472,manual,100.0,13.0
47,VIDEO,293.0,893.0,45.0,61.0,52.0,1430,manual,100.0,11.0
48,VIDEO,81.0,881.0,45.0,61.0,52.0,1502,manual,48.0,1.0
49,VIDEO,265.0,881.0,45.0,60.0,52.0,1472,manual,99.0,13.0
50,VIDEO,292.0,893.0,44.0,57.0,51.0,1472,manual,100.0,13.0
51,VIDEO,334.0,900.0,45.0,61.0,52.0,1472,manual,100.0,13.0
52,VIDEO,281.0,893.0,45.0,61.0,51.0,1472,manual,100.0,12.0
53,VIDEO,301.0,893.0,46.0,61.0,51.0,1472,manual,100.0,12.0
54,VIDEO,255.0,881.0,45.0,61.0,51.0,1472,manual,99.0,12.0
55,VIDEO,320.0,675.0,45.0,61.0,52.0,1472,manual,100.0,11.0
56,VIDEO,292.0,881.0,45.0,61.0,52.0,1472,manual,100.0,11.0
57,VIDEO,260.0,887.0,46.0,61.0,52.0,1472,manual,100.0,13.0
58,VIDEO,307.0,893.0,46.0,62.0,52.0,1472,manual,99.0,10.0
59,VIDEO,336.0,900.0,46.0,62.0,52.0,1430,manual,100.0,13.0
60,VIDEO,217.0,875.0,46.0,61.0,51.0,1502,manual,100.0,12.0
61,VIDEO,292.0,925.0,46.0,62.0,52.0,1472,manual,100.0,10.0
62,VIDEO,287.0,881.0,46.0,62.0,52.0,1472,manual,100.0,11.0
63,VIDEO,334.0,662.0,46.0,62.0,53.0,1472,manual,100.0,11.0
64,VIDEO,328.0,925.0,46.0,62.0,52.0,1430,manual,100.0,11.0
65,VIDEO,284.0,856.0,46.0,61.0,52.0,1472,manual,100.0,14.0
66,VIDEO,331.0,900.0,46.0,62.0,53.0,1430,manual,100.0,11.0
67,VIDEO,290.0,856.0,47.0,62.0,52.0,1472,manual,100.0,11.0
68,VIDEO,216.0,887.0,46.0,61.0,53.0,1502,manual,100.0,8.0
69,VIDEO,260.0,887.0,46.0,62.0,53.0,1472,manual,100.0,12.0
70,VIDEO,262.0,893.0,47.0,61.0,53.0,1472,manual,100.0,13.0
71,VIDEO,349.0,856.0,46.0,55.0,51.0,1502,manual,74.0,9.0
72,VIDEO,328.0,881.0,47.0,62.0,53.0,1472,manual,100.0,11.0
73,VIDEO,286.0,893.0,47.0,62.0,52.0,1502,manual,100.0,14.0
74,VIDEO,328.0,881.0,46.0,62.0,53.0,1472,manual,100.0,14.0
75,VIDEO,328.0,881.0,46.0,60.0,53.0,1472,manual,100.0,11.0
76,VIDEO,294.0,875.0,47.0,62.0,53.0,1472,manual,100.0,14.0
77,VIDEO,282.0,881.0,47.0,62.0,53.0,1472,manual,100.0,12.0
78,VIDEO,292.0,881.0,46.0,62.0,53.0,1430,manual,100.0,11.0
79,VIDEO,262.0,893.0,47.0,63.0,52.0,1472,manual,99.0,14.0
80,VIDEO,275.0,662.0,47.0,62.0,53.0,1472,manual,100.0,11.0
81,VIDEO,289.0,900.0,47.0,62.0,53.0,1472,manual,100.0,14.0
82,VIDEO,285.0,862.0,47.0,63.0,53.0,1430,manual,100.0,10.0
83,VIDEO,282.0,881.0,47.0,63.0,53.0,1430,manual,100.0,12.0
84,VIDEO,303.0,856.0,47.0,62.0,53.0,1472,manual,100.0,12.0
85,VIDEO,249.0,868.0,47.0,62.0,53.0,1472,manual,100.0,9.0
86,VIDEO,273.0,881.0,47.0,62.0,53.0,1472,manual,100.0,9.0
87,VIDEO,59.0,893.0,47.0,61.0,52.0,300,manual,1.0,0.0
88,VIDEO,293.0,925.0,48.0,63.0,53.0,1430,manual,99.0,12.0
89,VIDEO,253.0,887.0,48.0,62.0,53.0,1472,manual,100.0,13.0
90,VIDEO,298.0,862.0,48.0,63.0,53.0,1472,manual,100.0,8.0
91,VIDEO,325.0,887.0,47.0,61.0,53.0,1430,manual,100.0,11.0
92,VIDEO,233.0,881.0,47.0,63.0,53.0,1472,manual,100.0,12.0
93,VIDEO,333.0,887.0,48.0,62.0,53.0,1430,manual,100.0,12.0
94,VIDEO,347.0,881.0,46.0,54.0,52.0,1472,manual,87.0,11.0
95,VIDEO,311.0,881.0,47.0,56.0,52.0,1502,manual,83.0,12.0
96,VIDEO,283.0,881.0,48.0,63.0,54.0,1472,manual,100.0,11.0
97,VIDEO,263.0,881.0,47.0,63.0,54.0,1472,manual,100.0,11.0
98,VIDEO,285.0,881.0,47.0,62.0,53.0,1472,manual,100.0,12.0
99,VIDEO,334.0,931.0,48.0,63.0,54.0,1430,manual,100.0,12.0
100,VIDEO,289.0,881.0,47.0,63.0,54.0,1430,manual,100.0,11.0
101,VIDEO,265.0,881.0,48.0,63.0,54.0,1472,manual,100.0,12.0
102,VIDEO,298.0,881.0,48.0,64.0,54.0,1430,manual,100.0,10.0
103,VIDEO,292.0,881.0,47.0,62.0,53.0,1472,manual,100.0,11.0
104,VIDEO,335.0,881.0,47.0,60.0,53.0,1430,manual,100.0,13.0
105,VIDEO,264.0,881.0,48.0,63.0,54.0,1472,manual,100.0,13.0
106,VIDEO,296.0,893.0,48.0,64.0,54.0,1472,manual,100.0,12.0
107,VIDEO,299.0,856.0,47.0,56.0,53.0,1472,manual,99.0,14.0
108,VIDEO,309.0,862.0,48.0,63.0,54.0,1472,manual,100.0,11.0
109,VIDEO,281.0,881.0,48.0,63.0,54.0,1472,manual,100.0,11.0
110,VIDEO,254.0,906.0,47.0,62.0,54.0,1502,manual,99.0,9.0
111,VIDEO,335.0,893.0,47.0,61.0,54.0,1430,manual,100.0,11.0
112,VIDEO,262.0,875.0,48.0,64.0,54.0,1472,manual,100.0,11.0
113,VIDEO,210.0,881.0,48.0,61.0,54.0,1502,manual,100.0,13.0
114,VIDEO,332.0,881.0,47.0,61.0,53.0,1430,manual,100.0,12.0
115,VIDEO,292.0,887.0,48.0,64.0,54.0,1472,manual,100.0,14.0
116,VIDEO,290.0,881.0,48.0,63.0,54.0,1430,manual,100.0,13.0
117,VIDEO,314.0,856.0,48.0,63.0,54.0,1472,manual,100.0,12.0
118,VIDEO,264.0,881.0,48.0,63.0,54.0,1472,manual,100.0,12.0
119,VIDEO,328.0,881.0,48.0,64.0,54.0,1430,manual,99.0,11.0
120,VIDEO,316.0,881.0,48.0,64.0,54.0,1430,manual,100.0,13.0
121,VIDEO,300.0,875.0,48.0,63.0,54.0,1430,manual,100.0,13.0
122,VIDEO,287.0,881.0,48.0,63.0,54.0,1472,manual,100.0,10.0
123,VIDEO,317.0,881.0,48.0,64.0,54.0,1430,manual,100.0,13.0
124,VIDEO,279.0,887.0,48.0,62.0,54.0,1430,manual,100.0,12.0
125,VIDEO,264.0,850.0,48.0,64.0,54.0,1472,manual,100.0,10.0
126,VIDEO,269.0,875.0,49.0,64.0,54.0,1472,manual,99.0,10.0
127,VIDEO,271.0,856.0,48.0,63.0,54.0,1472,manual,100.0,11.0
128,VIDEO,283.0,906.0,49.0,64.0,54.0,1430,manual,100.0,13.0
129,VIDEO,263.0,856.0,48.0,63.0,54.0,1472,manual,100.0,10.0
130,VIDEO,306.0,881.0,48.0,60.0,54.0,1472,manual,100.0,10.0
131,VIDEO,256.0,887.0,48.0,64.0,54.0,1502,manual,100.0,11.0
132,VIDEO,290.0,900.0,48.0,62.0,53.0,1472,manual,99.0,12.0
133,VIDEO,281.0,856.0,48.0,63.0,53.0,1430,manual,100.0,14.0
134,VIDEO,289.0,906.0,48.0,63.0,54.0,1430,manual,100.0,14.0
135,VIDEO,265.0,862.0,48.0,64.0,54.0,1472,manual,100.0,10.0
136,VIDEO,297.0,850.0,48.0,63.0,54.0,1430,manual,100.0,14.0
137,VIDEO,290.0,862.0,49.0,64.0,54.0,1472,manual,100.0,10.0
138,VIDEO,287.0,856.0,48.0,63.0,54.0,1430,manual,100.0,14.0
139,VIDEO,228.0,881.0,48.0,64.0,54.0,1472,manual,100.0,13.0
140,VIDEO,290.0,668.0,48.0,64.0,54.0,1472,manual,100.0,13.0
141,VIDEO,333.0,881.0,49.0,64.0,55.0,1430,manual,99.0,12.0
142,VIDEO,290.0,881.0,48.0,63.0,54.0,1472,manual,100.0,11.0
143,VIDEO,44.0,912.0,48.0,58.0,53.0,300,manual,0.0,0.0
144,VIDEO,307.0,850.0,49.0,64.0,54.0,1430,manual,100.0,12.0
145,VIDEO,227.0,893.0,49.0,64.0,55.0,1472,manual,99.0,12.0
146,VIDEO,291.0,862.0,49.0,64.0,55.0,1472,manual,99.0,11.0
147,VIDEO,267.0,881.0,49.0,64.0,55.0,1472,manual,100.0,11.0
148,VIDEO,268.0,875.0,49.0,64.0,55.0,1472,manual,100.0,10.0
149,VIDEO,346.0,881.0,49.0,64.0,55.0,1472,manual,100.0,12.0
150,VIDEO,287.0,875.0,48.0,64.0,55.0,1472,manual,100.0,13.0
151,VIDEO,336.0,868.0,49.0,64.0,54.0,1430,manual,100.0,13.0
152,VIDEO,267.0,881.0,49.0,64.0,55.0,1472,manual,100.0,11.0
153,VIDEO,303.0,856.0,49.0,64.0,55.0,1472,manual,100.0,12.0
154,VIDEO,287.0,881.0,49.0,65.0,55.0,1472,manual,100.0,11.0
155,VIDEO,301.0,875.0,49.0,64.0,55.0,1472,manual,100.0,13.0
156,VIDEO,264.0,668.0,49.0,64.0,55.0,1472,manual,100.0,11.0
157,VIDEO,290.0,856.0,49.0,64.0,54.0,1472,manual,100.0,11.0
158,VIDEO,280.0,881.0,49.0,65.0,55.0,1472,manual,100.0,12.0
159,VIDEO,288.0,881.0,49.0,64.0,55.0,1472,manual,100.0,13.0
160,VIDEO,294.0,862.0,49.0,64.0,55.0,1472,manual,100.0,14.0
161,VIDEO,290.0,881.0,49.0,64.0,55.0,1430,manual,100.0,12.0
162,VIDEO,263.0,850.0,49.0,64.0,55.0,1472,manual,100.0,12.0
163,VIDEO,44.0,893.0,49.0,64.0,54.0,300,manual,0.0,0.0
164,VIDEO,271.0,856.0,49.0,64.0,55.0,1472,manual,100.0,11.0
165,VIDEO,272.0,856.0,49.0,64.0,54.0,1430,manual,100.0,12.0
166,VIDEO,307.0,862.0,49.0,64.0,55.0,1430,manual,100.0,9.0
167,VIDEO,267.0,893.0,49.0,65.0,54.0,1472,manual,100.0,10.0
168,VIDEO,290.0,850.0,49.0,65.0,55.0,1472,manual,100.0,12.0
169,VIDEO,275.0,893.0,49.0,62.0,54.0,1472,manual,100.0,11.0
170,VIDEO,337.0,881.0,48.0,57.0,53.0,1472,manual,99.0,14.0
171,VIDEO,295.0,856.0,49.0,64.0,55.0,1472,manual,100.0,12.0
172,VIDEO,310.0,662.0,49.0,64.0,54.0,1430,manual,100.0,14.0
173,VIDEO,298.0,912.0,49.0,64.0,55.0,1472,manual,100.0,8.0
174,VIDEO,271.0,881.0,48.0,62.0,54.0,1430,manual,100.0,13.0
175,VIDEO,273.0,881.0,49.0,65.0,54.0,1430,manual,99.0,9.0
176,VIDEO,263.0,881.0,49.0,64.0,54.0,1472,manual,3.0,0.0
177,VIDEO,293.0,856.0,49.0,64.0,54.0,1472,manual,100.0,13.0
178,VIDEO,299.0,850.0,49.0,64.0,55.0,1472,manual,100.0,14.0
179,VIDEO,291.0,881.0,49.0,65.0,54.0,1430,manual,100.0,12.0
180,VIDEO,323.0,881.0,49.0,64.0,54.0,1472,manual,100.0,13.0
181,VIDEO,296.0,881.0,49.0,62.0,53.0,1430,manual,100.0,11.0
182,VIDEO,270.0,856.0,49.0,64.0,55.0,1430,manual,100.0,10.0
183,VIDEO,307.0,862.0,49.0,65.0,55.0,1430,manual,100.0,12.0
184,VIDEO,294.0,881.0,49.0,65.0,54.0,1472,manual,100.0,11.0
185,VIDEO,292.0,881.0,48.0,64.0,55.0,1430,manual,100.0,12.0
186,VIDEO,272.0,662.0,49.0,64.0,54.0,1430,manual,100.0,13.0
187,VIDEO,337.0,881.0,49.0,64.0,54.0,1472,manual,100.0,14.0
188,VIDEO,278.0,881.0,49.0,65.0,55.0,1430,manual,99.0,12.0
189,VIDEO,264.0,862.0,48.0,61.0,54.0,1472,manual,99.0,11.0
190,VIDEO,323.0,875.0,49.0,64.0,55.0,1472,manual,100.0,10.0
191,VIDEO,286.0,881.0,49.0,65.0,54.0,1430,manual,100.0,14.0
192,VIDEO,320.0,856.0,49.0,64.0,55.0,1472,manual,100.0,14.0
193,VIDEO,295.0,881.0,49.0,65.0,55.0,1472,manual,100.0,13.0
194,VIDEO,295.0,893.0,49.0,64.0,55.0,1472,manual,99.0,11.0
195,VIDEO,336.0,862.0,49.0,64.0,54.0,1430,manual,100.0,13.0
196,VIDEO,271.0,875.0,49.0,64.0,54.0,1472,manual,100.0,13.0
197,VIDEO,281.0,881.0,49.0,63.0,55.0,1430,manual,100.0,14.0
198,VIDEO,287.0,881.0,49.0,64.0,55.0,1472,manual,100.0,14.0
199,VIDEO,299.0,893.0,48.0,61.0,54.0,1472,manual,100.0,14.0
200,VIDEO,301.0,875.0,49.0,64.0,55.0,1430,manual,100.0,12.0
201,VIDEO,316.0,893.0,49.0,65.0,55.0,1472,manual,100.0,13.0
202,VIDEO,220.0,887.0,49.0,64.0,55.0,1472,manual,99.0,8.0
203,VIDEO,290.0,881.0,49.0,62.0,55.0,1472,manual,100.0,12.0
204,VIDEO,43.0,662.0,46.0,50.0,52.0,300,manual,0.0,0.0
