index,power_profile,power_usage,voltage,edge_temperature,junction_temperature,memory_temperature,sclk,performance,gpu_usage,memory_usage
0,COMPUTE,39.0,662.0,39.0,43.0,46.0,300,auto,0.0,0.0
1,COMPUTE,39.0,662.0,39.0,42.0,45.0,300,auto,0.0,0.0
2,COMPUTE,39.0,668.0,38.0,42.0,45.0,300,auto,0.0,0.0
3,COMPUTE,39.0,662.0,38.0,42.0,45.0,300,auto,0.0,0.0
4,COMPUTE,39.0,662.0,38.0,41.0,45.0,300,auto,0.0,0.0
5,COMPUTE,39.0,662.0,37.0,41.0,44.0,300,auto,0.0,0.0
6,COMPUTE,39.0,662.0,37.0,41.0,44.0,300,auto,0.0,0.0
7,COMPUTE,39.0,662.0,36.0,41.0,44.0,300,auto,0.0,0.0
8,COMPUTE,39.0,662.0,36.0,40.0,44.0,300,auto,0.0,0.0
9,COMPUTE,39.0,668.0,36.0,40.0,43.0,300,auto,0.0,0.0
10,COMPUTE,332.0,887.0,39.0,51.0,46.0,1472,auto,99.0,13.0
11,COMPUTE,344.0,881.0,40.0,49.0,46.0,1472,auto,97.0,12.0
12,COMPUTE,262.0,881.0,41.0,56.0,48.0,1472,auto,100.0,13.0
13,COMPUTE,284.0,906.0,41.0,56.0,48.0,1472,auto,100.0,14.0
14,COMPUTE,311.0,881.0,41.0,53.0,48.0,1472,auto,99.0,11.0
15,COMPUTE,317.0,906.0,42.0,57.0,49.0,1472,auto,99.0,11.0
16,COMPUTE,280.0,881.0,42.0,57.0,49.0,1472,auto,99.0,14.0
17,COMPUTE,44.0,906.0,42.0,58.0,49.0,300,auto,4.0,0.0
18,COMPUTE,317.0,906.0,43.0,58.0,49.0,1472,auto,99.0,10.0
19,COMPUTE,144.0,887.0,41.0,50.0,48.0,1502,auto,47.0,4.0
20,COMPUTE,295.0,856.0,43.0,58.0,49.0,1472,auto,99.0,12.0
21,COMPUTE,266.0,893.0,43.0,57.0,49.0,1430,auto,100.0,12.0
22,COMPUTE,59.0,856.0,42.0,52.0,48.0,1502,auto,14.0,4.0
23,COMPUTE,291.0,668.0,43.0,59.0,50.0,1472,auto,99.0,10.0
24,COMPUTE,286.0,856.0,43.0,59.0,49.0,1430,auto,99.0,10.0
25,COMPUTE,297.0,881.0,43.0,58.0,49.0,1472,auto,99.0,11.0
26,COMPUTE,265.0,662.0,44.0,59.0,49.0,1472,auto,99.0,13.0
27,COMPUTE,284.0,893.0,44.0,59.0,50.0,1502,auto,99.0,13.0
28,COMPUTE,284.0,662.0,44.0,59.0,50.0,1472,auto,100.0,12.0
29,COMPUTE,332.0,887.0,43.0,59.0,50.0,1472,auto,100.0,12.0
30,COMPUTE,225.0,850.0,44.0,59.0,51.0,1472,auto,100.0,10.0
31,COMPUTE,274.0,881.0,44.0,60.0,51.0,1472,auto,100.0,12.0
32,COMPUTE,335.0,893.0,44.0,59.0,50.0,1472,auto,99.0,11.0
33,COMPUTE,303.0,881.0,44.0,59.0,51.0,1472,auto,99.0,10.0
34,COMPUTE,294.0,893.0,44.0,60.0,50.0,1502,auto,99.0,12.0
35,COMPUTE,307.0,893.0,44.0,59.0,51.0,1472,auto,100.0,8.0
36,COMPUTE,242.0,887.0,45.0,60.0,51.0,1502,auto,100.0,13.0
37,COMPUTE,316.0,906.0,44.0,58.0,51.0,1472,auto,100.0,13.0
38,COMPUTE,243.0,906.0,45.0,61.0,51.0,1502,auto,100.0,12.0
39,COMPUTE,211.0,856.0,44.0,59.0,51.0,1502,auto,100.0,13.0
40,COMPUTE,272.0,893.0,45.0,61.0,51.0,1472,auto,100.0,8.0
41,COMPUTE,280.0,906.0,45.0,60.0,51.0,1472,auto,99.0,10.0
42,COMPUTE,309.0,931.0,45.0,61.0,51.0,1472,auto,99.0,13.0
43,COMPUTE,300.0,893.0,45.0,61.0,51.0,1472,auto,100.0,14.0
44,COMPUTE,290.0,887.0,45.0,61.0,52.0,1472,auto,100.0,14.0
45,COMPUTE,260.0,881.0,46.0,62.0,52.0,1472,auto,100.0,10.0
46,COMPUTE,267.0,881.0,46.0,61.0,52.0,1472,auto,100.0,10.0
47,COMPUTE,307.0,887.0,45.0,60.0,52.0,1472,auto,100.0,9.0
48,COMPUTE,249.0,887.0,46.0,62.0,52.0,1502,auto,99.0,10.0
49,COMPUTE,331.0,856.0,46.0,61.0,52.0,1430,auto,100.0,13.0
50,COMPUTE,282.0,893.0,44.0,52.0,51.0,1472,auto,99.0,14.0
51,COMPUTE,333.0,862.0,45.0,61.0,52.0,1430,auto,100.0,13.0
52,COMPUTE,63.0,856.0,45.0,55.0,51.0,1502,auto,19.0,3.0
53,COMPUTE,248.0,893.0,46.0,62.0,52.0,1502,auto,100.0,9.0
54,COMPUTE,333.0,856.0,46.0,62.0,52.0,1472,auto,99.0,12.0
55,COMPUTE,319.0,862.0,46.0,62.0,53.0,1472,auto,100.0,12.0
56,COMPUTE,44.0,906.0,46.0,62.0,52.0,300,auto,0.0,0.0
57,COMPUTE,298.0,868.0,46.0,62.0,53.0,1472,auto,99.0,8.0
58,COMPUTE,278.0,893.0,46.0,61.0,52.0,1472,auto,100.0,12.0
59,COMPUTE,44.0,856.0,47.0,62.0,51.0,300,auto,0.0,0.0
60,COMPUTE,302.0,868.0,46.0,62.0,53.0,1472,auto,100.0,10.0
61,COMPUTE,258.0,893.0,46.0,62.0,53.0,1472,auto,100.0,8.0
62,COMPUTE,268.0,893.0,46.0,62.0,52.0,1472,auto,99.0,11.0
63,COMPUTE,322.0,900.0,46.0,62.0,52.0,1472,auto,99.0,12.0
64,COMPUTE,307.0,893.0,47.0,62.0,53.0,1472,auto,100.0,14.0
65,COMPUTE,267.0,900.0,47.0,62.0,52.0,1472,auto,100.0,13.0
66,COMPUTE,308.0,906.0,47.0,62.0,53.0,1430,auto,100.0,11.0
67,COMPUTE,274.0,887.0,46.0,60.0,53.0,1430,auto,100.0,9.0
68,COMPUTE,284.0,850.0,47.0,62.0,52.0,1472,auto,99.0,13.0
69,COMPUTE,321.0,925.0,47.0,63.0,52.0,1472,auto,99.0,11.0
70,COMPUTE,298.0,662.0,47.0,63.0,52.0,1472,auto,99.0,14.0
71,COMPUTE,296.0,893.0,47.0,63.0,53.0,1472,auto,99.0,12.0
72,COMPUTE,289.0,887.0,47.0,63.0,53.0,1472,auto,100.0,12.0
73,COMPUTE,311.0,881.0,47.0,62.0,53.0,1472,auto,100.0,12.0
74,COMPUTE,290.0,900.0,47.0,63.0,53.0,1472,auto,99.0,11.0
75,COMPUTE,293.0,881.0,47.0,63.0,54.0,1472,auto,100.0,10.0
76,COMPUTE,283.0,881.0,47.0,61.0,52.0,1472,auto,100.0,12.0
77,COMPUTE,334.0,906.0,47.0,63.0,53.0,1430,auto,100.0,11.0
78,COMPUTE,284.0,881.0,48.0,63.0,53.0,1472,auto,100.0,11.0
79,COMPUTE,292.0,881.0,47.0,62.0,52.0,1472,auto,99.0,11.0
80,COMPUTE,305.0,881.0,48.0,63.0,53.0,1472,auto,100.0,13.0
81,COMPUTE,297.0,850.0,48.0,62.0,53.0,1472,auto,100.0,11.0
82,COMPUTE,260.0,875.0,47.0,63.0,54.0,1472,auto,100.0,11.0
83,COMPUTE,288.0,868.0,47.0,63.0,54.0,1472,auto,100.0,12.0
84,COMPUTE,272.0,881.0,47.0,62.0,53.0,1472,auto,100.0,11.0
85,COMPUTE,331.0,881.0,48.0,63.0,54.0,1430,auto,100.0,13.0
86,COMPUTE,297.0,881.0,48.0,63.0,54.0,1472,auto,100.0,12.0
87,COMPUTE,314.0,881.0,48.0,63.0,53.0,1472,auto,99.0,13.0
88,COMPUTE,262.0,856.0,47.0,63.0,52.0,1472,auto,99.0,10.0
89,COMPUTE,270.0,881.0,48.0,63.0,54.0,1472,auto,99.0,8.0
90,COMPUTE,297.0,881.0,48.0,62.0,53.0,1472,auto,100.0,13.0
91,COMPUTE,281.0,881.0,48.0,62.0,54.0,1430,auto,100.0,14.0
92,COMPUTE,332.0,912.0,47.0,62.0,52.0,1430,auto,100.0,13.0
93,COMPUTE,293.0,893.0,48.0,63.0,54.0,1472,auto,99.0,13.0
94,COMPUTE,256.0,893.0,47.0,64.0,54.0,1472,auto,99.0,11.0
95,COMPUTE,44.0,862.0,47.0,59.0,53.0,300,auto,0.0,0.0
96,COMPUTE,282.0,893.0,48.0,63.0,54.0,1472,auto,99.0,10.0
97,COMPUTE,322.0,893.0,48.0,64.0,54.0,1430,auto,99.0,11.0
98,COMPUTE,281.0,862.0,48.0,64.0,54.0,1472,auto,100.0,11.0
99,COMPUTE,288.0,881.0,47.0,58.0,53.0,1472,auto,99.0,10.0
100,COMPUTE,298.0,862.0,48.0,63.0,54.0,1472,auto,100.0,10.0
101,COMPUTE,275.0,850.0,48.0,62.0,53.0,1430,auto,100.0,11.0
102,COMPUTE,278.0,850.0,48.0,64.0,53.0,1472,auto,100.0,11.0
103,COMPUTE,290.0,893.0,48.0,64.0,53.0,1472,auto,100.0,12.0
104,COMPUTE,284.0,887.0,48.0,63.0,53.0,1472,auto,100.0,11.0
105,COMPUTE,272.0,931.0,48.0,64.0,54.0,1430,auto,100.0,12.0
106,COMPUTE,301.0,881.0,48.0,63.0,53.0,1472,auto,100.0,12.0
107,COMPUTE,265.0,881.0,48.0,63.0,54.0,1472,auto,100.0,10.0
108,COMPUTE,305.0,881.0,48.0,64.0,55.0,1472,auto,100.0,12.0
109,COMPUTE,317.0,893.0,49.0,64.0,54.0,1472,auto,99.0,10.0
110,COMPUTE,248.0,862.0,48.0,64.0,54.0,1502,auto,100.0,11.0
111,COMPUTE,285.0,881.0,48.0,64.0,54.0,1430,auto,100.0,13.0
112,COMPUTE,69.0,881.0,48.0,64.0,54.0,1502,auto,5.0,0.0
113,COMPUTE,262.0,668.0,48.0,63.0,54.0,1472,auto,100.0,11.0
114,COMPUTE,317.0,881.0,48.0,63.0,54.0,1472,auto,100.0,13.0
115,COMPUTE,284.0,881.0,48.0,64.0,54.0,1472,auto,100.0,11.0
116,COMPUTE,296.0,887.0,49.0,64.0,54.0,1472,auto,100.0,11.0
117,COMPUTE,293.0,668.0,48.0,64.0,54.0,1472,auto,100.0,11.0
118,COMPUTE,263.0,887.0,48.0,64.0,54.0,1472,auto,100.0,12.0
119,COMPUTE,290.0,881.0,48.0,64.0,54.0,1472,auto,99.0,13.0
120,COMPUTE,316.0,662.0,48.0,64.0,54.0,1430,auto,100.0,12.0
121,COMPUTE,315.0,881.0,48.0,64.0,55.0,1472,auto,100.0,8.0
122,COMPUTE,323.0,856.0,48.0,62.0,53.0,1472,auto,100.0,13.0
123,COMPUTE,308.0,881.0,48.0,64.0,55.0,1472,auto,100.0,14.0
124,COMPUTE,44.0,887.0,48.0,64.0,55.0,300,auto,1.0,0.0
125,COMPUTE,321.0,906.0,49.0,63.0,54.0,1430,auto,100.0,12.0
126,COMPUTE,286.0,887.0,48.0,63.0,54.0,1472,auto,100.0,12.0
127,COMPUTE,223.0,862.0,49.0,64.0,54.0,1472,auto,100.0,9.0
128,COMPUTE,248.0,881.0,48.0,61.0,54.0,1502,auto,100.0,11.0
129,COMPUTE,289.0,893.0,48.0,64.0,54.0,1472,auto,100.0,12.0
130,COMPUTE,265.0,862.0,48.0,64.0,54.0,1472,auto,100.0,12.0
131,COMPUTE,262.0,856.0,48.0,64.0,53.0,1472,auto,99.0,10.0
132,COMPUTE,336.0,881.0,49.0,64.0,54.0,1430,auto,100.0,13.0
133,COMPUTE,69.0,887.0,47.0,58.0,53.0,1502,auto,19.0,3.0
134,COMPUTE,270.0,875.0,48.0,64.0,54.0,1430,auto,100.0,12.0
135,COMPUTE,265.0,881.0,48.0,63.0,54.0,1472,auto,100.0,12.0
136,COMPUTE,337.0,881.0,48.0,64.0,55.0,1430,auto,100.0,14.0
137,COMPUTE,44.0,881.0,48.0,60.0,54.0,300,auto,0.0,0.0
138,COMPUTE,298.0,881.0,49.0,64.0,54.0,1430,auto,100.0,13.0
139,COMPUTE,245.0,881.0,48.0,63.0,54.0,1502,auto,100.0,11.0
140,COMPUTE,328.0,881.0,49.0,64.0,54.0,1472,auto,100.0,11.0
141,COMPUTE,285.0,881.0,48.0,63.0,53.0,1472,auto,100.0,10.0
142,COMPUTE,287.0,662.0,49.0,64.0,55.0,1430,auto,100.0,11.0
143,COMPUTE,312.0,881.0,48.0,64.0,55.0,1472,auto,100.0,12.0
144,COMPUTE,291.0,887.0,49.0,64.0,55.0,1472,auto,100.0,14.0
145,COMPUTE,337.0,881.0,48.0,64.0,54.0,1472,auto,100.0,13.0
146,COMPUTE,321.0,856.0,49.0,64.0,55.0,1472,auto,100.0,12.0
147,COMPUTE,306.0,925.0,48.0,63.0,54.0,1472,auto,100.0,12.0
148,COMPUTE,247.0,862.0,49.0,64.0,55.0,1472,auto,100.0,10.0
149,COMPUTE,290.0,856.0,49.0,64.0,55.0,1472,auto,100.0,9.0
150,COMPUTE,262.0,881.0,49.0,64.0,55.0,1472,auto,100.0,11.0
151,COMPUTE,312.0,881.0,49.0,65.0,55.0,1472,auto,100.0,14.0
152,COMPUTE,286.0,856.0,48.0,64.0,55.0,1430,auto,100.0,14.0
153,COMPUTE,291.0,850.0,48.0,64.0,55.0,1472,auto,100.0,13.0
154,COMPUTE,273.0,881.0,48.0,63.0,55.0,1502,auto,99.0,11.0
155,COMPUTE,285.0,881.0,49.0,64.0,55.0,1472,auto,100.0,12.0
156,COMPUTE,338.0,893.0,49.0,64.0,55.0,1430,auto,100.0,14.0
157,COMPUTE,306.0,881.0,49.0,64.0,55.0,1472,auto,100.0,12.0
158,COMPUTE,286.0,662.0,49.0,64.0,55.0,1430,auto,100.0,12.0
159,COMPUTE,284.0,912.0,49.0,64.0,55.0,1472,auto,99.0,11.0
160,COMPUTE,301.0,900.0,49.0,64.0,55.0,1472,auto,100.0,11.0
161,COMPUTE,306.0,881.0,49.0,64.0,55.0,1472,auto,100.0,13.0
162,COMPUTE,313.0,850.0,49.0,64.0,54.0,1430,auto,100.0,14.0
163,COMPUTE,268.0,881.0,49.0,64.0,54.0,1472,auto,100.0,11.0
164,COMPUTE,290.0,856.0,48.0,64.0,54.0,1472,auto,100.0,12.0
165,COMPUTE,287.0,881.0,49.0,64.0,55.0,1472,auto,99.0,10.0
166,COMPUTE,315.0,893.0,48.0,62.0,54.0,1430,auto,100.0,12.0
167,COMPUTE,44.0,881.0,49.0,64.0,55.0,300,auto,4.0,0.0
168,COMPUTE,317.0,893.0,49.0,64.0,55.0,1472,auto,99.0,13.0
169,COMPUTE,311.0,906.0,49.0,64.0,55.0,1430,auto,100.0,11.0
170,COMPUTE,223.0,856.0,48.0,62.0,54.0,1502,auto,99.0,8.0
171,COMPUTE,44.0,856.0,48.0,61.0,53.0,300,auto,0.0,0.0
172,COMPUTE,288.0,856.0,48.0,64.0,55.0,1430,auto,99.0,11.0
173,COMPUTE,289.0,668.0,49.0,64.0,55.0,1430,auto,100.0,9.0
174,COMPUTE,328.0,912.0,49.0,64.0,55.0,1472,auto,100.0,11.0
175,COMPUTE,295.0,893.0,48.0,63.0,55.0,1472,auto,99.0,11.0
176,COMPUTE,285.0,868.0,49.0,65.0,55.0,1472,auto,100.0,12.0
177,COMPUTE,243.0,881.0,49.0,64.0,55.0,1472,auto,100.0,11.0
178,COMPUTE,287.0,881.0,49.0,65.0,55.0,1430,auto,99.0,11.0
179,COMPUTE,309.0,662.0,49.0,64.0,54.0,1430,auto,100.0,12.0
180,COMPUTE,322.0,881.0,49.0,64.0,55.0,1472,auto,100.0,13.0
181,COMPUTE,308.0,912.0,49.0,64.0,55.0,1472,auto,100.0,11.0
182,COMPUTE,309.0,862.0,49.0,65.0,55.0,1472,auto,100.0,13.0
183,COMPUTE,308.0,856.0,49.0,65.0,55.0,1472,auto,100.0,12.0
184,COMPUTE,303.0,881.0,48.0,61.0,54.0,1430,auto,100.0,12.0
185,COMPUTE,265.0,875.0,49.0,64.0,55.0,1472,auto,99.0,13.0
186,COMPUTE,277.0,856.0,49.0,64.0,55.0,1430,auto,100.0,13.0
187,COMPUTE,310.0,925.0,49.0,64.0,55.0,1430,auto,100.0,12.0
188,COMPUTE,267.0,875.0,49.0,64.0,54.0,1472,auto,99.0,8.0
189,COMPUTE,304.0,881.0,49.0,64.0,55.0,1430,auto,100.0,13.0
190,COMPUTE,338.0,881.0,49.0,65.0,55.0,1430,auto,100.0,14.0
191,COMPUTE,275.0,856.0,49.0,65.0,55.0,1430,auto,100.0,11.0
192,COMPUTE,273.0,887.0,49.0,64.0,55.0,1472,auto,100.0,12.0
193,COMPUTE,212.0,881.0,49.0,62.0,54.0,1502,auto,100.0,8.0
194,COMPUTE,217.0,875.0,49.0,64.0,55.0,1472,auto,100.0,8.0
195,COMPUTE,262.0,893.0,48.0,59.0,54.0,1502,auto,60.0,4.0
196,COMPUTE,311.0,887.0,49.0,65.0,54.0,1430,auto,100.0,13.0
197,COMPUTE,273.0,850.0,49.0,64.0,54.0,1472,auto,100.0,9.0
198,COMPUTE,309.0,662.0,49.0,64.0,54.0,1430,auto,100.0,9.0
199,COMPUTE,297.0,887.0,49.0,64.0,54.0,1430,auto,100.0,13.0
200,COMPUTE,44.0,893.0,49.0,63.0,54.0,300,auto,0.0,0.0
201,COMPUTE,287.0,887.0,49.0,64.0,55.0,1472,auto,100.0,10.0
202,COMPUTE,295.0,893.0,49.0,65.0,55.0,1472,auto,100.0,11.0
203,BOOTUP DEFAULT,310.0,881.0,49.0,64.0,54.0,1472,auto,100.0,13.0
204,BOOTUP DEFAULT,285.0,662.0,49.0,65.0,55.0,1472,auto,100.0,13.0
