index,power_profile,power_usage,voltage,edge_temperature,junction_temperature,memory_temperature,sclk,performance,gpu_usage,memory_usage
0,COMPUTE,39.0,662.0,39.0,42.0,46.0,300,auto,0.0,0.0
1,COMPUTE,39.0,662.0,39.0,42.0,44.0,300,auto,0.0,0.0
2,COMPUTE,39.0,662.0,38.0,42.0,45.0,300,auto,0.0,0.0
3,COMPUTE,39.0,668.0,38.0,42.0,45.0,300,auto,0.0,0.0
4,COMPUTE,39.0,662.0,38.0,42.0,45.0,300,auto,0.0,0.0
5,COMPUTE,39.0,668.0,37.0,41.0,44.0,300,auto,0.0,0.0
6,COMPUTE,39.0,662.0,37.0,41.0,44.0,300,auto,0.0,0.0
7,COMPUTE,39.0,668.0,37.0,41.0,44.0,300,auto,0.0,0.0
8,COMPUTE,39.0,662.0,37.0,40.0,44.0,300,auto,0.0,0.0
9,COMPUTE,39.0,662.0,37.0,40.0,44.0,300,auto,0.0,0.0
10,COMPUTE,272.0,881.0,39.0,51.0,46.0,1472,auto,99.0,12.0
11,COMPUTE,141.0,893.0,40.0,50.0,45.0,1502,auto,54.0,1.0
12,COMPUTE,281.0,881.0,41.0,56.0,48.0,1472,auto,100.0,8.0
13,COMPUTE,305.0,862.0,41.0,57.0,48.0,1430,auto,100.0,11.0
14,COMPUTE,301.0,881.0,42.0,57.0,49.0,1472,auto,99.0,13.0
15,COMPUTE,297.0,881.0,42.0,57.0,49.0,1472,auto,100.0,11.0
16,COMPUTE,276.0,900.0,42.0,58.0,49.0,1472,auto,99.0,12.0
17,COMPUTE,74.0,881.0,42.0,57.0,49.0,1502,auto,3.0,0.0
18,COMPUTE,267.0,906.0,42.0,58.0,48.0,1502,auto,99.0,14.0
19,COMPUTE,310.0,881.0,43.0,58.0,50.0,1472,auto,99.0,9.0
20,COMPUTE,274.0,906.0,43.0,58.0,49.0,1502,auto,99.0,12.0
21,COMPUTE,298.0,875.0,43.0,59.0,49.0,1472,auto,99.0,8.0
22,COMPUTE,43.0,862.0,44.0,59.0,49.0,300,auto,0.0,0.0
23,COMPUTE,299.0,887.0,43.0,59.0,50.0,1472,auto,100.0,11.0
24,COMPUTE,305.0,881.0,44.0,59.0,50.0,1472,auto,100.0,11.0
25,COMPUTE,293.0,881.0,43.0,58.0,50.0,1472,auto,99.0,12.0
26,COMPUTE,286.0,881.0,44.0,59.0,50.0,1472,auto,99.0,14.0
27,COMPUTE,319.0,881.0,44.0,60.0,51.0,1472,auto,99.0,13.0
28,COMPUTE,44.0,662.0,44.0,60.0,51.0,300,auto,2.0,0.0
29,COMPUTE,280.0,881.0,44.0,59.0,50.0,1472,auto,99.0,11.0
30,COMPUTE,286.0,881.0,44.0,60.0,51.0,1472,auto,100.0,12.0
31,COMPUTE,319.0,662.0,44.0,60.0,51.0,1472,auto,100.0,13.0
32,COMPUTE,272.0,925.0,44.0,60.0,51.0,1472,auto,99.0,14.0
33,COMPUTE,289.0,850.0,44.0,56.0,50.0,1472,auto,99.0,11.0
34,COMPUTE,281.0,856.0,43.0,57.0,50.0,1472,auto,99.0,12.0
35,COMPUTE,286.0,875.0,44.0,60.0,50.0,1472,auto,99.0,14.0
36,COMPUTE,271.0,893.0,44.0,57.0,50.0,1472,auto,99.0,13.0
37,COMPUTE,285.0,881.0,45.0,60.0,50.0,1472,auto,99.0,12.0
38,COMPUTE,305.0,856.0,44.0,59.0,51.0,1472,auto,100.0,11.0
39,COMPUTE,267.0,862.0,44.0,58.0,51.0,1472,auto,99.0,13.0
40,COMPUTE,262.0,925.0,45.0,61.0,51.0,1472,auto,100.0,13.0
41,COMPUTE,289.0,862.0,45.0,60.0,52.0,1472,auto,100.0,12.0
42,COMPUTE,272.0,862.0,45.0,59.0,51.0,1472,auto,100.0,12.0
43,COMPUTE,254.0,862.0,45.0,60.0,52.0,1502,auto,100.0,11.0
44,COMPUTE,242.0,893.0,45.0,61.0,51.0,1472,auto,99.0,7.0
45,COMPUTE,269.0,868.0,45.0,62.0,52.0,1472,auto,100.0,9.0
46,COMPUTE,226.0,881.0,45.0,59.0,52.0,1472,auto,100.0,9.0
47,COMPUTE,294.0,893.0,45.0,58.0,51.0,1472,auto,99.0,8.0
48,COMPUTE,278.0,881.0,45.0,61.0,51.0,1472,auto,100.0,11.0
49,COMPUTE,307.0,881.0,46.0,61.0,52.0,1472,auto,99.0,11.0
50,COMPUTE,336.0,862.0,46.0,61.0,52.0,1430,auto,100.0,14.0
51,COMPUTE,288.0,881.0,45.0,61.0,52.0,1472,auto,99.0,11.0
52,COMPUTE,269.0,862.0,46.0,61.0,52.0,1430,auto,100.0,11.0
53,COMPUTE,280.0,856.0,46.0,62.0,52.0,1430,auto,100.0,9.0
54,COMPUTE,269.0,893.0,46.0,61.0,51.0,1472,auto,100.0,9.0
55,COMPUTE,301.0,881.0,46.0,62.0,52.0,1430,auto,99.0,13.0
56,COMPUTE,274.0,906.0,46.0,62.0,53.0,1472,auto,100.0,11.0
57,COMPUTE,281.0,912.0,46.0,62.0,53.0,1472,auto,100.0,11.0
58,COMPUTE,288.0,887.0,46.0,62.0,53.0,1472,auto,100.0,11.0
59,COMPUTE,304.0,881.0,46.0,59.0,52.0,1472,auto,99.0,13.0
60,COMPUTE,308.0,662.0,46.0,62.0,53.0,1472,auto,100.0,14.0
61,COMPUTE,271.0,887.0,46.0,62.0,53.0,1472,auto,100.0,11.0
62,COMPUTE,294.0,881.0,46.0,62.0,52.0,1472,auto,100.0,11.0
63,COMPUTE,281.0,887.0,45.0,55.0,51.0,1502,auto,98.0,12.0
64,COMPUTE,283.0,881.0,46.0,62.0,53.0,1472,auto,100.0,12.0
65,COMPUTE,259.0,850.0,46.0,61.0,53.0,1502,auto,100.0,13.0
66,COMPUTE,312.0,881.0,47.0,62.0,53.0,1430,auto,100.0,9.0
67,COMPUTE,291.0,856.0,46.0,61.0,53.0,1472,auto,99.0,12.0
68,COMPUTE,269.0,881.0,46.0,62.0,53.0,1430,auto,100.0,12.0
69,COMPUTE,287.0,862.0,47.0,62.0,53.0,1430,auto,100.0,12.0
70,COMPUTE,324.0,881.0,46.0,60.0,53.0,1472,auto,100.0,13.0
71,COMPUTE,246.0,850.0,46.0,56.0,52.0,1502,auto,99.0,11.0
72,COMPUTE,339.0,881.0,47.0,62.0,53.0,1472,auto,100.0,12.0
73,COMPUTE,276.0,856.0,47.0,63.0,53.0,1430,auto,100.0,9.0
74,COMPUTE,325.0,881.0,47.0,61.0,52.0,1472,auto,99.0,13.0
75,COMPUTE,62.0,862.0,46.0,56.0,51.0,1502,auto,28.0,1.0
76,COMPUTE,317.0,881.0,47.0,63.0,52.0,1430,auto,100.0,11.0
77,COMPUTE,270.0,856.0,47.0,63.0,52.0,1430,auto,100.0,12.0
78,COMPUTE,298.0,881.0,47.0,63.0,52.0,1472,auto,100.0,8.0
79,COMPUTE,299.0,881.0,47.0,62.0,52.0,1472,auto,100.0,14.0
80,COMPUTE,281.0,881.0,47.0,63.0,53.0,1472,auto,100.0,12.0
81,COMPUTE,307.0,893.0,48.0,63.0,53.0,1472,auto,100.0,14.0
82,COMPUTE,44.0,881.0,47.0,63.0,53.0,300,auto,0.0,0.0
83,COMPUTE,274.0,881.0,47.0,62.0,54.0,1472,auto,100.0,13.0
84,COMPUTE,274.0,862.0,48.0,63.0,54.0,1430,auto,100.0,11.0
85,COMPUTE,306.0,662.0,47.0,63.0,53.0,1430,auto,100.0,14.0
86,COMPUTE,282.0,887.0,47.0,63.0,54.0,1472,auto,99.0,13.0
87,COMPUTE,302.0,881.0,48.0,62.0,53.0,1472,auto,100.0,14.0
88,COMPUTE,283.0,887.0,48.0,63.0,54.0,1472,auto,99.0,12.0
89,COMPUTE,282.0,881.0,47.0,63.0,53.0,1472,auto,100.0,10.0
90,COMPUTE,263.0,881.0,47.0,61.0,53.0,1430,auto,100.0,10.0
91,COMPUTE,271.0,868.0,47.0,59.0,52.0,1472,auto,99.0,13.0
92,COMPUTE,270.0,906.0,48.0,63.0,53.0,1472,auto,100.0,12.0
93,COMPUTE,286.0,856.0,48.0,63.0,54.0,1472,auto,100.0,12.0
94,COMPUTE,269.0,862.0,48.0,63.0,54.0,1472,auto,99.0,13.0
95,COMPUTE,270.0,906.0,48.0,63.0,54.0,1502,auto,99.0,11.0
96,COMPUTE,262.0,850.0,48.0,62.0,54.0,1472,auto,100.0,11.0
97,COMPUTE,262.0,875.0,47.0,63.0,54.0,1472,auto,100.0,12.0
98,COMPUTE,147.0,881.0,48.0,64.0,54.0,1502,auto,100.0,0.0
99,COMPUTE,335.0,931.0,48.0,64.0,54.0,1472,auto,100.0,12.0
100,COMPUTE,301.0,662.0,48.0,63.0,54.0,1472,auto,100.0,12.0
101,COMPUTE,250.0,875.0,48.0,63.0,54.0,1502,auto,100.0,10.0
102,COMPUTE,272.0,862.0,48.0,63.0,54.0,1472,auto,100.0,13.0
103,COMPUTE,310.0,881.0,47.0,62.0,54.0,1472,auto,100.0,14.0
104,COMPUTE,310.0,900.0,48.0,64.0,54.0,1472,auto,100.0,11.0
105,COMPUTE,320.0,881.0,48.0,64.0,54.0,1472,auto,99.0,12.0
106,COMPUTE,317.0,906.0,48.0,63.0,54.0,1472,auto,100.0,12.0
107,COMPUTE,311.0,887.0,48.0,64.0,54.0,1430,auto,100.0,12.0
108,COMPUTE,294.0,893.0,48.0,64.0,54.0,1472,auto,100.0,14.0
109,COMPUTE,283.0,881.0,48.0,64.0,53.0,1472,auto,100.0,13.0
110,COMPUTE,295.0,868.0,48.0,64.0,53.0,1430,auto,100.0,11.0
111,COMPUTE,288.0,881.0,48.0,62.0,53.0,1472,auto,99.0,14.0
112,COMPUTE,273.0,881.0,48.0,64.0,53.0,1472,auto,100.0,12.0
113,COMPUTE,283.0,881.0,49.0,64.0,53.0,1472,auto,99.0,14.0
114,COMPUTE,298.0,900.0,48.0,64.0,54.0,1430,auto,100.0,12.0
115,COMPUTE,281.0,881.0,48.0,64.0,54.0,1472,auto,100.0,11.0
116,COMPUTE,44.0,881.0,48.0,59.0,53.0,300,auto,0.0,0.0
117,COMPUTE,245.0,881.0,48.0,64.0,53.0,1502,auto,100.0,11.0
118,COMPUTE,318.0,881.0,48.0,62.0,53.0,1430,auto,99.0,12.0
119,COMPUTE,283.0,893.0,48.0,64.0,54.0,1472,auto,99.0,12.0
120,COMPUTE,300.0,887.0,48.0,64.0,54.0,1430,auto,99.0,12.0
121,COMPUTE,322.0,881.0,48.0,62.0,54.0,1472,auto,100.0,11.0
122,COMPUTE,222.0,856.0,48.0,64.0,54.0,1472,auto,100.0,8.0
123,COMPUTE,267.0,881.0,49.0,64.0,54.0,1472,auto,100.0,8.0
124,COMPUTE,237.0,881.0,49.0,64.0,55.0,1472,auto,100.0,9.0
125,COMPUTE,300.0,881.0,48.0,63.0,54.0,1472,auto,100.0,14.0
126,COMPUTE,263.0,875.0,49.0,64.0,55.0,1472,auto,100.0,12.0
127,COMPUTE,249.0,918.0,47.0,58.0,53.0,1472,auto,99.0,10.0
128,COMPUTE,303.0,893.0,48.0,64.0,55.0,1472,auto,99.0,11.0
129,COMPUTE,295.0,893.0,49.0,64.0,55.0,1472,auto,100.0,12.0
130,COMPUTE,284.0,881.0,48.0,64.0,55.0,1472,auto,100.0,10.0
131,COMPUTE,246.0,856.0,48.0,63.0,54.0,1502,auto,100.0,11.0
132,COMPUTE,258.0,881.0,49.0,64.0,55.0,1472,auto,100.0,10.0
133,COMPUTE,294.0,881.0,48.0,64.0,55.0,1472,auto,100.0,9.0
134,COMPUTE,307.0,850.0,48.0,63.0,54.0,1430,auto,99.0,12.0
135,COMPUTE,270.0,875.0,48.0,61.0,53.0,1472,auto,99.0,10.0
136,COMPUTE,279.0,881.0,49.0,63.0,54.0,1472,auto,100.0,12.0
137,COMPUTE,336.0,893.0,49.0,64.0,54.0,1430,auto,100.0,12.0
138,COMPUTE,272.0,875.0,49.0,64.0,55.0,1472,auto,99.0,13.0
139,COMPUTE,296.0,887.0,48.0,64.0,56.0,1472,auto,100.0,12.0
140,COMPUTE,281.0,887.0,49.0,64.0,55.0,1472,auto,100.0,11.0
141,COMPUTE,281.0,881.0,48.0,64.0,55.0,1472,auto,100.0,13.0
142,COMPUTE,285.0,881.0,48.0,63.0,54.0,1430,auto,99.0,13.0
143,COMPUTE,276.0,881.0,48.0,61.0,54.0,1430,auto,99.0,11.0
144,COMPUTE,271.0,856.0,49.0,64.0,55.0,1430,auto,100.0,9.0
145,COMPUTE,291.0,881.0,48.0,62.0,54.0,1472,auto,99.0,12.0
146,COMPUTE,305.0,881.0,49.0,64.0,55.0,1430,auto,99.0,12.0
147,COMPUTE,263.0,881.0,49.0,64.0,55.0,1472,auto,100.0,11.0
148,COMPUTE,279.0,887.0,48.0,63.0,53.0,1472,auto,99.0,12.0
149,COMPUTE,269.0,868.0,48.0,64.0,55.0,1472,auto,99.0,10.0
150,COMPUTE,331.0,893.0,49.0,64.0,55.0,1430,auto,100.0,13.0
151,COMPUTE,305.0,856.0,49.0,64.0,55.0,1430,auto,99.0,11.0
152,COMPUTE,305.0,900.0,49.0,64.0,54.0,1430,auto,100.0,11.0
153,COMPUTE,290.0,893.0,48.0,62.0,53.0,1472,auto,99.0,13.0
154,COMPUTE,264.0,881.0,49.0,65.0,55.0,1472,auto,100.0,12.0
155,COMPUTE,293.0,912.0,49.0,64.0,54.0,1430,auto,100.0,12.0
156,COMPUTE,274.0,887.0,49.0,64.0,54.0,1430,auto,100.0,9.0
157,COMPUTE,291.0,881.0,48.0,64.0,54.0,1430,auto,100.0,13.0
158,COMPUTE,295.0,881.0,49.0,64.0,55.0,1472,auto,100.0,11.0
159,COMPUTE,253.0,881.0,49.0,64.0,54.0,1472,auto,100.0,11.0
160,COMPUTE,279.0,887.0,48.0,63.0,54.0,1472,auto,100.0,11.0
161,COMPUTE,262.0,900.0,48.0,59.0,54.0,1502,auto,99.0,11.0
162,COMPUTE,265.0,662.0,49.0,64.0,55.0,1472,auto,100.0,13.0
163,COMPUTE,290.0,875.0,49.0,64.0,55.0,1472,auto,100.0,10.0
164,COMPUTE,263.0,900.0,49.0,65.0,55.0,1472,auto,100.0,13.0
165,COMPUTE,285.0,900.0,48.0,64.0,55.0,1472,auto,100.0,14.0
166,COMPUTE,128.0,881.0,48.0,59.0,54.0,1502,auto,38.0,1.0
167,COMPUTE,337.0,893.0,49.0,64.0,55.0,1430,auto,99.0,11.0
168,COMPUTE,269.0,875.0,49.0,64.0,55.0,1430,auto,100.0,13.0
169,COMPUTE,308.0,893.0,49.0,64.0,55.0,1430,auto,100.0,9.0
170,COMPUTE,309.0,881.0,49.0,64.0,55.0,1430,auto,100.0,12.0
171,COMPUTE,270.0,881.0,49.0,64.0,55.0,1430,auto,100.0,10.0
172,COMPUTE,283.0,881.0,49.0,64.0,54.0,1472,auto,100.0,13.0
173,COMPUTE,214.0,856.0,49.0,65.0,55.0,1472,auto,99.0,10.0
174,COMPUTE,325.0,856.0,49.0,64.0,55.0,1430,auto,100.0,14.0
175,COMPUTE,271.0,856.0,49.0,64.0,55.0,1430,auto,100.0,13.0
176,COMPUTE,300.0,881.0,48.0,57.0,54.0,1502,auto,98.0,13.0
177,COMPUTE,284.0,875.0,49.0,65.0,55.0,1472,auto,100.0,14.0
178,COMPUTE,307.0,881.0,49.0,65.0,55.0,1430,auto,100.0,12.0
179,COMPUTE,273.0,875.0,49.0,64.0,55.0,1472,auto,99.0,10.0
180,COMPUTE,333.0,893.0,49.0,64.0,55.0,1430,auto,100.0,14.0
181,COMPUTE,283.0,881.0,49.0,65.0,55.0,1472,auto,99.0,12.0
182,COMPUTE,335.0,893.0,49.0,65.0,55.0,1430,auto,100.0,13.0
183,COMPUTE,281.0,906.0,49.0,64.0,55.0,1472,auto,100.0,12.0
184,COMPUTE,218.0,887.0,48.0,64.0,55.0,1502,auto,100.0,10.0
185,COMPUTE,283.0,881.0,49.0,64.0,55.0,1472,auto,99.0,13.0
186,COMPUTE,299.0,906.0,49.0,64.0,55.0,1472,auto,100.0,12.0
187,COMPUTE,262.0,887.0,49.0,65.0,55.0,1472,auto,100.0,12.0
188,COMPUTE,285.0,881.0,49.0,65.0,55.0,1472,auto,100.0,11.0
189,COMPUTE,288.0,856.0,48.0,61.0,54.0,1472,auto,100.0,13.0
190,COMPUTE,278.0,881.0,48.0,61.0,54.0,1472,auto,99.0,12.0
191,COMPUTE,289.0,887.0,49.0,64.0,54.0,1472,auto,100.0,14.0
192,COMPUTE,284.0,881.0,49.0,64.0,55.0,1472,auto,100.0,14.0
193,COMPUTE,283.0,850.0,48.0,60.0,54.0,1472,auto,99.0,11.0
194,COMPUTE,301.0,893.0,49.0,65.0,55.0,1430,auto,100.0,13.0
195,COMPUTE,44.0,881.0,49.0,61.0,54.0,300,auto,0.0,0.0
196,COMPUTE,311.0,881.0,49.0,64.0,55.0,1472,auto,100.0,12.0
197,COMPUTE,283.0,906.0,49.0,62.0,55.0,1430,auto,99.0,11.0
198,COMPUTE,327.0,875.0,49.0,65.0,55.0,1430,auto,99.0,11.0
199,COMPUTE,286.0,893.0,49.0,65.0,55.0,1472,auto,100.0,11.0
200,COMPUTE,331.0,893.0,49.0,64.0,55.0,1430,auto,100.0,11.0
201,COMPUTE,334.0,662.0,49.0,65.0,55.0,1472,auto,100.0,11.0
202,COMPUTE,281.0,881.0,49.0,64.0,55.0,1472,auto,99.0,12.0
203,BOOTUP DEFAULT,290.0,881.0,49.0,65.0,55.0,1472,auto,100.0,14.0
204,BOOTUP DEFAULT,287.0,868.0,49.0,63.0,55.0,1472,auto,100.0,12.0
205,BOOTUP DEFAULT,43.0,668.0,47.0,52.0,53.0,300,auto,0.0,0.0
