index,power_profile,power_usage,voltage,edge_temperature,junction_temperature,memory_temperature,sclk,performance,gpu_usage,memory_usage
0,COMPUTE,39.0,662.0,37.0,40.0,44.0,300,manual,0.0,0.0
1,COMPUTE,39.0,662.0,37.0,40.0,44.0,300,manual,0.0,0.0
2,COMPUTE,39.0,662.0,36.0,40.0,44.0,300,manual,0.0,0.0
3,COMPUTE,39.0,662.0,37.0,40.0,43.0,300,manual,0.0,0.0
4,COMPUTE,39.0,662.0,36.0,40.0,44.0,300,manual,0.0,0.0
5,COMPUTE,39.0,662.0,36.0,40.0,43.0,300,manual,0.0,0.0
6,COMPUTE,39.0,662.0,36.0,39.0,43.0,300,manual,0.0,0.0
7,COMPUTE,39.0,662.0,35.0,39.0,43.0,300,manual,0.0,0.0
8,COMPUTE,39.0,918.0,35.0,39.0,43.0,300,manual,0.0,0.0
9,COMPUTE,39.0,662.0,35.0,39.0,43.0,300,manual,0.0,0.0
10,COMPUTE,39.0,668.0,35.0,38.0,42.0,300,manual,0.0,0.0
11,COMPUTE,39.0,662.0,34.0,38.0,42.0,300,manual,0.0,0.0
12,COMPUTE,39.0,662.0,34.0,37.0,42.0,300,manual,0.0,0.0
13,COMPUTE,39.0,662.0,34.0,37.0,41.0,300,manual,0.0,0.0
14,COMPUTE,39.0,662.0,34.0,37.0,41.0,300,manual,0.0,0.0
15,COMPUTE,39.0,668.0,33.0,37.0,41.0,300,manual,0.0,0.0
16,COMPUTE,39.0,668.0,33.0,37.0,41.0,300,manual,0.0,0.0
17,COMPUTE,39.0,668.0,33.0,37.0,41.0,300,manual,0.0,0.0
18,COMPUTE,39.0,668.0,33.0,36.0,41.0,300,manual,0.0,0.0
19,COMPUTE,39.0,662.0,32.0,36.0,40.0,300,manual,0.0,0.0
20,COMPUTE,39.0,662.0,32.0,36.0,40.0,300,manual,0.0,0.0
21,COMPUTE,39.0,668.0,32.0,36.0,40.0,300,manual,0.0,0.0
22,COMPUTE,38.0,662.0,32.0,36.0,40.0,300,manual,0.0,0.0
23,COMPUTE,44.0,718.0,32.0,36.0,40.0,1502,manual,6.0,0.0
24,COMPUTE,39.0,668.0,32.0,36.0,40.0,300,manual,0.0,0.0
25,COMPUTE,39.0,668.0,31.0,35.0,40.0,300,manual,0.0,0.0
26,COMPUTE,39.0,668.0,31.0,35.0,39.0,300,manual,0.0,0.0
27,COMPUTE,51.0,918.0,31.0,35.0,39.0,300,manual,1.0,1.0
28,COMPUTE,39.0,662.0,32.0,35.0,39.0,300,manual,0.0,0.0
29,COMPUTE,57.0,918.0,31.0,35.0,39.0,1502,manual,2.0,1.0
30,COMPUTE,37.0,668.0,31.0,35.0,39.0,300,manual,0.0,0.0
31,COMPUTE,63.0,693.0,31.0,35.0,39.0,1502,manual,2.0,0.0
32,COMPUTE,52.0,662.0,31.0,35.0,39.0,1502,manual,4.0,0.0
33,COMPUTE,55.0,918.0,31.0,35.0,39.0,300,manual,1.0,2.0
34,COMPUTE,54.0,912.0,31.0,34.0,39.0,300,manual,1.0,0.0
35,COMPUTE,38.0,837.0,31.0,34.0,38.0,300,manual,0.0,0.0
36,COMPUTE,39.0,918.0,30.0,34.0,38.0,1502,manual,0.0,0.0
37,COMPUTE,38.0,675.0,30.0,34.0,38.0,300,manual,16.0,1.0
38,COMPUTE,68.0,800.0,30.0,34.0,38.0,1502,manual,3.0,0.0
39,COMPUTE,239.0,662.0,30.0,34.0,38.0,300,manual,82.0,12.0
40,COMPUTE,51.0,706.0,30.0,33.0,38.0,300,manual,1.0,1.0
41,COMPUTE,54.0,900.0,30.0,33.0,38.0,300,manual,1.0,1.0
42,COMPUTE,45.0,918.0,32.0,38.0,40.0,1502,manual,0.0,1.0
43,COMPUTE,39.0,725.0,31.0,35.0,40.0,300,manual,0.0,0.0
44,COMPUTE,58.0,925.0,30.0,33.0,38.0,1502,manual,3.0,0.0
45,COMPUTE,63.0,900.0,30.0,33.0,38.0,1502,manual,17.0,31.0
46,COMPUTE,275.0,893.0,33.0,48.0,48.0,1502,manual,100.0,38.0
47,COMPUTE,293.0,862.0,34.0,50.0,50.0,1472,manual,100.0,29.0
48,COMPUTE,292.0,893.0,35.0,50.0,51.0,1472,manual,100.0,27.0
49,COMPUTE,285.0,868.0,35.0,51.0,51.0,1430,manual,100.0,35.0
50,COMPUTE,292.0,900.0,35.0,51.0,51.0,1472,manual,100.0,31.0
51,COMPUTE,298.0,862.0,36.0,52.0,52.0,1472,manual,100.0,34.0
52,COMPUTE,295.0,893.0,36.0,52.0,52.0,1472,manual,100.0,31.0
53,COMPUTE,267.0,912.0,37.0,53.0,52.0,1502,manual,100.0,50.0
54,COMPUTE,286.0,893.0,37.0,53.0,53.0,1430,manual,100.0,33.0
55,COMPUTE,295.0,893.0,37.0,52.0,51.0,1472,manual,99.0,31.0
56,COMPUTE,290.0,906.0,38.0,53.0,53.0,1502,manual,100.0,41.0
57,COMPUTE,283.0,893.0,38.0,54.0,53.0,1430,manual,100.0,32.0
58,COMPUTE,290.0,893.0,38.0,55.0,53.0,1472,manual,100.0,31.0
59,COMPUTE,294.0,893.0,39.0,54.0,54.0,1472,manual,99.0,30.0
60,COMPUTE,297.0,893.0,39.0,53.0,53.0,1472,manual,100.0,33.0
61,COMPUTE,297.0,893.0,39.0,54.0,55.0,1430,manual,100.0,33.0
62,COMPUTE,265.0,906.0,39.0,55.0,55.0,1502,manual,100.0,50.0
63,COMPUTE,282.0,862.0,40.0,55.0,56.0,1472,manual,99.0,31.0
64,COMPUTE,289.0,862.0,40.0,55.0,56.0,1430,manual,100.0,35.0
65,COMPUTE,258.0,862.0,40.0,53.0,52.0,1502,manual,100.0,15.0
66,COMPUTE,267.0,893.0,40.0,55.0,55.0,1502,manual,100.0,50.0
67,COMPUTE,294.0,893.0,41.0,56.0,56.0,1430,manual,100.0,32.0
68,COMPUTE,296.0,862.0,41.0,56.0,56.0,1430,manual,100.0,29.0
69,COMPUTE,271.0,881.0,40.0,57.0,56.0,1472,manual,100.0,45.0
70,COMPUTE,255.0,862.0,41.0,54.0,53.0,1502,manual,100.0,17.0
71,COMPUTE,298.0,887.0,41.0,56.0,57.0,1472,manual,100.0,30.0
72,COMPUTE,299.0,887.0,41.0,57.0,56.0,1430,manual,100.0,29.0
73,COMPUTE,281.0,893.0,41.0,57.0,57.0,1430,manual,100.0,30.0
74,COMPUTE,287.0,868.0,41.0,58.0,57.0,1430,manual,100.0,37.0
75,COMPUTE,243.0,906.0,42.0,54.0,54.0,1502,manual,100.0,14.0
76,COMPUTE,273.0,862.0,42.0,57.0,57.0,1502,manual,100.0,51.0
77,COMPUTE,298.0,912.0,42.0,57.0,57.0,1472,manual,99.0,34.0
78,COMPUTE,299.0,862.0,42.0,58.0,57.0,1430,manual,100.0,35.0
79,COMPUTE,297.0,893.0,42.0,58.0,58.0,1472,manual,100.0,30.0
80,COMPUTE,287.0,912.0,43.0,59.0,57.0,1430,manual,100.0,31.0
81,COMPUTE,140.0,912.0,42.0,58.0,56.0,1502,manual,100.0,0.0
82,COMPUTE,283.0,862.0,42.0,58.0,57.0,1472,manual,100.0,35.0
83,COMPUTE,297.0,887.0,43.0,59.0,57.0,1472,manual,99.0,31.0
84,COMPUTE,299.0,862.0,43.0,59.0,57.0,1430,manual,100.0,29.0
85,COMPUTE,280.0,912.0,43.0,59.0,57.0,1502,manual,100.0,50.0
86,COMPUTE,293.0,893.0,43.0,58.0,58.0,1472,manual,100.0,29.0
87,COMPUTE,294.0,893.0,43.0,59.0,57.0,1430,manual,100.0,28.0
88,COMPUTE,283.0,862.0,43.0,59.0,58.0,1430,manual,100.0,29.0
89,COMPUTE,304.0,868.0,44.0,60.0,58.0,1430,manual,100.0,36.0
90,COMPUTE,292.0,893.0,43.0,59.0,58.0,1430,manual,100.0,29.0
91,COMPUTE,280.0,912.0,44.0,59.0,56.0,1502,manual,100.0,51.0
92,COMPUTE,284.0,887.0,44.0,60.0,59.0,1472,manual,100.0,31.0
93,COMPUTE,251.0,862.0,44.0,60.0,59.0,1502,manual,100.0,43.0
94,COMPUTE,299.0,893.0,44.0,60.0,58.0,1430,manual,100.0,33.0
95,COMPUTE,295.0,893.0,44.0,61.0,58.0,1430,manual,100.0,33.0
96,COMPUTE,251.0,918.0,45.0,57.0,56.0,1502,manual,100.0,14.0
97,COMPUTE,291.0,893.0,45.0,60.0,59.0,1430,manual,100.0,36.0
98,COMPUTE,234.0,893.0,44.0,60.0,60.0,1472,manual,100.0,48.0
99,COMPUTE,283.0,893.0,44.0,60.0,60.0,1472,manual,100.0,32.0
100,COMPUTE,287.0,868.0,45.0,60.0,60.0,1430,manual,100.0,37.0
101,COMPUTE,261.0,912.0,44.0,58.0,58.0,1502,manual,100.0,14.0
102,COMPUTE,281.0,862.0,45.0,61.0,60.0,1472,manual,100.0,30.0
103,COMPUTE,282.0,862.0,45.0,61.0,60.0,1430,manual,100.0,29.0
104,COMPUTE,283.0,862.0,45.0,61.0,59.0,1430,manual,100.0,34.0
105,COMPUTE,285.0,912.0,45.0,61.0,60.0,1502,manual,100.0,44.0
106,COMPUTE,283.0,912.0,45.0,61.0,60.0,1472,manual,100.0,30.0
107,COMPUTE,283.0,862.0,45.0,61.0,59.0,1472,manual,100.0,31.0
108,COMPUTE,280.0,893.0,45.0,61.0,60.0,1472,manual,100.0,30.0
109,COMPUTE,285.0,862.0,45.0,61.0,61.0,1430,manual,100.0,34.0
110,COMPUTE,280.0,893.0,45.0,61.0,61.0,1472,manual,100.0,30.0
111,COMPUTE,298.0,893.0,46.0,62.0,61.0,1430,manual,100.0,30.0
112,COMPUTE,299.0,887.0,45.0,60.0,60.0,1472,manual,100.0,31.0
113,COMPUTE,299.0,862.0,45.0,61.0,61.0,1430,manual,100.0,34.0
114,COMPUTE,280.0,862.0,45.0,62.0,61.0,1472,manual,100.0,31.0
115,COMPUTE,298.0,893.0,46.0,62.0,62.0,1430,manual,100.0,30.0
116,COMPUTE,296.0,893.0,46.0,61.0,61.0,1430,manual,100.0,30.0
117,COMPUTE,254.0,862.0,46.0,59.0,58.0,1502,manual,100.0,14.0
118,COMPUTE,238.0,862.0,46.0,62.0,61.0,1472,manual,100.0,49.0
119,COMPUTE,282.0,893.0,45.0,61.0,62.0,1430,manual,100.0,30.0
120,COMPUTE,286.0,893.0,46.0,62.0,61.0,1430,manual,100.0,31.0
121,COMPUTE,272.0,912.0,46.0,62.0,61.0,1502,manual,100.0,50.0
122,COMPUTE,247.0,906.0,46.0,60.0,59.0,1502,manual,100.0,15.0
123,COMPUTE,68.0,662.0,43.0,47.0,52.0,1502,manual,2.0,0.0
124,COMPUTE,39.0,662.0,42.0,45.0,49.0,300,manual,0.0,0.0
125,COMPUTE,39.0,662.0,41.0,44.0,48.0,300,manual,0.0,0.0
126,COMPUTE,39.0,662.0,41.0,44.0,47.0,300,manual,0.0,0.0
127,COMPUTE,39.0,662.0,40.0,43.0,47.0,300,manual,0.0,0.0
128,COMPUTE,39.0,662.0,40.0,43.0,46.0,300,manual,0.0,0.0
129,COMPUTE,66.0,662.0,40.0,43.0,46.0,1502,manual,2.0,0.0
130,COMPUTE,39.0,662.0,38.0,42.0,45.0,300,manual,0.0,0.0
131,COMPUTE,39.0,662.0,38.0,42.0,45.0,300,manual,0.0,0.0
132,COMPUTE,39.0,662.0,38.0,41.0,45.0,300,manual,0.0,0.0
133,COMPUTE,39.0,662.0,37.0,41.0,44.0,300,manual,0.0,0.0
134,COMPUTE,39.0,662.0,37.0,40.0,44.0,300,manual,0.0,0.0
135,COMPUTE,39.0,662.0,36.0,41.0,44.0,300,manual,0.0,0.0
136,COMPUTE,39.0,662.0,36.0,40.0,44.0,300,manual,0.0,0.0
137,COMPUTE,39.0,918.0,36.0,40.0,43.0,300,manual,0.0,0.0
138,COMPUTE,39.0,662.0,36.0,39.0,43.0,300,manual,0.0,0.0
139,COMPUTE,39.0,662.0,35.0,39.0,43.0,300,manual,0.0,0.0
140,COMPUTE,39.0,662.0,35.0,39.0,43.0,300,manual,0.0,0.0
141,COMPUTE,39.0,662.0,35.0,39.0,42.0,300,manual,0.0,0.0
142,COMPUTE,45.0,668.0,35.0,39.0,42.0,1502,manual,5.0,0.0
143,COMPUTE,64.0,662.0,34.0,38.0,42.0,1502,manual,2.0,0.0
144,COMPUTE,59.0,662.0,35.0,38.0,42.0,300,manual,1.0,0.0
145,COMPUTE,39.0,668.0,34.0,37.0,42.0,300,manual,0.0,0.0
146,COMPUTE,57.0,912.0,34.0,37.0,41.0,300,manual,1.0,0.0
147,COMPUTE,60.0,662.0,34.0,37.0,41.0,1502,manual,3.0,0.0
148,COMPUTE,39.0,925.0,34.0,37.0,41.0,300,manual,0.0,0.0
149,COMPUTE,64.0,662.0,33.0,37.0,41.0,1502,manual,1.0,0.0
150,COMPUTE,38.0,925.0,33.0,37.0,41.0,300,manual,0.0,0.0
151,COMPUTE,54.0,912.0,33.0,36.0,41.0,300,manual,1.0,1.0
152,COMPUTE,39.0,662.0,33.0,37.0,41.0,300,manual,0.0,0.0
153,COMPUTE,53.0,662.0,32.0,37.0,41.0,300,manual,1.0,1.0
154,COMPUTE,39.0,668.0,33.0,36.0,40.0,300,manual,0.0,0.0
155,COMPUTE,44.0,668.0,32.0,36.0,40.0,300,manual,0.0,0.0
156,COMPUTE,53.0,662.0,32.0,36.0,40.0,300,manual,9.0,1.0
157,COMPUTE,57.0,918.0,32.0,36.0,40.0,300,manual,1.0,0.0
158,COMPUTE,46.0,662.0,32.0,36.0,40.0,300,manual,0.0,0.0
159,COMPUTE,41.0,918.0,31.0,36.0,40.0,300,manual,0.0,2.0
160,COMPUTE,39.0,925.0,31.0,35.0,39.0,300,manual,0.0,0.0
161,COMPUTE,232.0,906.0,34.0,43.0,41.0,1502,manual,100.0,8.0
162,COMPUTE,101.0,893.0,32.0,35.0,40.0,1502,manual,10.0,1.0
163,COMPUTE,120.0,662.0,34.0,47.0,47.0,1502,manual,100.0,0.0
164,COMPUTE,58.0,925.0,32.0,36.0,40.0,1502,manual,3.0,0.0
165,COMPUTE,289.0,862.0,34.0,48.0,46.0,1404,manual,100.0,27.0
166,COMPUTE,293.0,893.0,36.0,53.0,48.0,1472,manual,100.0,21.0
167,COMPUTE,278.0,900.0,37.0,54.0,48.0,1502,manual,100.0,17.0
168,COMPUTE,286.0,893.0,37.0,55.0,48.0,1502,manual,100.0,17.0
169,COMPUTE,294.0,906.0,38.0,55.0,49.0,1472,manual,100.0,21.0
170,COMPUTE,292.0,893.0,38.0,55.0,50.0,1472,manual,100.0,20.0
171,COMPUTE,298.0,906.0,38.0,56.0,49.0,1472,manual,100.0,19.0
172,COMPUTE,289.0,887.0,38.0,56.0,49.0,1502,manual,100.0,16.0
173,COMPUTE,279.0,893.0,38.0,56.0,50.0,1502,manual,99.0,15.0
174,COMPUTE,283.0,887.0,39.0,56.0,51.0,1472,manual,100.0,24.0
175,COMPUTE,282.0,906.0,39.0,57.0,50.0,1472,manual,100.0,23.0
176,COMPUTE,267.0,906.0,40.0,57.0,50.0,1502,manual,99.0,49.0
177,COMPUTE,286.0,893.0,40.0,58.0,51.0,1502,manual,100.0,19.0
178,COMPUTE,285.0,912.0,40.0,58.0,51.0,1502,manual,100.0,17.0
179,COMPUTE,281.0,906.0,40.0,57.0,51.0,1472,manual,100.0,24.0
180,COMPUTE,294.0,906.0,40.0,58.0,51.0,1472,manual,100.0,20.0
181,COMPUTE,286.0,906.0,40.0,58.0,51.0,1502,manual,100.0,22.0
182,COMPUTE,281.0,862.0,41.0,58.0,51.0,1502,manual,100.0,17.0
183,COMPUTE,132.0,931.0,40.0,56.0,57.0,1502,manual,100.0,0.0
184,COMPUTE,297.0,887.0,40.0,57.0,51.0,1472,manual,100.0,18.0
185,COMPUTE,286.0,906.0,41.0,58.0,52.0,1430,manual,100.0,25.0
186,COMPUTE,298.0,887.0,41.0,59.0,51.0,1472,manual,100.0,21.0
187,COMPUTE,291.0,862.0,41.0,59.0,53.0,1472,manual,100.0,16.0
188,COMPUTE,292.0,862.0,42.0,59.0,53.0,1472,manual,100.0,17.0
189,COMPUTE,296.0,906.0,41.0,59.0,53.0,1430,manual,100.0,24.0
190,COMPUTE,272.0,906.0,42.0,60.0,53.0,1502,manual,100.0,48.0
191,COMPUTE,293.0,893.0,42.0,60.0,53.0,1472,manual,100.0,20.0
192,COMPUTE,280.0,862.0,42.0,60.0,54.0,1502,manual,100.0,18.0
193,COMPUTE,302.0,893.0,43.0,60.0,54.0,1430,manual,100.0,24.0
194,COMPUTE,68.0,912.0,43.0,59.0,55.0,1502,manual,21.0,2.0
195,COMPUTE,281.0,893.0,43.0,60.0,53.0,1502,manual,100.0,17.0
196,COMPUTE,287.0,881.0,43.0,60.0,55.0,1430,manual,100.0,23.0
197,COMPUTE,297.0,893.0,43.0,61.0,55.0,1472,manual,100.0,20.0
198,COMPUTE,289.0,906.0,43.0,61.0,54.0,1472,manual,100.0,20.0
199,COMPUTE,295.0,862.0,43.0,61.0,54.0,1472,manual,100.0,16.0
200,COMPUTE,298.0,893.0,43.0,61.0,55.0,1430,manual,100.0,22.0
201,COMPUTE,297.0,893.0,43.0,61.0,55.0,1472,manual,100.0,24.0
202,COMPUTE,281.0,912.0,43.0,59.0,58.0,1502,manual,100.0,43.0
203,COMPUTE,48.0,906.0,41.0,47.0,50.0,1502,manual,7.0,0.0
204,COMPUTE,291.0,893.0,43.0,61.0,54.0,1472,manual,100.0,17.0
205,COMPUTE,300.0,887.0,43.0,61.0,55.0,1472,manual,100.0,18.0
206,COMPUTE,285.0,887.0,44.0,61.0,56.0,1472,manual,100.0,22.0
207,COMPUTE,290.0,893.0,44.0,62.0,55.0,1472,manual,100.0,20.0
208,COMPUTE,302.0,875.0,44.0,62.0,55.0,1472,manual,100.0,21.0
209,COMPUTE,297.0,912.0,44.0,61.0,55.0,1430,manual,100.0,22.0
210,COMPUTE,92.0,906.0,44.0,62.0,56.0,1502,manual,46.0,5.0
211,COMPUTE,286.0,862.0,44.0,62.0,55.0,1502,manual,100.0,19.0
212,COMPUTE,286.0,912.0,44.0,61.0,55.0,1502,manual,100.0,18.0
213,COMPUTE,299.0,906.0,45.0,62.0,56.0,1430,manual,100.0,23.0
214,COMPUTE,286.0,893.0,45.0,63.0,55.0,1502,manual,100.0,19.0
215,COMPUTE,281.0,862.0,45.0,63.0,56.0,1502,manual,100.0,18.0
216,COMPUTE,287.0,893.0,45.0,63.0,56.0,1472,manual,100.0,19.0
217,COMPUTE,287.0,906.0,45.0,62.0,56.0,1430,manual,100.0,22.0
218,COMPUTE,291.0,906.0,45.0,63.0,56.0,1472,manual,100.0,17.0
219,COMPUTE,284.0,887.0,45.0,63.0,55.0,1502,manual,100.0,16.0
220,COMPUTE,285.0,887.0,45.0,63.0,56.0,1502,manual,100.0,18.0
221,COMPUTE,287.0,893.0,45.0,63.0,57.0,1430,manual,100.0,25.0
222,COMPUTE,281.0,925.0,45.0,61.0,62.0,1502,manual,100.0,43.0
223,COMPUTE,269.0,881.0,45.0,60.0,55.0,1502,manual,100.0,49.0
224,COMPUTE,295.0,893.0,45.0,63.0,56.0,1472,manual,100.0,18.0
225,COMPUTE,287.0,862.0,45.0,63.0,56.0,1472,manual,100.0,20.0
226,COMPUTE,238.0,906.0,45.0,61.0,56.0,1502,manual,99.0,8.0
227,COMPUTE,283.0,893.0,45.0,63.0,55.0,1502,manual,100.0,17.0
228,COMPUTE,288.0,862.0,45.0,63.0,56.0,1472,manual,100.0,16.0
229,COMPUTE,286.0,887.0,46.0,63.0,57.0,1430,manual,100.0,23.0
230,COMPUTE,301.0,893.0,46.0,64.0,56.0,1472,manual,100.0,23.0
231,COMPUTE,297.0,887.0,46.0,64.0,56.0,1472,manual,100.0,18.0
232,COMPUTE,286.0,862.0,46.0,64.0,56.0,1472,manual,100.0,17.0
233,COMPUTE,288.0,881.0,46.0,63.0,57.0,1430,manual,100.0,24.0
234,COMPUTE,297.0,893.0,46.0,64.0,57.0,1472,manual,99.0,21.0
235,COMPUTE,290.0,893.0,46.0,64.0,57.0,1472,manual,100.0,19.0
236,COMPUTE,287.0,862.0,46.0,64.0,57.0,1472,manual,100.0,17.0
237,COMPUTE,303.0,912.0,46.0,64.0,57.0,1430,manual,100.0,23.0
238,COMPUTE,286.0,906.0,46.0,64.0,58.0,1472,manual,100.0,22.0
239,COMPUTE,291.0,887.0,47.0,65.0,57.0,1472,manual,100.0,22.0
240,COMPUTE,285.0,862.0,46.0,64.0,57.0,1472,manual,100.0,17.0
241,COMPUTE,247.0,906.0,46.0,61.0,56.0,1502,manual,100.0,10.0
242,COMPUTE,281.0,918.0,46.0,62.0,63.0,1502,manual,100.0,43.0
243,COMPUTE,280.0,893.0,46.0,61.0,57.0,1472,manual,99.0,22.0
244,COMPUTE,287.0,906.0,46.0,64.0,57.0,1472,manual,100.0,22.0
245,COMPUTE,294.0,887.0,46.0,64.0,57.0,1472,manual,100.0,16.0
246,COMPUTE,256.0,906.0,46.0,64.0,58.0,1472,manual,100.0,27.0
247,COMPUTE,303.0,887.0,47.0,64.0,58.0,1430,manual,100.0,22.0
248,COMPUTE,291.0,893.0,47.0,64.0,57.0,1472,manual,100.0,23.0
249,COMPUTE,288.0,862.0,47.0,64.0,57.0,1472,manual,100.0,19.0
250,COMPUTE,286.0,862.0,47.0,64.0,58.0,1502,manual,100.0,17.0
251,COMPUTE,300.0,887.0,47.0,64.0,58.0,1430,manual,100.0,22.0
252,COMPUTE,281.0,893.0,47.0,64.0,58.0,1472,manual,100.0,21.0
253,COMPUTE,285.0,862.0,47.0,64.0,58.0,1502,manual,100.0,18.0
254,COMPUTE,295.0,887.0,47.0,64.0,58.0,1472,manual,100.0,19.0
255,COMPUTE,291.0,893.0,47.0,64.0,59.0,1430,manual,100.0,24.0
256,COMPUTE,292.0,906.0,47.0,65.0,58.0,1472,manual,100.0,22.0
257,COMPUTE,236.0,862.0,48.0,62.0,56.0,1502,manual,100.0,7.0
258,COMPUTE,286.0,893.0,47.0,64.0,59.0,1430,manual,100.0,22.0
259,COMPUTE,287.0,893.0,47.0,65.0,58.0,1472,manual,100.0,18.0
260,COMPUTE,297.0,906.0,47.0,65.0,58.0,1472,manual,100.0,17.0
261,COMPUTE,116.0,912.0,47.0,64.0,60.0,1502,manual,100.0,0.0
262,COMPUTE,70.0,887.0,45.0,51.0,54.0,1502,manual,2.0,1.0
263,COMPUTE,313.0,912.0,47.0,64.0,59.0,1472,manual,99.0,24.0
264,COMPUTE,284.0,887.0,47.0,64.0,59.0,1472,manual,99.0,23.0
265,COMPUTE,289.0,900.0,47.0,65.0,58.0,1472,manual,100.0,22.0
266,COMPUTE,294.0,881.0,47.0,65.0,58.0,1472,manual,100.0,17.0
267,COMPUTE,297.0,912.0,47.0,65.0,59.0,1472,manual,99.0,19.0
268,COMPUTE,285.0,893.0,47.0,65.0,59.0,1472,manual,100.0,24.0
269,COMPUTE,290.0,887.0,47.0,65.0,58.0,1472,manual,100.0,22.0
270,COMPUTE,288.0,862.0,47.0,65.0,57.0,1472,manual,100.0,21.0
271,COMPUTE,286.0,862.0,48.0,65.0,58.0,1502,manual,99.0,16.0
272,COMPUTE,291.0,893.0,47.0,65.0,58.0,1430,manual,100.0,24.0
273,COMPUTE,242.0,906.0,48.0,61.0,55.0,1502,manual,100.0,9.0
274,COMPUTE,303.0,862.0,48.0,65.0,58.0,1472,manual,100.0,18.0
275,COMPUTE,287.0,893.0,47.0,65.0,58.0,1430,manual,100.0,24.0
276,COMPUTE,273.0,893.0,48.0,65.0,57.0,1502,manual,99.0,49.0
277,COMPUTE,295.0,887.0,48.0,66.0,57.0,1472,manual,100.0,21.0
278,COMPUTE,288.0,862.0,48.0,65.0,58.0,1472,manual,100.0,17.0
279,COMPUTE,288.0,887.0,48.0,65.0,58.0,1430,manual,100.0,21.0
280,COMPUTE,303.0,893.0,48.0,66.0,59.0,1472,manual,100.0,29.0
281,COMPUTE,281.0,918.0,47.0,63.0,64.0,1502,manual,100.0,43.0
282,COMPUTE,71.0,662.0,45.0,48.0,51.0,1502,manual,1.0,0.0
283,COMPUTE,48.0,668.0,43.0,47.0,50.0,300,manual,0.0,2.0
284,COMPUTE,39.0,668.0,42.0,46.0,48.0,300,manual,0.0,0.0
285,COMPUTE,40.0,662.0,42.0,45.0,48.0,300,manual,0.0,0.0
286,COMPUTE,41.0,662.0,42.0,44.0,47.0,300,manual,0.0,0.0
287,COMPUTE,39.0,668.0,42.0,45.0,48.0,300,manual,0.0,0.0
288,COMPUTE,39.0,668.0,41.0,44.0,46.0,300,manual,0.0,0.0
289,COMPUTE,39.0,662.0,40.0,44.0,46.0,300,manual,0.0,0.0
290,COMPUTE,39.0,662.0,40.0,43.0,45.0,300,manual,0.0,0.0
291,COMPUTE,67.0,687.0,40.0,43.0,45.0,1502,manual,2.0,1.0
292,COMPUTE,39.0,668.0,39.0,43.0,45.0,300,manual,0.0,0.0
293,COMPUTE,39.0,668.0,38.0,42.0,44.0,300,manual,0.0,0.0
294,COMPUTE,39.0,662.0,38.0,42.0,44.0,300,manual,0.0,0.0
295,COMPUTE,39.0,662.0,38.0,41.0,44.0,300,manual,0.0,0.0
296,COMPUTE,39.0,662.0,37.0,41.0,43.0,300,manual,0.0,0.0
297,COMPUTE,39.0,662.0,37.0,41.0,43.0,300,manual,0.0,0.0
298,COMPUTE,39.0,662.0,37.0,40.0,43.0,300,manual,0.0,0.0
299,COMPUTE,39.0,662.0,36.0,40.0,43.0,300,manual,0.0,0.0
300,COMPUTE,39.0,668.0,36.0,40.0,43.0,300,manual,0.0,0.0
301,COMPUTE,39.0,662.0,36.0,40.0,42.0,300,manual,0.0,0.0
302,COMPUTE,39.0,662.0,35.0,39.0,42.0,300,manual,0.0,0.0
303,COMPUTE,39.0,662.0,35.0,39.0,43.0,300,manual,0.0,0.0
304,COMPUTE,39.0,662.0,35.0,38.0,41.0,300,manual,0.0,0.0
305,COMPUTE,39.0,662.0,35.0,39.0,41.0,300,manual,0.0,0.0
306,COMPUTE,39.0,662.0,34.0,38.0,41.0,300,manual,0.0,0.0
307,COMPUTE,39.0,668.0,34.0,38.0,41.0,300,manual,0.0,0.0
308,COMPUTE,39.0,668.0,34.0,38.0,42.0,300,manual,0.0,0.0
309,COMPUTE,39.0,668.0,34.0,37.0,40.0,300,manual,0.0,0.0
310,COMPUTE,39.0,662.0,34.0,37.0,40.0,300,manual,0.0,0.0
311,COMPUTE,39.0,662.0,33.0,37.0,41.0,300,manual,0.0,0.0
312,COMPUTE,39.0,662.0,33.0,37.0,40.0,300,manual,0.0,0.0
313,COMPUTE,39.0,662.0,33.0,36.0,40.0,300,manual,0.0,0.0
314,COMPUTE,39.0,662.0,33.0,36.0,39.0,300,manual,0.0,0.0
315,COMPUTE,39.0,662.0,32.0,36.0,39.0,300,manual,0.0,0.0
316,COMPUTE,39.0,662.0,32.0,36.0,39.0,300,manual,0.0,0.0
317,COMPUTE,39.0,662.0,32.0,35.0,39.0,300,manual,0.0,0.0
318,COMPUTE,39.0,662.0,32.0,35.0,39.0,300,manual,0.0,0.0
319,COMPUTE,39.0,668.0,32.0,35.0,39.0,300,manual,0.0,0.0
320,COMPUTE,39.0,662.0,31.0,35.0,38.0,300,manual,0.0,0.0
321,COMPUTE,39.0,662.0,31.0,35.0,38.0,300,manual,0.0,0.0
322,COMPUTE,39.0,662.0,31.0,35.0,39.0,300,manual,0.0,0.0
323,COMPUTE,38.0,662.0,31.0,35.0,38.0,300,manual,0.0,0.0
324,COMPUTE,38.0,668.0,31.0,34.0,38.0,300,manual,0.0,0.0
325,COMPUTE,38.0,662.0,31.0,34.0,39.0,300,manual,0.0,0.0
326,COMPUTE,38.0,662.0,31.0,34.0,37.0,300,manual,0.0,0.0
327,COMPUTE,39.0,662.0,30.0,34.0,37.0,300,manual,0.0,0.0
328,COMPUTE,38.0,662.0,30.0,34.0,37.0,300,manual,0.0,0.0
329,COMPUTE,39.0,668.0,30.0,33.0,37.0,300,manual,0.0,0.0
330,COMPUTE,39.0,662.0,30.0,33.0,37.0,300,manual,0.0,0.0
331,COMPUTE,39.0,668.0,30.0,33.0,37.0,300,manual,0.0,0.0
332,COMPUTE,38.0,662.0,30.0,33.0,36.0,300,manual,0.0,0.0
333,COMPUTE,38.0,662.0,29.0,33.0,36.0,300,manual,0.0,0.0
334,COMPUTE,38.0,662.0,29.0,33.0,36.0,300,manual,0.0,0.0
335,COMPUTE,38.0,662.0,29.0,32.0,36.0,300,manual,0.0,0.0
336,COMPUTE,38.0,662.0,29.0,32.0,36.0,300,manual,0.0,0.0
337,COMPUTE,38.0,662.0,28.0,32.0,36.0,300,manual,0.0,0.0
338,COMPUTE,38.0,668.0,29.0,32.0,36.0,300,manual,0.0,0.0
339,COMPUTE,37.0,662.0,29.0,32.0,37.0,300,manual,0.0,0.0
340,COMPUTE,38.0,662.0,28.0,32.0,36.0,300,manual,0.0,0.0
341,COMPUTE,38.0,925.0,29.0,32.0,37.0,300,manual,0.0,0.0
342,COMPUTE,37.0,668.0,28.0,32.0,36.0,300,manual,0.0,0.0
343,COMPUTE,55.0,850.0,28.0,32.0,35.0,1502,manual,1.0,1.0
344,COMPUTE,53.0,918.0,28.0,32.0,35.0,300,manual,1.0,1.0
345,COMPUTE,50.0,725.0,28.0,32.0,35.0,300,manual,1.0,0.0
346,COMPUTE,49.0,925.0,28.0,32.0,35.0,300,manual,1.0,1.0
347,COMPUTE,49.0,918.0,28.0,32.0,35.0,1502,manual,4.0,0.0
348,COMPUTE,235.0,668.0,28.0,32.0,37.0,1502,manual,99.0,11.0
349,COMPUTE,38.0,662.0,28.0,32.0,35.0,300,manual,0.0,0.0
350,COMPUTE,37.0,662.0,28.0,32.0,36.0,300,manual,0.0,0.0
351,COMPUTE,54.0,756.0,28.0,32.0,36.0,1502,manual,4.0,2.0
352,COMPUTE,37.0,662.0,28.0,31.0,36.0,300,manual,0.0,0.0
353,COMPUTE,37.0,662.0,27.0,31.0,36.0,300,manual,0.0,0.0
354,COMPUTE,38.0,662.0,27.0,31.0,35.0,300,manual,0.0,0.0
355,COMPUTE,36.0,662.0,27.0,31.0,35.0,300,manual,0.0,0.0
356,COMPUTE,37.0,662.0,27.0,31.0,35.0,300,manual,0.0,0.0
357,COMPUTE,36.0,662.0,27.0,31.0,35.0,300,manual,0.0,0.0
358,COMPUTE,36.0,662.0,26.0,31.0,34.0,300,manual,0.0,0.0
359,COMPUTE,37.0,668.0,26.0,30.0,34.0,300,manual,0.0,0.0
360,COMPUTE,38.0,668.0,26.0,30.0,34.0,300,manual,0.0,0.0
361,COMPUTE,37.0,668.0,26.0,30.0,35.0,300,manual,0.0,0.0
362,COMPUTE,36.0,662.0,26.0,30.0,34.0,300,manual,0.0,0.0
363,COMPUTE,37.0,662.0,26.0,30.0,35.0,300,manual,0.0,0.0
364,COMPUTE,37.0,662.0,26.0,30.0,34.0,300,manual,0.0,0.0
365,COMPUTE,36.0,662.0,26.0,30.0,34.0,300,manual,0.0,0.0
366,COMPUTE,63.0,918.0,26.0,30.0,34.0,1502,manual,2.0,0.0
367,COMPUTE,37.0,925.0,26.0,30.0,34.0,300,manual,0.0,0.0
368,COMPUTE,62.0,912.0,26.0,30.0,34.0,1502,manual,1.0,0.0
369,COMPUTE,63.0,925.0,26.0,30.0,35.0,1502,manual,1.0,1.0
370,COMPUTE,62.0,662.0,26.0,30.0,34.0,1502,manual,1.0,0.0
371,COMPUTE,56.0,662.0,26.0,30.0,34.0,1502,manual,3.0,1.0
372,COMPUTE,54.0,918.0,26.0,30.0,35.0,1502,manual,1.0,0.0
373,COMPUTE,37.0,662.0,26.0,30.0,34.0,300,manual,0.0,0.0
374,COMPUTE,36.0,668.0,25.0,30.0,34.0,300,manual,0.0,0.0
375,COMPUTE,38.0,662.0,26.0,30.0,34.0,300,manual,0.0,0.0
376,COMPUTE,51.0,675.0,25.0,30.0,34.0,300,manual,1.0,0.0
377,COMPUTE,39.0,912.0,25.0,30.0,34.0,300,manual,0.0,0.0
378,COMPUTE,52.0,918.0,26.0,30.0,34.0,300,manual,1.0,0.0
379,COMPUTE,37.0,662.0,26.0,30.0,34.0,300,manual,0.0,1.0
380,COMPUTE,64.0,900.0,25.0,30.0,34.0,1502,manual,2.0,0.0
381,COMPUTE,57.0,662.0,25.0,29.0,34.0,1502,manual,2.0,1.0
382,COMPUTE,37.0,662.0,26.0,29.0,34.0,300,manual,0.0,0.0
383,COMPUTE,37.0,675.0,26.0,31.0,34.0,300,manual,2.0,0.0
384,COMPUTE,35.0,662.0,26.0,30.0,33.0,300,manual,0.0,0.0
385,COMPUTE,54.0,656.0,25.0,29.0,34.0,300,manual,1.0,2.0
386,COMPUTE,40.0,918.0,25.0,29.0,33.0,300,manual,0.0,1.0
387,COMPUTE,63.0,800.0,25.0,30.0,34.0,1502,manual,2.0,1.0
388,COMPUTE,47.0,668.0,25.0,29.0,33.0,1502,manual,5.0,0.0
389,COMPUTE,63.0,662.0,25.0,29.0,33.0,1502,manual,2.0,0.0
390,COMPUTE,36.0,925.0,25.0,30.0,34.0,300,manual,0.0,0.0
391,COMPUTE,35.0,925.0,25.0,29.0,34.0,300,manual,0.0,0.0
392,COMPUTE,48.0,668.0,25.0,29.0,33.0,1502,manual,4.0,1.0
393,COMPUTE,218.0,906.0,28.0,39.0,34.0,1502,manual,100.0,2.0
394,COMPUTE,40.0,918.0,26.0,30.0,34.0,300,manual,0.0,0.0
395,COMPUTE,37.0,662.0,26.0,30.0,34.0,300,manual,0.0,0.0
396,COMPUTE,51.0,906.0,26.0,31.0,34.0,1502,manual,5.0,0.0
397,COMPUTE,112.0,918.0,28.0,41.0,36.0,1502,manual,100.0,0.0
398,COMPUTE,53.0,781.0,26.0,30.0,35.0,300,manual,1.0,0.0
399,COMPUTE,43.0,925.0,26.0,30.0,34.0,1502,manual,0.0,0.0
400,COMPUTE,49.0,925.0,26.0,30.0,33.0,300,manual,1.0,1.0
401,COMPUTE,52.0,918.0,25.0,30.0,33.0,300,manual,1.0,0.0
402,COMPUTE,60.0,681.0,26.0,29.0,33.0,1502,manual,3.0,0.0
403,COMPUTE,281.0,825.0,26.0,36.0,41.0,1502,manual,99.0,56.0
404,COMPUTE,287.0,906.0,30.0,43.0,47.0,1319,manual,100.0,42.0
405,COMPUTE,287.0,812.0,31.0,45.0,49.0,1363,manual,100.0,42.0
406,COMPUTE,287.0,806.0,32.0,45.0,49.0,1319,manual,100.0,43.0
407,COMPUTE,286.0,806.0,32.0,46.0,50.0,1319,manual,100.0,43.0
408,COMPUTE,260.0,800.0,33.0,46.0,51.0,1502,manual,100.0,50.0
409,COMPUTE,286.0,812.0,33.0,46.0,51.0,1319,manual,100.0,43.0
410,COMPUTE,286.0,812.0,33.0,47.0,54.0,1502,manual,100.0,58.0
411,COMPUTE,287.0,906.0,34.0,47.0,52.0,1319,manual,100.0,42.0
412,COMPUTE,287.0,800.0,34.0,48.0,53.0,1319,manual,100.0,43.0
413,COMPUTE,287.0,862.0,35.0,48.0,54.0,1319,manual,100.0,42.0
414,COMPUTE,289.0,831.0,35.0,49.0,53.0,1319,manual,100.0,42.0
415,COMPUTE,259.0,818.0,35.0,48.0,53.0,1472,manual,100.0,57.0
416,COMPUTE,290.0,812.0,36.0,49.0,54.0,1319,manual,100.0,42.0
417,COMPUTE,285.0,812.0,35.0,49.0,54.0,1502,manual,100.0,57.0
418,COMPUTE,288.0,906.0,37.0,49.0,54.0,1319,manual,100.0,43.0
419,COMPUTE,289.0,812.0,36.0,51.0,56.0,1319,manual,99.0,43.0
420,COMPUTE,291.0,862.0,37.0,50.0,55.0,1319,manual,100.0,42.0
421,COMPUTE,289.0,812.0,37.0,51.0,55.0,1319,manual,100.0,43.0
422,COMPUTE,288.0,806.0,37.0,50.0,55.0,1319,manual,100.0,42.0
423,COMPUTE,289.0,793.0,37.0,51.0,56.0,1319,manual,100.0,43.0
424,COMPUTE,290.0,806.0,38.0,51.0,56.0,1502,manual,99.0,57.0
425,COMPUTE,290.0,912.0,38.0,51.0,57.0,1319,manual,100.0,42.0
426,COMPUTE,290.0,800.0,38.0,52.0,58.0,1319,manual,99.0,42.0
427,COMPUTE,290.0,912.0,38.0,52.0,57.0,1319,manual,100.0,42.0
428,COMPUTE,229.0,912.0,38.0,51.0,52.0,1502,manual,100.0,2.0
429,COMPUTE,229.0,912.0,38.0,51.0,45.0,1502,manual,100.0,2.0
430,COMPUTE,47.0,668.0,38.0,51.0,44.0,300,manual,1.0,2.0
431,COMPUTE,267.0,812.0,38.0,51.0,55.0,1502,manual,100.0,49.0
432,COMPUTE,286.0,812.0,39.0,53.0,57.0,1363,manual,100.0,43.0
433,COMPUTE,282.0,812.0,40.0,53.0,57.0,1363,manual,100.0,42.0
434,COMPUTE,283.0,825.0,39.0,53.0,58.0,1363,manual,100.0,41.0
435,COMPUTE,293.0,912.0,40.0,54.0,57.0,1363,manual,100.0,41.0
436,COMPUTE,292.0,825.0,40.0,54.0,60.0,1502,manual,100.0,54.0
437,COMPUTE,291.0,831.0,40.0,54.0,58.0,1363,manual,100.0,40.0
438,COMPUTE,267.0,831.0,40.0,54.0,57.0,1502,manual,99.0,50.0
439,COMPUTE,301.0,831.0,40.0,54.0,58.0,1363,manual,100.0,37.0
440,COMPUTE,284.0,912.0,41.0,54.0,58.0,1363,manual,100.0,36.0
441,COMPUTE,287.0,850.0,41.0,55.0,58.0,1502,manual,100.0,54.0
442,COMPUTE,283.0,850.0,41.0,55.0,58.0,1404,manual,100.0,37.0
443,COMPUTE,284.0,912.0,41.0,55.0,58.0,1404,manual,100.0,35.0
444,COMPUTE,278.0,850.0,41.0,56.0,59.0,1502,manual,100.0,51.0
445,COMPUTE,298.0,825.0,42.0,56.0,58.0,1404,manual,100.0,35.0
446,COMPUTE,301.0,912.0,42.0,56.0,58.0,1363,manual,100.0,34.0
447,COMPUTE,261.0,831.0,42.0,56.0,59.0,1502,manual,100.0,70.0
448,COMPUTE,299.0,850.0,42.0,56.0,59.0,1363,manual,100.0,34.0
449,COMPUTE,296.0,831.0,42.0,56.0,58.0,1363,manual,100.0,35.0
450,COMPUTE,295.0,900.0,42.0,56.0,58.0,1363,manual,100.0,34.0
451,COMPUTE,277.0,850.0,42.0,57.0,61.0,1502,manual,100.0,50.0
452,COMPUTE,289.0,850.0,42.0,57.0,59.0,1404,manual,100.0,33.0
453,COMPUTE,278.0,856.0,43.0,57.0,58.0,1404,manual,100.0,32.0
454,COMPUTE,296.0,831.0,43.0,57.0,58.0,1363,manual,100.0,33.0
455,COMPUTE,340.0,850.0,43.0,58.0,61.0,1472,manual,99.0,37.0
456,COMPUTE,289.0,850.0,43.0,57.0,59.0,1404,manual,100.0,34.0
457,COMPUTE,294.0,875.0,43.0,57.0,59.0,1363,manual,100.0,34.0
458,COMPUTE,280.0,850.0,43.0,58.0,59.0,1404,manual,100.0,33.0
459,COMPUTE,277.0,850.0,43.0,58.0,61.0,1502,manual,100.0,50.0
460,COMPUTE,289.0,850.0,44.0,58.0,60.0,1404,manual,100.0,35.0
461,COMPUTE,229.0,912.0,43.0,55.0,51.0,1502,manual,100.0,2.0
462,COMPUTE,293.0,831.0,43.0,57.0,56.0,1363,manual,100.0,33.0
463,COMPUTE,296.0,831.0,43.0,58.0,59.0,1404,manual,100.0,37.0
464,COMPUTE,289.0,912.0,44.0,58.0,59.0,1404,manual,100.0,33.0
465,COMPUTE,283.0,850.0,44.0,58.0,60.0,1404,manual,100.0,35.0
466,COMPUTE,272.0,850.0,43.0,58.0,62.0,1502,manual,100.0,49.0
467,COMPUTE,280.0,850.0,44.0,58.0,61.0,1404,manual,100.0,34.0
468,COMPUTE,294.0,850.0,44.0,58.0,60.0,1363,manual,100.0,34.0
469,COMPUTE,295.0,906.0,44.0,59.0,60.0,1363,manual,100.0,35.0
470,COMPUTE,272.0,825.0,44.0,58.0,61.0,1502,manual,100.0,50.0
471,COMPUTE,281.0,850.0,44.0,59.0,63.0,1404,manual,99.0,35.0
472,COMPUTE,287.0,850.0,44.0,59.0,61.0,1404,manual,100.0,36.0
473,COMPUTE,284.0,912.0,45.0,59.0,61.0,1404,manual,100.0,34.0
474,COMPUTE,294.0,850.0,45.0,59.0,61.0,1363,manual,100.0,35.0
475,COMPUTE,274.0,831.0,44.0,59.0,64.0,1502,manual,100.0,50.0
476,COMPUTE,282.0,825.0,45.0,59.0,62.0,1404,manual,100.0,36.0
477,COMPUTE,283.0,912.0,45.0,59.0,61.0,1404,manual,100.0,37.0
478,COMPUTE,286.0,831.0,45.0,59.0,61.0,1363,manual,100.0,36.0
479,COMPUTE,328.0,831.0,45.0,59.0,64.0,1430,manual,99.0,37.0
480,COMPUTE,298.0,850.0,45.0,59.0,62.0,1363,manual,100.0,36.0
481,COMPUTE,285.0,912.0,45.0,60.0,62.0,1363,manual,100.0,37.0
482,COMPUTE,271.0,850.0,45.0,59.0,63.0,1502,manual,100.0,50.0
483,COMPUTE,283.0,831.0,45.0,60.0,63.0,1363,manual,100.0,36.0
484,COMPUTE,286.0,831.0,46.0,59.0,62.0,1363,manual,100.0,37.0
485,COMPUTE,289.0,906.0,46.0,59.0,62.0,1363,manual,100.0,37.0
486,COMPUTE,276.0,831.0,45.0,60.0,65.0,1502,manual,100.0,49.0
487,COMPUTE,287.0,825.0,46.0,60.0,63.0,1363,manual,100.0,38.0
488,COMPUTE,288.0,912.0,46.0,60.0,62.0,1363,manual,100.0,38.0
489,COMPUTE,280.0,825.0,45.0,60.0,65.0,1502,manual,100.0,51.0
490,COMPUTE,283.0,831.0,46.0,60.0,63.0,1363,manual,100.0,39.0
491,COMPUTE,295.0,912.0,46.0,60.0,63.0,1319,manual,100.0,39.0
492,COMPUTE,281.0,825.0,46.0,60.0,65.0,1502,manual,100.0,50.0
493,COMPUTE,283.0,806.0,46.0,60.0,64.0,1363,manual,100.0,39.0
494,COMPUTE,233.0,906.0,46.0,58.0,54.0,1502,manual,100.0,2.0
495,COMPUTE,295.0,825.0,46.0,59.0,61.0,1363,manual,100.0,40.0
496,COMPUTE,286.0,812.0,46.0,60.0,63.0,1319,manual,100.0,41.0
497,COMPUTE,297.0,825.0,46.0,61.0,65.0,1319,manual,100.0,41.0
498,COMPUTE,300.0,893.0,46.0,60.0,64.0,1319,manual,100.0,40.0
499,COMPUTE,272.0,806.0,46.0,60.0,64.0,1502,manual,100.0,50.0
500,COMPUTE,301.0,825.0,46.0,60.0,65.0,1319,manual,100.0,41.0
501,COMPUTE,287.0,912.0,46.0,60.0,64.0,1319,manual,100.0,43.0
502,COMPUTE,277.0,812.0,47.0,60.0,66.0,1502,manual,100.0,49.0
503,COMPUTE,290.0,806.0,47.0,60.0,65.0,1319,manual,100.0,41.0
504,COMPUTE,290.0,806.0,47.0,60.0,64.0,1319,manual,100.0,41.0
505,COMPUTE,292.0,812.0,46.0,61.0,65.0,1319,manual,100.0,42.0
506,COMPUTE,290.0,912.0,47.0,60.0,65.0,1319,manual,100.0,43.0
507,COMPUTE,283.0,812.0,46.0,60.0,66.0,1502,manual,100.0,51.0
508,COMPUTE,292.0,793.0,47.0,60.0,65.0,1319,manual,100.0,42.0
509,COMPUTE,280.0,912.0,47.0,60.0,65.0,1319,manual,100.0,41.0
510,COMPUTE,286.0,812.0,47.0,61.0,66.0,1319,manual,99.0,43.0
511,COMPUTE,292.0,812.0,47.0,60.0,65.0,1319,manual,100.0,42.0
512,COMPUTE,271.0,806.0,47.0,60.0,66.0,1502,manual,99.0,50.0
513,COMPUTE,356.0,787.0,47.0,59.0,62.0,1430,manual,99.0,43.0
514,COMPUTE,283.0,912.0,47.0,60.0,65.0,1319,manual,100.0,42.0
515,COMPUTE,282.0,812.0,47.0,61.0,66.0,1502,manual,100.0,51.0
516,COMPUTE,284.0,806.0,47.0,60.0,66.0,1319,manual,100.0,42.0
517,COMPUTE,293.0,881.0,47.0,61.0,65.0,1319,manual,100.0,42.0
518,COMPUTE,295.0,787.0,47.0,61.0,67.0,1283,manual,100.0,42.0
519,COMPUTE,290.0,912.0,48.0,61.0,66.0,1319,manual,100.0,44.0
520,COMPUTE,271.0,806.0,47.0,61.0,66.0,1502,manual,100.0,57.0
521,COMPUTE,294.0,793.0,47.0,61.0,66.0,1319,manual,100.0,43.0
522,COMPUTE,288.0,912.0,47.0,61.0,66.0,1319,manual,100.0,43.0
523,COMPUTE,354.0,806.0,47.0,61.0,67.0,1430,manual,100.0,46.0
524,COMPUTE,229.0,906.0,47.0,59.0,57.0,1502,manual,100.0,2.0
525,COMPUTE,292.0,787.0,47.0,61.0,61.0,1319,manual,100.0,43.0
526,COMPUTE,295.0,912.0,47.0,60.0,65.0,1319,manual,100.0,43.0
527,COMPUTE,297.0,812.0,47.0,62.0,67.0,1319,manual,100.0,43.0
528,COMPUTE,287.0,912.0,47.0,61.0,65.0,1319,manual,100.0,44.0
529,COMPUTE,284.0,806.0,47.0,61.0,66.0,1502,manual,100.0,55.0
530,COMPUTE,293.0,806.0,48.0,60.0,65.0,1319,manual,100.0,42.0
531,COMPUTE,266.0,812.0,48.0,61.0,65.0,1472,manual,100.0,57.0
532,COMPUTE,289.0,806.0,48.0,61.0,65.0,1319,manual,100.0,42.0
533,COMPUTE,292.0,912.0,48.0,60.0,65.0,1283,manual,100.0,44.0
534,COMPUTE,281.0,806.0,47.0,62.0,66.0,1319,manual,100.0,41.0
535,COMPUTE,296.0,912.0,48.0,61.0,65.0,1283,manual,100.0,42.0
536,COMPUTE,288.0,806.0,48.0,62.0,66.0,1502,manual,100.0,52.0
537,COMPUTE,282.0,806.0,48.0,61.0,65.0,1319,manual,100.0,43.0
538,COMPUTE,272.0,806.0,47.0,60.0,65.0,1502,manual,100.0,50.0
539,COMPUTE,286.0,806.0,47.0,62.0,66.0,1319,manual,100.0,41.0
540,COMPUTE,292.0,856.0,48.0,61.0,65.0,1319,manual,100.0,42.0
541,COMPUTE,288.0,806.0,48.0,62.0,66.0,1319,manual,100.0,42.0
542,COMPUTE,291.0,912.0,48.0,61.0,65.0,1319,manual,100.0,42.0
543,COMPUTE,287.0,806.0,48.0,62.0,67.0,1472,manual,100.0,47.0
544,COMPUTE,289.0,843.0,48.0,62.0,65.0,1319,manual,100.0,40.0
545,COMPUTE,272.0,812.0,48.0,62.0,65.0,1502,manual,99.0,49.0
546,COMPUTE,290.0,812.0,48.0,61.0,65.0,1319,manual,100.0,41.0
547,COMPUTE,287.0,812.0,48.0,62.0,66.0,1319,manual,100.0,40.0
548,COMPUTE,295.0,812.0,48.0,62.0,66.0,1319,manual,100.0,40.0
549,COMPUTE,287.0,912.0,48.0,62.0,65.0,1319,manual,100.0,40.0
550,COMPUTE,295.0,812.0,48.0,63.0,67.0,1472,manual,100.0,54.0
551,COMPUTE,294.0,825.0,48.0,62.0,65.0,1319,manual,100.0,39.0
552,COMPUTE,297.0,812.0,48.0,62.0,66.0,1319,manual,100.0,40.0
553,COMPUTE,233.0,912.0,48.0,60.0,60.0,1502,manual,100.0,2.0
554,COMPUTE,234.0,812.0,48.0,61.0,53.0,1502,manual,100.0,2.0
555,COMPUTE,284.0,806.0,48.0,62.0,64.0,1363,manual,100.0,40.0
556,COMPUTE,288.0,912.0,49.0,62.0,64.0,1363,manual,100.0,40.0
557,COMPUTE,289.0,831.0,48.0,63.0,68.0,1502,manual,100.0,52.0
558,COMPUTE,298.0,831.0,49.0,62.0,65.0,1319,manual,100.0,39.0
559,COMPUTE,295.0,812.0,48.0,62.0,66.0,1319,manual,100.0,40.0
560,COMPUTE,286.0,831.0,48.0,63.0,65.0,1363,manual,100.0,39.0
561,COMPUTE,284.0,912.0,49.0,62.0,65.0,1363,manual,100.0,39.0
562,COMPUTE,283.0,831.0,49.0,62.0,66.0,1502,manual,100.0,51.0
563,COMPUTE,283.0,825.0,48.0,63.0,65.0,1363,manual,100.0,38.0
564,COMPUTE,298.0,912.0,49.0,62.0,66.0,1319,manual,100.0,38.0
565,COMPUTE,322.0,825.0,49.0,63.0,67.0,1404,manual,99.0,38.0
566,COMPUTE,297.0,825.0,49.0,62.0,65.0,1319,manual,100.0,40.0
567,COMPUTE,295.0,825.0,49.0,62.0,65.0,1319,manual,100.0,37.0
568,COMPUTE,296.0,831.0,49.0,63.0,66.0,1319,manual,100.0,37.0
569,COMPUTE,291.0,912.0,49.0,63.0,66.0,1363,manual,100.0,39.0
570,COMPUTE,275.0,831.0,49.0,62.0,65.0,1502,manual,100.0,50.0
571,COMPUTE,288.0,825.0,49.0,63.0,65.0,1363,manual,100.0,36.0
572,COMPUTE,294.0,906.0,49.0,63.0,65.0,1363,manual,100.0,38.0
573,COMPUTE,290.0,831.0,49.0,63.0,66.0,1502,manual,100.0,52.0
574,COMPUTE,292.0,831.0,49.0,62.0,65.0,1363,manual,100.0,38.0
575,COMPUTE,292.0,912.0,49.0,62.0,64.0,1363,manual,100.0,37.0
576,COMPUTE,285.0,831.0,48.0,64.0,67.0,1502,manual,100.0,51.0
577,COMPUTE,290.0,831.0,49.0,62.0,65.0,1363,manual,100.0,37.0
578,COMPUTE,292.0,912.0,49.0,63.0,65.0,1319,manual,100.0,38.0
579,COMPUTE,324.0,831.0,49.0,63.0,67.0,1430,manual,100.0,38.0
580,COMPUTE,280.0,831.0,49.0,63.0,65.0,1363,manual,100.0,37.0
581,COMPUTE,293.0,825.0,49.0,63.0,66.0,1363,manual,100.0,38.0
582,COMPUTE,288.0,831.0,49.0,63.0,66.0,1363,manual,100.0,37.0
583,COMPUTE,288.0,825.0,49.0,63.0,65.0,1363,manual,100.0,39.0
584,COMPUTE,233.0,906.0,49.0,61.0,56.0,1502,manual,100.0,2.0
585,COMPUTE,290.0,912.0,49.0,62.0,62.0,1363,manual,100.0,38.0
586,COMPUTE,286.0,806.0,49.0,62.0,64.0,1502,manual,100.0,51.0
587,COMPUTE,291.0,831.0,48.0,63.0,66.0,1363,manual,100.0,38.0
588,COMPUTE,291.0,831.0,49.0,62.0,65.0,1363,manual,100.0,37.0
589,COMPUTE,289.0,831.0,49.0,63.0,65.0,1363,manual,100.0,33.0
590,COMPUTE,291.0,831.0,48.0,63.0,66.0,1363,manual,100.0,37.0
591,COMPUTE,279.0,831.0,49.0,63.0,66.0,1363,manual,100.0,37.0
592,COMPUTE,282.0,831.0,49.0,63.0,65.0,1363,manual,100.0,38.0
593,COMPUTE,292.0,825.0,49.0,63.0,66.0,1363,manual,100.0,37.0
594,COMPUTE,293.0,806.0,49.0,63.0,65.0,1363,manual,100.0,38.0
595,COMPUTE,292.0,825.0,49.0,63.0,65.0,1363,manual,100.0,39.0
596,COMPUTE,277.0,831.0,49.0,64.0,66.0,1363,manual,99.0,37.0
597,COMPUTE,279.0,825.0,49.0,63.0,65.0,1363,manual,100.0,39.0
598,COMPUTE,294.0,831.0,49.0,63.0,65.0,1319,manual,100.0,39.0
599,COMPUTE,292.0,825.0,49.0,63.0,67.0,1363,manual,100.0,37.0
600,COMPUTE,293.0,825.0,49.0,63.0,65.0,1363,manual,100.0,39.0
601,COMPUTE,294.0,831.0,49.0,62.0,65.0,1319,manual,100.0,39.0
602,COMPUTE,293.0,831.0,49.0,63.0,67.0,1363,manual,99.0,37.0
603,COMPUTE,281.0,831.0,49.0,63.0,65.0,1363,manual,100.0,38.0
604,COMPUTE,291.0,831.0,49.0,63.0,65.0,1363,manual,100.0,39.0
605,COMPUTE,291.0,812.0,49.0,63.0,67.0,1319,manual,100.0,38.0
606,COMPUTE,282.0,831.0,49.0,63.0,65.0,1363,manual,100.0,39.0
607,COMPUTE,247.0,831.0,50.0,63.0,65.0,1430,manual,100.0,53.0
608,COMPUTE,294.0,831.0,48.0,63.0,66.0,1363,manual,100.0,39.0
609,COMPUTE,281.0,825.0,49.0,63.0,66.0,1363,manual,100.0,40.0
610,COMPUTE,266.0,831.0,50.0,63.0,65.0,1430,manual,100.0,56.0
611,COMPUTE,283.0,812.0,49.0,63.0,66.0,1363,manual,100.0,36.0
612,COMPUTE,283.0,912.0,49.0,63.0,65.0,1363,manual,100.0,39.0
613,COMPUTE,273.0,831.0,49.0,62.0,66.0,1502,manual,99.0,50.0
614,COMPUTE,294.0,806.0,49.0,63.0,66.0,1319,manual,100.0,39.0
615,COMPUTE,230.0,912.0,49.0,61.0,56.0,1502,manual,100.0,2.0
616,COMPUTE,285.0,812.0,49.0,62.0,62.0,1363,manual,100.0,39.0
617,COMPUTE,281.0,912.0,49.0,62.0,65.0,1363,manual,100.0,40.0
618,COMPUTE,335.0,831.0,49.0,63.0,67.0,1472,manual,99.0,43.0
619,COMPUTE,284.0,812.0,49.0,63.0,66.0,1363,manual,100.0,39.0
620,COMPUTE,284.0,812.0,49.0,62.0,66.0,1363,manual,100.0,39.0
621,COMPUTE,295.0,806.0,49.0,63.0,67.0,1319,manual,100.0,39.0
622,COMPUTE,283.0,812.0,49.0,62.0,66.0,1363,manual,100.0,41.0
623,COMPUTE,272.0,831.0,49.0,62.0,66.0,1502,manual,100.0,50.0
624,COMPUTE,294.0,812.0,49.0,63.0,66.0,1363,manual,100.0,40.0
625,COMPUTE,297.0,893.0,49.0,63.0,66.0,1319,manual,100.0,39.0
626,COMPUTE,273.0,812.0,49.0,63.0,66.0,1502,manual,100.0,65.0
627,COMPUTE,293.0,825.0,49.0,63.0,66.0,1363,manual,100.0,41.0
628,COMPUTE,296.0,912.0,49.0,63.0,66.0,1319,manual,100.0,39.0
629,COMPUTE,281.0,812.0,49.0,63.0,68.0,1502,manual,100.0,50.0
630,COMPUTE,288.0,812.0,50.0,63.0,66.0,1319,manual,100.0,40.0
631,COMPUTE,275.0,906.0,50.0,65.0,62.0,1502,manual,100.0,21.0
632,COMPUTE,59.0,662.0,46.0,51.0,55.0,300,manual,1.0,1.0
633,COMPUTE,47.0,931.0,45.0,49.0,52.0,300,manual,0.0,0.0
634,COMPUTE,48.0,925.0,44.0,47.0,51.0,1502,manual,7.0,0.0
635,COMPUTE,65.0,662.0,44.0,47.0,50.0,1502,manual,2.0,0.0
636,COMPUTE,68.0,662.0,43.0,46.0,50.0,1502,manual,1.0,2.0
637,COMPUTE,48.0,662.0,42.0,46.0,49.0,300,manual,0.0,2.0
638,COMPUTE,48.0,662.0,42.0,46.0,49.0,300,manual,0.0,2.0
639,COMPUTE,39.0,662.0,42.0,45.0,48.0,300,manual,0.0,0.0
640,COMPUTE,39.0,662.0,41.0,45.0,48.0,300,manual,0.0,0.0
641,COMPUTE,65.0,668.0,41.0,44.0,47.0,1502,manual,11.0,1.0
642,COMPUTE,154.0,931.0,41.0,44.0,47.0,1502,manual,32.0,0.0
643,COMPUTE,54.0,925.0,40.0,43.0,47.0,300,manual,0.0,0.0
644,COMPUTE,57.0,662.0,40.0,43.0,47.0,300,manual,1.0,0.0
645,COMPUTE,39.0,925.0,40.0,43.0,46.0,300,manual,0.0,0.0
646,COMPUTE,39.0,925.0,39.0,43.0,46.0,300,manual,0.0,0.0
647,COMPUTE,39.0,925.0,39.0,43.0,46.0,300,manual,0.0,0.0
648,COMPUTE,59.0,662.0,38.0,42.0,45.0,1502,manual,2.0,0.0
649,COMPUTE,43.0,912.0,38.0,42.0,45.0,300,manual,0.0,0.0
650,COMPUTE,316.0,806.0,40.0,48.0,49.0,1404,manual,99.0,46.0
651,COMPUTE,71.0,912.0,42.0,51.0,57.0,1502,manual,1.0,0.0
652,COMPUTE,185.0,906.0,41.0,54.0,53.0,1502,manual,98.0,26.0
653,COMPUTE,297.0,800.0,42.0,54.0,61.0,1283,manual,99.0,43.0
654,COMPUTE,198.0,912.0,43.0,56.0,54.0,1502,manual,100.0,11.0
655,COMPUTE,313.0,793.0,42.0,55.0,63.0,1319,manual,99.0,60.0
656,COMPUTE,253.0,912.0,43.0,56.0,55.0,1502,manual,100.0,14.0
657,COMPUTE,309.0,793.0,43.0,57.0,65.0,1235,manual,100.0,51.0
658,COMPUTE,199.0,825.0,43.0,56.0,56.0,1502,manual,100.0,4.0
659,COMPUTE,266.0,912.0,43.0,56.0,53.0,1502,manual,100.0,41.0
660,COMPUTE,206.0,906.0,43.0,57.0,54.0,1502,manual,100.0,2.0
661,COMPUTE,212.0,912.0,44.0,57.0,54.0,1502,manual,100.0,11.0
662,COMPUTE,216.0,912.0,44.0,57.0,54.0,1502,manual,100.0,10.0
663,COMPUTE,129.0,912.0,45.0,58.0,56.0,1502,manual,100.0,0.0
664,COMPUTE,351.0,925.0,44.0,58.0,56.0,1404,manual,100.0,18.0
665,COMPUTE,323.0,918.0,44.0,57.0,63.0,1319,manual,100.0,74.0
666,COMPUTE,309.0,850.0,44.0,58.0,64.0,1235,manual,99.0,49.0
667,COMPUTE,154.0,881.0,44.0,57.0,62.0,1363,manual,99.0,64.0
668,COMPUTE,186.0,856.0,44.0,57.0,62.0,1319,manual,100.0,69.0
669,COMPUTE,300.0,893.0,44.0,57.0,61.0,1283,manual,100.0,58.0
670,COMPUTE,286.0,850.0,44.0,57.0,58.0,1283,manual,100.0,48.0
671,COMPUTE,246.0,825.0,44.0,58.0,58.0,1363,manual,99.0,53.0
672,COMPUTE,312.0,768.0,44.0,58.0,57.0,1283,manual,100.0,60.0
673,COMPUTE,296.0,806.0,44.0,58.0,55.0,1319,manual,100.0,30.0
674,COMPUTE,296.0,825.0,43.0,59.0,54.0,1363,manual,99.0,30.0
675,COMPUTE,290.0,793.0,44.0,58.0,55.0,1502,manual,100.0,32.0
676,COMPUTE,179.0,806.0,44.0,59.0,53.0,1502,manual,100.0,27.0
677,COMPUTE,199.0,806.0,44.0,58.0,54.0,1502,manual,100.0,3.0
678,COMPUTE,209.0,793.0,44.0,58.0,54.0,1502,manual,100.0,4.0
679,COMPUTE,232.0,812.0,44.0,58.0,55.0,1502,manual,100.0,26.0
680,COMPUTE,226.0,825.0,45.0,58.0,56.0,1502,manual,99.0,24.0
681,COMPUTE,215.0,843.0,45.0,58.0,56.0,1502,manual,99.0,19.0
682,COMPUTE,253.0,906.0,45.0,58.0,55.0,1502,manual,99.0,40.0
683,COMPUTE,238.0,912.0,45.0,58.0,55.0,1502,manual,100.0,13.0
684,COMPUTE,205.0,912.0,45.0,59.0,56.0,1502,manual,100.0,10.0
685,COMPUTE,237.0,912.0,45.0,59.0,55.0,1502,manual,100.0,13.0
686,COMPUTE,204.0,912.0,45.0,59.0,56.0,1502,manual,99.0,10.0
687,COMPUTE,256.0,912.0,45.0,59.0,56.0,1502,manual,100.0,15.0
688,COMPUTE,213.0,912.0,46.0,60.0,56.0,1502,manual,100.0,2.0
689,COMPUTE,277.0,912.0,46.0,59.0,58.0,1502,manual,100.0,19.0
690,COMPUTE,247.0,912.0,46.0,59.0,57.0,1502,manual,100.0,11.0
691,COMPUTE,353.0,906.0,45.0,58.0,61.0,1472,manual,100.0,14.0
692,COMPUTE,363.0,906.0,45.0,58.0,64.0,1472,manual,100.0,24.0
693,COMPUTE,300.0,912.0,45.0,59.0,65.0,1319,manual,99.0,28.0
694,COMPUTE,318.0,912.0,45.0,59.0,64.0,1319,manual,99.0,24.0
695,COMPUTE,313.0,868.0,45.0,58.0,64.0,1235,manual,99.0,64.0
696,COMPUTE,188.0,856.0,45.0,58.0,63.0,1319,manual,100.0,63.0
697,COMPUTE,317.0,856.0,46.0,59.0,62.0,1319,manual,99.0,60.0
698,COMPUTE,324.0,856.0,45.0,59.0,61.0,1319,manual,100.0,56.0
699,COMPUTE,187.0,831.0,46.0,59.0,58.0,1319,manual,99.0,52.0
700,COMPUTE,297.0,793.0,45.0,59.0,56.0,1363,manual,99.0,30.0
701,COMPUTE,293.0,806.0,45.0,59.0,56.0,1319,manual,100.0,30.0
702,COMPUTE,296.0,806.0,45.0,60.0,56.0,1319,manual,100.0,30.0
703,COMPUTE,297.0,806.0,45.0,59.0,57.0,1319,manual,100.0,30.0
704,COMPUTE,265.0,793.0,45.0,60.0,56.0,1502,manual,100.0,32.0
705,COMPUTE,157.0,806.0,45.0,59.0,55.0,1502,manual,100.0,1.0
706,COMPUTE,203.0,825.0,45.0,59.0,55.0,1502,manual,100.0,37.0
707,COMPUTE,210.0,831.0,46.0,59.0,56.0,1502,manual,100.0,3.0
708,COMPUTE,204.0,793.0,46.0,59.0,57.0,1502,manual,100.0,4.0
709,COMPUTE,210.0,787.0,45.0,59.0,54.0,1502,manual,100.0,3.0
710,COMPUTE,201.0,806.0,46.0,59.0,57.0,1502,manual,100.0,4.0
711,COMPUTE,210.0,787.0,46.0,59.0,55.0,1502,manual,100.0,4.0
712,COMPUTE,205.0,812.0,46.0,59.0,58.0,1502,manual,100.0,4.0
713,COMPUTE,294.0,912.0,46.0,59.0,57.0,1502,manual,99.0,55.0
714,COMPUTE,214.0,862.0,46.0,59.0,56.0,1502,manual,100.0,20.0
715,COMPUTE,320.0,906.0,46.0,59.0,56.0,1502,manual,99.0,24.0
716,COMPUTE,214.0,912.0,46.0,60.0,56.0,1502,manual,100.0,10.0
717,COMPUTE,216.0,912.0,46.0,60.0,56.0,1502,manual,100.0,5.0
718,COMPUTE,214.0,912.0,46.0,60.0,57.0,1502,manual,100.0,11.0
719,COMPUTE,252.0,912.0,46.0,60.0,57.0,1502,manual,100.0,15.0
720,COMPUTE,211.0,912.0,46.0,60.0,57.0,1502,manual,100.0,10.0
721,COMPUTE,258.0,912.0,46.0,60.0,57.0,1502,manual,100.0,15.0
722,COMPUTE,346.0,912.0,47.0,61.0,58.0,1430,manual,100.0,17.0
723,COMPUTE,275.0,912.0,47.0,61.0,58.0,1363,manual,100.0,12.0
724,COMPUTE,283.0,912.0,47.0,61.0,58.0,1472,manual,100.0,12.0
725,COMPUTE,228.0,912.0,47.0,61.0,59.0,1430,manual,100.0,6.0
726,COMPUTE,367.0,912.0,47.0,60.0,61.0,1363,manual,100.0,20.0
727,COMPUTE,230.0,906.0,46.0,59.0,63.0,1404,manual,100.0,11.0
728,COMPUTE,318.0,912.0,46.0,60.0,62.0,1363,manual,100.0,21.0
729,COMPUTE,362.0,912.0,46.0,60.0,64.0,1363,manual,100.0,23.0
730,COMPUTE,324.0,925.0,46.0,59.0,65.0,1283,manual,99.0,75.0
731,COMPUTE,310.0,850.0,46.0,59.0,64.0,1283,manual,99.0,47.0
732,COMPUTE,315.0,893.0,46.0,59.0,65.0,1319,manual,99.0,74.0
733,COMPUTE,313.0,831.0,46.0,59.0,64.0,1283,manual,100.0,75.0
734,COMPUTE,215.0,850.0,46.0,59.0,63.0,1283,manual,99.0,68.0
735,COMPUTE,303.0,856.0,46.0,60.0,60.0,1283,manual,100.0,60.0
736,COMPUTE,314.0,787.0,46.0,60.0,58.0,1319,manual,100.0,60.0
737,COMPUTE,284.0,812.0,46.0,60.0,57.0,1363,manual,100.0,30.0
738,COMPUTE,258.0,787.0,46.0,59.0,56.0,1502,manual,100.0,25.0
739,COMPUTE,346.0,806.0,45.0,60.0,57.0,1502,manual,99.0,31.0
740,COMPUTE,258.0,806.0,46.0,59.0,56.0,1502,manual,100.0,25.0
741,COMPUTE,259.0,800.0,46.0,59.0,57.0,1502,manual,100.0,25.0
742,COMPUTE,144.0,806.0,46.0,60.0,55.0,1502,manual,100.0,29.0
743,COMPUTE,210.0,806.0,46.0,60.0,56.0,1502,manual,100.0,3.0
744,COMPUTE,237.0,818.0,46.0,59.0,58.0,1502,manual,100.0,26.0
745,COMPUTE,239.0,906.0,46.0,60.0,55.0,1502,manual,100.0,37.0
746,COMPUTE,224.0,918.0,47.0,60.0,57.0,1502,manual,100.0,5.0
747,COMPUTE,224.0,912.0,46.0,60.0,57.0,1502,manual,100.0,10.0
748,COMPUTE,252.0,912.0,46.0,60.0,57.0,1502,manual,100.0,14.0
749,COMPUTE,259.0,912.0,47.0,60.0,58.0,1502,manual,100.0,14.0
750,COMPUTE,313.0,906.0,47.0,61.0,59.0,1363,manual,100.0,15.0
751,COMPUTE,356.0,893.0,47.0,61.0,59.0,1404,manual,100.0,19.0
752,COMPUTE,308.0,912.0,47.0,61.0,58.0,1363,manual,100.0,14.0
753,COMPUTE,241.0,906.0,47.0,61.0,59.0,1472,manual,100.0,10.0
754,COMPUTE,372.0,912.0,47.0,60.0,62.0,1363,manual,100.0,23.0
755,COMPUTE,313.0,850.0,46.0,60.0,66.0,1283,manual,100.0,74.0
756,COMPUTE,326.0,825.0,47.0,60.0,65.0,1319,manual,100.0,71.0
757,COMPUTE,295.0,881.0,47.0,60.0,65.0,1235,manual,100.0,48.0
758,COMPUTE,244.0,912.0,46.0,60.0,63.0,1319,manual,100.0,68.0
759,COMPUTE,110.0,812.0,46.0,60.0,54.0,1502,manual,99.0,0.0
760,COMPUTE,260.0,912.0,47.0,60.0,56.0,1502,manual,100.0,39.0
761,COMPUTE,213.0,912.0,47.0,60.0,56.0,1502,manual,100.0,10.0
762,COMPUTE,201.0,912.0,47.0,60.0,57.0,1502,manual,100.0,9.0
763,COMPUTE,247.0,912.0,47.0,61.0,56.0,1502,manual,100.0,12.0
764,COMPUTE,232.0,912.0,47.0,60.0,56.0,1502,manual,100.0,12.0
765,COMPUTE,226.0,918.0,47.0,61.0,57.0,1502,manual,100.0,12.0
766,COMPUTE,252.0,906.0,47.0,60.0,58.0,1502,manual,100.0,14.0
767,COMPUTE,198.0,912.0,47.0,60.0,57.0,1502,manual,100.0,9.0
768,COMPUTE,246.0,912.0,47.0,61.0,58.0,1430,manual,100.0,11.0
769,COMPUTE,274.0,912.0,48.0,61.0,57.0,1502,manual,100.0,21.0
770,COMPUTE,208.0,912.0,48.0,62.0,57.0,1502,manual,99.0,13.0
771,COMPUTE,245.0,912.0,47.0,61.0,58.0,1472,manual,100.0,9.0
772,COMPUTE,327.0,906.0,48.0,61.0,61.0,1363,manual,100.0,18.0
773,COMPUTE,343.0,906.0,47.0,61.0,59.0,1430,manual,100.0,17.0
774,COMPUTE,211.0,906.0,47.0,61.0,60.0,1472,manual,100.0,6.0
775,COMPUTE,237.0,912.0,47.0,60.0,61.0,1404,manual,100.0,13.0
776,COMPUTE,381.0,912.0,47.0,60.0,65.0,1319,manual,100.0,17.0
777,COMPUTE,314.0,850.0,47.0,60.0,65.0,1235,manual,100.0,75.0
778,COMPUTE,315.0,831.0,47.0,60.0,65.0,1283,manual,99.0,75.0
779,COMPUTE,214.0,912.0,45.0,54.0,55.0,1502,manual,100.0,16.0
780,COMPUTE,255.0,912.0,48.0,60.0,58.0,1502,manual,99.0,14.0
781,COMPUTE,223.0,912.0,47.0,61.0,57.0,1502,manual,100.0,15.0
782,COMPUTE,239.0,912.0,47.0,62.0,58.0,1502,manual,100.0,17.0
783,COMPUTE,359.0,912.0,47.0,61.0,60.0,1404,manual,100.0,19.0
784,COMPUTE,247.0,906.0,47.0,59.0,64.0,1363,manual,99.0,16.0
785,COMPUTE,309.0,912.0,47.0,60.0,65.0,1502,manual,100.0,10.0
786,COMPUTE,346.0,906.0,47.0,60.0,65.0,1319,manual,100.0,35.0
787,COMPUTE,229.0,912.0,46.0,59.0,62.0,1430,manual,100.0,7.0
788,COMPUTE,322.0,850.0,47.0,60.0,64.0,1319,manual,99.0,70.0
789,COMPUTE,314.0,893.0,47.0,60.0,63.0,1283,manual,99.0,62.0
790,COMPUTE,309.0,856.0,47.0,60.0,62.0,1283,manual,99.0,61.0
791,COMPUTE,266.0,831.0,47.0,60.0,61.0,1283,manual,99.0,43.0
792,COMPUTE,160.0,856.0,47.0,60.0,60.0,1319,manual,99.0,44.0
793,COMPUTE,149.0,818.0,46.0,60.0,61.0,1319,manual,99.0,42.0
794,COMPUTE,327.0,806.0,47.0,60.0,57.0,1319,manual,100.0,62.0
795,COMPUTE,286.0,812.0,46.0,61.0,57.0,1319,manual,100.0,31.0
796,COMPUTE,285.0,843.0,46.0,61.0,57.0,1363,manual,100.0,30.0
797,COMPUTE,306.0,812.0,47.0,60.0,59.0,1283,manual,99.0,61.0
798,COMPUTE,286.0,787.0,46.0,61.0,57.0,1319,manual,100.0,30.0
799,COMPUTE,287.0,812.0,46.0,61.0,57.0,1319,manual,99.0,30.0
800,COMPUTE,260.0,812.0,46.0,60.0,56.0,1502,manual,100.0,25.0
801,COMPUTE,260.0,806.0,46.0,60.0,56.0,1502,manual,100.0,25.0
802,COMPUTE,261.0,787.0,46.0,60.0,56.0,1502,manual,100.0,39.0
803,COMPUTE,210.0,793.0,46.0,60.0,57.0,1502,manual,100.0,4.0
804,COMPUTE,161.0,793.0,46.0,60.0,56.0,1502,manual,100.0,1.0
805,COMPUTE,210.0,768.0,47.0,60.0,57.0,1502,manual,100.0,4.0
806,COMPUTE,139.0,825.0,47.0,60.0,59.0,1502,manual,100.0,12.0
807,COMPUTE,205.0,806.0,47.0,60.0,58.0,1502,manual,100.0,4.0
808,COMPUTE,229.0,806.0,47.0,60.0,59.0,1502,manual,100.0,26.0
809,COMPUTE,296.0,893.0,47.0,60.0,58.0,1502,manual,99.0,56.0
810,COMPUTE,262.0,906.0,47.0,60.0,57.0,1502,manual,100.0,41.0
811,COMPUTE,261.0,912.0,47.0,60.0,57.0,1502,manual,100.0,38.0
812,COMPUTE,228.0,918.0,47.0,60.0,57.0,1502,manual,100.0,6.0
813,COMPUTE,256.0,912.0,47.0,61.0,57.0,1502,manual,100.0,13.0
814,COMPUTE,252.0,912.0,47.0,61.0,57.0,1502,manual,100.0,14.0
815,COMPUTE,231.0,912.0,47.0,61.0,57.0,1502,manual,100.0,9.0
816,COMPUTE,196.0,906.0,48.0,61.0,57.0,1502,manual,100.0,10.0
817,COMPUTE,232.0,912.0,47.0,61.0,57.0,1502,manual,99.0,15.0
818,COMPUTE,260.0,906.0,47.0,61.0,57.0,1502,manual,100.0,16.0
819,COMPUTE,250.0,912.0,48.0,61.0,59.0,1363,manual,100.0,11.0
820,COMPUTE,245.0,912.0,47.0,60.0,62.0,1404,manual,100.0,11.0
821,COMPUTE,250.0,912.0,47.0,60.0,63.0,1363,manual,100.0,9.0
822,COMPUTE,266.0,912.0,47.0,61.0,61.0,1363,manual,100.0,12.0
823,COMPUTE,369.0,906.0,47.0,61.0,60.0,1430,manual,100.0,22.0
824,COMPUTE,252.0,912.0,47.0,60.0,61.0,1363,manual,100.0,12.0
825,COMPUTE,360.0,912.0,47.0,60.0,64.0,1363,manual,100.0,19.0
826,COMPUTE,384.0,906.0,46.0,60.0,62.0,1430,manual,100.0,20.0
827,COMPUTE,351.0,912.0,47.0,61.0,66.0,1363,manual,99.0,35.0
828,COMPUTE,314.0,868.0,47.0,60.0,65.0,1283,manual,100.0,63.0
829,COMPUTE,306.0,881.0,47.0,60.0,63.0,1283,manual,99.0,61.0
830,COMPUTE,146.0,831.0,46.0,60.0,65.0,1319,manual,99.0,67.0
831,COMPUTE,324.0,856.0,47.0,60.0,63.0,1319,manual,99.0,61.0
832,COMPUTE,306.0,875.0,47.0,60.0,61.0,1283,manual,99.0,62.0
833,COMPUTE,255.0,900.0,47.0,60.0,61.0,1283,manual,99.0,53.0
834,COMPUTE,306.0,825.0,47.0,61.0,60.0,1235,manual,99.0,61.0
835,COMPUTE,356.0,831.0,47.0,61.0,57.0,1363,manual,100.0,57.0
836,COMPUTE,306.0,843.0,47.0,60.0,60.0,1283,manual,99.0,52.0
837,COMPUTE,305.0,806.0,47.0,60.0,59.0,1283,manual,99.0,61.0
838,COMPUTE,287.0,806.0,47.0,61.0,57.0,1319,manual,100.0,31.0
839,COMPUTE,268.0,793.0,46.0,60.0,57.0,1502,manual,100.0,27.0
840,COMPUTE,259.0,812.0,46.0,60.0,56.0,1502,manual,99.0,26.0
841,COMPUTE,260.0,793.0,46.0,61.0,56.0,1502,manual,99.0,25.0
842,COMPUTE,160.0,762.0,46.0,60.0,55.0,1502,manual,100.0,13.0
843,COMPUTE,210.0,787.0,47.0,61.0,55.0,1502,manual,100.0,2.0
844,COMPUTE,212.0,793.0,47.0,60.0,56.0,1502,manual,100.0,3.0
845,COMPUTE,210.0,787.0,47.0,60.0,57.0,1502,manual,100.0,3.0
846,COMPUTE,209.0,806.0,47.0,60.0,59.0,1502,manual,100.0,5.0
847,COMPUTE,278.0,862.0,47.0,60.0,58.0,1502,manual,99.0,56.0
848,COMPUTE,262.0,906.0,47.0,61.0,57.0,1502,manual,100.0,46.0
849,COMPUTE,230.0,912.0,47.0,60.0,57.0,1502,manual,100.0,13.0
850,COMPUTE,233.0,906.0,47.0,61.0,58.0,1502,manual,100.0,10.0
851,COMPUTE,248.0,912.0,47.0,61.0,58.0,1502,manual,100.0,9.0
852,COMPUTE,236.0,906.0,48.0,62.0,59.0,1430,manual,100.0,5.0
853,COMPUTE,116.0,912.0,48.0,62.0,59.0,1502,manual,100.0,13.0
854,COMPUTE,274.0,912.0,48.0,62.0,59.0,1472,manual,100.0,13.0
855,COMPUTE,221.0,912.0,48.0,62.0,60.0,1430,manual,100.0,7.0
856,COMPUTE,227.0,912.0,48.0,61.0,59.0,1430,manual,100.0,7.0
857,COMPUTE,263.0,912.0,48.0,62.0,59.0,1404,manual,100.0,9.0
858,COMPUTE,365.0,912.0,48.0,61.0,61.0,1430,manual,100.0,22.0
859,COMPUTE,186.0,906.0,47.0,61.0,66.0,1502,manual,100.0,18.0
860,COMPUTE,252.0,906.0,47.0,60.0,63.0,1363,manual,100.0,15.0
861,COMPUTE,190.0,912.0,47.0,61.0,64.0,1472,manual,99.0,12.0
862,COMPUTE,230.0,906.0,47.0,60.0,61.0,1502,manual,100.0,5.0
863,COMPUTE,42.0,793.0,46.0,60.0,55.0,300,manual,0.0,0.0
864,COMPUTE,210.0,775.0,46.0,60.0,55.0,1502,manual,100.0,3.0
865,COMPUTE,210.0,806.0,47.0,60.0,56.0,1502,manual,100.0,3.0
866,COMPUTE,210.0,800.0,47.0,60.0,55.0,1502,manual,100.0,3.0
867,COMPUTE,206.0,787.0,47.0,61.0,57.0,1502,manual,100.0,4.0
868,COMPUTE,208.0,812.0,47.0,60.0,59.0,1502,manual,100.0,4.0
869,COMPUTE,206.0,818.0,47.0,60.0,58.0,1502,manual,100.0,4.0
870,COMPUTE,205.0,787.0,47.0,60.0,58.0,1502,manual,100.0,4.0
871,COMPUTE,206.0,806.0,47.0,60.0,57.0,1502,manual,100.0,4.0
872,COMPUTE,232.0,812.0,47.0,60.0,58.0,1502,manual,100.0,26.0
873,COMPUTE,213.0,912.0,47.0,61.0,57.0,1502,manual,100.0,5.0
874,COMPUTE,214.0,918.0,47.0,61.0,57.0,1502,manual,100.0,4.0
875,COMPUTE,248.0,912.0,47.0,61.0,58.0,1502,manual,100.0,14.0
876,COMPUTE,253.0,912.0,47.0,61.0,58.0,1502,manual,100.0,11.0
877,COMPUTE,243.0,912.0,47.0,61.0,58.0,1502,manual,100.0,14.0
878,COMPUTE,216.0,912.0,48.0,61.0,58.0,1502,manual,100.0,12.0
879,COMPUTE,241.0,912.0,47.0,61.0,58.0,1502,manual,100.0,12.0
880,COMPUTE,131.0,912.0,48.0,62.0,59.0,1502,manual,100.0,0.0
881,COMPUTE,196.0,893.0,48.0,62.0,59.0,1502,manual,100.0,1.0
882,COMPUTE,272.0,912.0,48.0,61.0,59.0,1472,manual,100.0,12.0
883,COMPUTE,374.0,912.0,48.0,62.0,59.0,1430,manual,100.0,19.0
884,COMPUTE,229.0,912.0,47.0,61.0,61.0,1404,manual,100.0,9.0
885,COMPUTE,368.0,912.0,48.0,61.0,64.0,1430,manual,100.0,23.0
886,COMPUTE,385.0,912.0,47.0,60.0,61.0,1404,manual,100.0,23.0
887,COMPUTE,361.0,906.0,47.0,61.0,67.0,1363,manual,99.0,35.0
888,COMPUTE,258.0,881.0,47.0,60.0,65.0,1283,manual,100.0,62.0
889,COMPUTE,151.0,868.0,47.0,60.0,63.0,1319,manual,99.0,55.0
890,COMPUTE,259.0,843.0,47.0,60.0,64.0,1319,manual,99.0,69.0
891,COMPUTE,322.0,831.0,47.0,60.0,63.0,1319,manual,99.0,71.0
892,COMPUTE,324.0,856.0,47.0,60.0,62.0,1319,manual,100.0,62.0
893,COMPUTE,324.0,900.0,47.0,60.0,63.0,1319,manual,99.0,62.0
894,COMPUTE,149.0,881.0,47.0,60.0,63.0,1319,manual,99.0,55.0
895,COMPUTE,307.0,825.0,47.0,60.0,63.0,1235,manual,100.0,54.0
896,COMPUTE,266.0,831.0,47.0,60.0,63.0,1319,manual,100.0,58.0
897,COMPUTE,306.0,812.0,47.0,60.0,61.0,1283,manual,100.0,61.0
898,COMPUTE,286.0,812.0,46.0,61.0,58.0,1319,manual,100.0,31.0
899,COMPUTE,308.0,781.0,47.0,61.0,58.0,1363,manual,100.0,32.0
900,COMPUTE,290.0,793.0,47.0,61.0,58.0,1319,manual,100.0,31.0
901,COMPUTE,323.0,768.0,47.0,61.0,59.0,1283,manual,100.0,61.0
902,COMPUTE,286.0,793.0,46.0,61.0,58.0,1319,manual,100.0,30.0
903,COMPUTE,260.0,912.0,46.0,60.0,57.0,1502,manual,100.0,25.0
904,COMPUTE,227.0,912.0,47.0,60.0,62.0,1404,manual,100.0,8.0
905,COMPUTE,251.0,918.0,47.0,61.0,62.0,1363,manual,100.0,10.0
906,COMPUTE,237.0,906.0,47.0,61.0,62.0,1404,manual,100.0,11.0
907,COMPUTE,310.0,918.0,47.0,60.0,67.0,1235,manual,100.0,54.0
908,COMPUTE,323.0,862.0,47.0,60.0,66.0,1319,manual,99.0,72.0
909,COMPUTE,319.0,825.0,47.0,60.0,64.0,1319,manual,99.0,58.0
910,COMPUTE,326.0,831.0,47.0,61.0,63.0,1319,manual,100.0,57.0
911,COMPUTE,300.0,831.0,47.0,60.0,64.0,1283,manual,99.0,59.0
912,COMPUTE,315.0,875.0,47.0,60.0,64.0,1319,manual,99.0,60.0
913,COMPUTE,157.0,831.0,46.0,60.0,62.0,1363,manual,99.0,55.0
914,COMPUTE,154.0,850.0,47.0,60.0,63.0,1319,manual,99.0,53.0
915,COMPUTE,310.0,812.0,47.0,61.0,61.0,1319,manual,99.0,57.0
916,COMPUTE,297.0,806.0,47.0,61.0,58.0,1319,manual,100.0,30.0
917,COMPUTE,318.0,806.0,46.0,61.0,58.0,1404,manual,100.0,31.0
918,COMPUTE,285.0,806.0,47.0,61.0,58.0,1363,manual,100.0,30.0
919,COMPUTE,284.0,793.0,47.0,61.0,57.0,1319,manual,100.0,30.0
920,COMPUTE,281.0,793.0,46.0,61.0,58.0,1502,manual,99.0,33.0
921,COMPUTE,326.0,806.0,47.0,61.0,58.0,1404,manual,100.0,31.0
922,COMPUTE,297.0,793.0,46.0,61.0,57.0,1319,manual,100.0,30.0
923,COMPUTE,258.0,806.0,47.0,60.0,57.0,1502,manual,100.0,25.0
924,COMPUTE,161.0,793.0,47.0,61.0,56.0,1502,manual,100.0,1.0
925,COMPUTE,205.0,843.0,47.0,61.0,58.0,1502,manual,100.0,4.0
926,COMPUTE,205.0,825.0,47.0,60.0,58.0,1502,manual,100.0,4.0
927,COMPUTE,205.0,806.0,47.0,60.0,58.0,1502,manual,100.0,4.0
928,COMPUTE,231.0,831.0,47.0,60.0,59.0,1502,manual,100.0,19.0
929,COMPUTE,211.0,812.0,47.0,60.0,57.0,1502,manual,100.0,4.0
930,COMPUTE,205.0,806.0,47.0,60.0,58.0,1502,manual,100.0,4.0
931,COMPUTE,233.0,825.0,47.0,61.0,59.0,1502,manual,100.0,27.0
932,COMPUTE,236.0,831.0,47.0,60.0,58.0,1502,manual,100.0,16.0
933,COMPUTE,217.0,825.0,47.0,60.0,58.0,1502,manual,100.0,21.0
934,COMPUTE,262.0,912.0,47.0,60.0,57.0,1502,manual,100.0,41.0
935,COMPUTE,259.0,906.0,47.0,61.0,56.0,1502,manual,100.0,39.0
936,COMPUTE,259.0,906.0,47.0,60.0,57.0,1502,manual,100.0,39.0
937,COMPUTE,245.0,912.0,47.0,60.0,57.0,1502,manual,100.0,13.0
938,COMPUTE,226.0,912.0,48.0,61.0,58.0,1502,manual,100.0,11.0
939,COMPUTE,213.0,912.0,48.0,61.0,58.0,1502,manual,100.0,10.0
940,COMPUTE,255.0,912.0,48.0,61.0,58.0,1502,manual,100.0,14.0
941,COMPUTE,208.0,912.0,48.0,62.0,57.0,1502,manual,100.0,10.0
942,COMPUTE,292.0,912.0,48.0,62.0,59.0,1472,manual,100.0,13.0
943,COMPUTE,356.0,912.0,47.0,62.0,60.0,1404,manual,100.0,18.0
944,COMPUTE,366.0,912.0,48.0,61.0,60.0,1430,manual,100.0,20.0
945,COMPUTE,327.0,912.0,47.0,61.0,59.0,1363,manual,100.0,19.0
946,COMPUTE,225.0,912.0,47.0,60.0,66.0,1363,manual,99.0,12.0
947,COMPUTE,158.0,831.0,47.0,60.0,66.0,1319,manual,100.0,62.0
948,COMPUTE,161.0,850.0,47.0,60.0,63.0,1363,manual,100.0,55.0
949,COMPUTE,314.0,856.0,47.0,60.0,63.0,1319,manual,99.0,59.0
950,COMPUTE,269.0,850.0,47.0,60.0,64.0,1283,manual,100.0,51.0
951,COMPUTE,267.0,831.0,47.0,60.0,63.0,1319,manual,99.0,67.0
952,COMPUTE,323.0,856.0,47.0,60.0,64.0,1319,manual,99.0,72.0
953,COMPUTE,330.0,875.0,47.0,61.0,62.0,1319,manual,99.0,59.0
954,COMPUTE,190.0,825.0,47.0,61.0,60.0,1363,manual,99.0,55.0
955,COMPUTE,300.0,806.0,47.0,61.0,60.0,1283,manual,100.0,59.0
956,COMPUTE,294.0,793.0,47.0,61.0,58.0,1363,manual,100.0,30.0
957,COMPUTE,319.0,831.0,46.0,61.0,57.0,1404,manual,99.0,31.0
958,COMPUTE,264.0,775.0,46.0,61.0,57.0,1502,manual,99.0,34.0
959,COMPUTE,217.0,806.0,46.0,61.0,57.0,1502,manual,100.0,33.0
960,COMPUTE,171.0,806.0,46.0,61.0,55.0,1502,manual,99.0,21.0
961,COMPUTE,205.0,812.0,47.0,60.0,58.0,1502,manual,100.0,4.0
962,COMPUTE,213.0,900.0,47.0,60.0,58.0,1502,manual,99.0,26.0
963,COMPUTE,230.0,825.0,47.0,60.0,58.0,1502,manual,100.0,28.0
964,COMPUTE,224.0,918.0,48.0,61.0,57.0,1502,manual,100.0,5.0
965,COMPUTE,232.0,912.0,47.0,61.0,57.0,1502,manual,100.0,9.0
966,COMPUTE,246.0,912.0,47.0,62.0,56.0,1502,manual,100.0,5.0
967,COMPUTE,49.0,662.0,45.0,51.0,51.0,300,manual,0.0,2.0
968,COMPUTE,48.0,662.0,43.0,47.0,51.0,300,manual,0.0,2.0
969,COMPUTE,40.0,662.0,43.0,45.0,49.0,300,manual,0.0,0.0
970,COMPUTE,40.0,925.0,42.0,45.0,49.0,300,manual,0.0,0.0
971,COMPUTE,293.0,825.0,44.0,59.0,49.0,1404,manual,100.0,0.0
972,COMPUTE,305.0,856.0,45.0,61.0,49.0,1430,manual,99.0,0.0
973,COMPUTE,294.0,843.0,46.0,62.0,49.0,1363,manual,100.0,0.0
974,COMPUTE,305.0,856.0,46.0,61.0,49.0,1404,manual,99.0,0.0
975,COMPUTE,224.0,856.0,46.0,62.0,49.0,1502,manual,100.0,0.0
976,COMPUTE,293.0,843.0,46.0,61.0,49.0,1404,manual,99.0,0.0
977,COMPUTE,210.0,912.0,46.0,62.0,49.0,1502,manual,100.0,4.0
978,COMPUTE,294.0,856.0,46.0,62.0,49.0,1404,manual,99.0,0.0
979,COMPUTE,219.0,925.0,46.0,63.0,49.0,1502,manual,100.0,4.0
980,COMPUTE,294.0,843.0,46.0,61.0,49.0,1404,manual,100.0,0.0
981,COMPUTE,214.0,925.0,46.0,63.0,49.0,1502,manual,99.0,1.0
982,COMPUTE,288.0,843.0,46.0,63.0,49.0,1404,manual,100.0,0.0
983,COMPUTE,224.0,912.0,47.0,63.0,50.0,1502,manual,100.0,0.0
984,COMPUTE,294.0,843.0,47.0,62.0,50.0,1404,manual,100.0,0.0
985,COMPUTE,108.0,843.0,46.0,63.0,49.0,1502,manual,100.0,1.0
986,COMPUTE,298.0,843.0,46.0,63.0,50.0,1404,manual,100.0,0.0
987,COMPUTE,174.0,912.0,47.0,63.0,49.0,1502,manual,99.0,1.0
988,COMPUTE,277.0,843.0,46.0,63.0,50.0,1404,manual,100.0,0.0
989,COMPUTE,109.0,925.0,47.0,64.0,49.0,1502,manual,100.0,1.0
990,COMPUTE,276.0,843.0,46.0,63.0,50.0,1404,manual,100.0,0.0
991,COMPUTE,335.0,881.0,46.0,64.0,49.0,1472,manual,99.0,0.0
992,COMPUTE,192.0,825.0,47.0,63.0,50.0,1430,manual,100.0,0.0
993,COMPUTE,333.0,900.0,47.0,63.0,50.0,1472,manual,99.0,0.0
994,COMPUTE,206.0,856.0,47.0,64.0,50.0,1502,manual,100.0,0.0
995,COMPUTE,295.0,881.0,47.0,63.0,50.0,1404,manual,99.0,0.0
996,COMPUTE,199.0,906.0,47.0,64.0,50.0,1472,manual,100.0,0.0
997,COMPUTE,277.0,843.0,47.0,63.0,50.0,1404,manual,100.0,0.0
998,COMPUTE,211.0,912.0,47.0,63.0,50.0,1502,manual,99.0,4.0
999,COMPUTE,289.0,843.0,47.0,64.0,50.0,1404,manual,100.0,0.0
1000,COMPUTE,293.0,856.0,47.0,63.0,50.0,1404,manual,100.0,0.0
1001,COMPUTE,205.0,906.0,47.0,64.0,50.0,1502,manual,100.0,1.0
1002,COMPUTE,294.0,843.0,47.0,63.0,50.0,1404,manual,100.0,0.0
1003,COMPUTE,39.0,662.0,44.0,48.0,49.0,300,manual,0.0,0.0
1004,COMPUTE,39.0,668.0,43.0,46.0,49.0,300,manual,0.0,0.0
