index,power_profile,power_usage,voltage,edge_temperature,junction_temperature,memory_temperature,sclk,performance,gpu_usage,memory_usage
0,VIDEO,39.0,662.0,37.0,41.0,44.0,300,manual,0.0,0.0
1,VIDEO,39.0,662.0,36.0,41.0,44.0,300,manual,0.0,0.0
2,VIDEO,39.0,662.0,37.0,40.0,44.0,300,manual,0.0,0.0
3,VIDEO,39.0,662.0,36.0,40.0,44.0,300,manual,0.0,0.0
4,VIDEO,39.0,662.0,35.0,40.0,44.0,300,manual,0.0,0.0
5,VIDEO,39.0,662.0,36.0,39.0,43.0,300,manual,0.0,0.0
6,VIDEO,39.0,662.0,35.0,39.0,43.0,300,manual,0.0,0.0
7,VIDEO,39.0,662.0,35.0,39.0,43.0,300,manual,0.0,0.0
8,VIDEO,39.0,662.0,35.0,39.0,43.0,300,manual,0.0,0.0
9,VIDEO,39.0,668.0,35.0,39.0,42.0,300,manual,0.0,0.0
10,VIDEO,39.0,668.0,35.0,38.0,42.0,300,manual,0.0,0.0
11,VIDEO,39.0,662.0,34.0,38.0,42.0,300,manual,0.0,0.0
12,VIDEO,39.0,668.0,34.0,38.0,42.0,300,manual,0.0,0.0
13,VIDEO,39.0,668.0,34.0,37.0,42.0,300,manual,0.0,0.0
14,VIDEO,39.0,668.0,34.0,37.0,41.0,300,manual,0.0,0.0
15,VIDEO,39.0,662.0,33.0,37.0,41.0,300,manual,0.0,0.0
16,VIDEO,39.0,662.0,33.0,37.0,41.0,300,manual,0.0,0.0
17,VIDEO,39.0,662.0,33.0,36.0,41.0,300,manual,0.0,0.0
18,VIDEO,39.0,668.0,33.0,36.0,39.0,300,manual,0.0,0.0
19,VIDEO,39.0,662.0,33.0,36.0,40.0,300,manual,0.0,0.0
20,VIDEO,39.0,662.0,32.0,36.0,40.0,300,manual,0.0,0.0
21,VIDEO,39.0,662.0,32.0,35.0,40.0,300,manual,0.0,0.0
22,VIDEO,38.0,662.0,32.0,36.0,40.0,300,manual,0.0,0.0
23,VIDEO,61.0,662.0,32.0,36.0,40.0,1502,manual,2.0,0.0
24,VIDEO,38.0,662.0,32.0,35.0,39.0,300,manual,0.0,0.0
25,VIDEO,37.0,662.0,32.0,35.0,39.0,300,manual,0.0,0.0
26,VIDEO,38.0,668.0,31.0,35.0,39.0,300,manual,0.0,0.0
27,VIDEO,57.0,906.0,31.0,35.0,38.0,300,manual,0.0,0.0
28,VIDEO,39.0,662.0,31.0,35.0,38.0,300,manual,0.0,0.0
29,VIDEO,58.0,918.0,31.0,35.0,39.0,1502,manual,3.0,1.0
30,VIDEO,38.0,662.0,31.0,35.0,39.0,300,manual,0.0,0.0
31,VIDEO,53.0,918.0,31.0,34.0,39.0,300,manual,1.0,1.0
32,VIDEO,64.0,668.0,31.0,35.0,39.0,1502,manual,2.0,1.0
33,VIDEO,56.0,662.0,31.0,35.0,39.0,300,manual,1.0,2.0
34,VIDEO,56.0,662.0,31.0,34.0,39.0,300,manual,1.0,0.0
35,VIDEO,39.0,662.0,31.0,34.0,38.0,300,manual,0.0,0.0
36,VIDEO,50.0,743.0,30.0,34.0,38.0,300,manual,1.0,0.0
37,VIDEO,37.0,662.0,31.0,34.0,38.0,300,manual,8.0,0.0
38,VIDEO,59.0,662.0,30.0,34.0,38.0,1502,manual,2.0,0.0
39,VIDEO,38.0,668.0,30.0,34.0,38.0,300,manual,0.0,0.0
40,VIDEO,55.0,668.0,30.0,34.0,38.0,300,manual,1.0,0.0
41,VIDEO,45.0,900.0,30.0,33.0,38.0,1502,manual,5.0,0.0
42,VIDEO,54.0,925.0,31.0,36.0,39.0,300,manual,1.0,0.0
43,VIDEO,39.0,912.0,31.0,35.0,39.0,300,manual,0.0,1.0
44,VIDEO,47.0,662.0,30.0,33.0,38.0,1502,manual,5.0,0.0
45,VIDEO,36.0,906.0,30.0,34.0,38.0,300,manual,0.0,0.0
46,VIDEO,241.0,912.0,33.0,49.0,48.0,1472,manual,100.0,49.0
47,VIDEO,261.0,893.0,35.0,51.0,50.0,1502,manual,100.0,49.0
48,VIDEO,297.0,893.0,35.0,51.0,50.0,1502,manual,100.0,31.0
49,VIDEO,298.0,893.0,36.0,52.0,51.0,1502,manual,99.0,31.0
50,VIDEO,270.0,893.0,35.0,51.0,50.0,1502,manual,100.0,50.0
51,VIDEO,294.0,856.0,36.0,53.0,51.0,1472,manual,100.0,29.0
52,VIDEO,292.0,893.0,37.0,53.0,52.0,1472,manual,100.0,28.0
53,VIDEO,289.0,893.0,37.0,54.0,52.0,1502,manual,100.0,37.0
54,VIDEO,294.0,893.0,37.0,54.0,52.0,1430,manual,100.0,28.0
55,VIDEO,293.0,893.0,37.0,52.0,51.0,1472,manual,99.0,34.0
56,VIDEO,309.0,887.0,38.0,53.0,54.0,1472,manual,100.0,37.0
57,VIDEO,281.0,893.0,38.0,54.0,53.0,1472,manual,100.0,31.0
58,VIDEO,291.0,862.0,38.0,54.0,54.0,1430,manual,100.0,31.0
59,VIDEO,270.0,912.0,39.0,54.0,54.0,1502,manual,100.0,49.0
60,VIDEO,292.0,887.0,38.0,53.0,52.0,1472,manual,100.0,28.0
61,VIDEO,294.0,862.0,39.0,54.0,54.0,1472,manual,100.0,30.0
62,VIDEO,267.0,906.0,39.0,55.0,54.0,1502,manual,99.0,50.0
63,VIDEO,295.0,893.0,39.0,55.0,55.0,1472,manual,100.0,28.0
64,VIDEO,290.0,893.0,40.0,56.0,54.0,1472,manual,100.0,29.0
65,VIDEO,292.0,887.0,40.0,53.0,51.0,1472,manual,100.0,28.0
66,VIDEO,291.0,893.0,40.0,56.0,55.0,1472,manual,100.0,29.0
67,VIDEO,284.0,862.0,40.0,56.0,55.0,1430,manual,100.0,33.0
68,VIDEO,267.0,912.0,41.0,56.0,56.0,1502,manual,100.0,49.0
69,VIDEO,294.0,893.0,41.0,56.0,56.0,1472,manual,100.0,29.0
70,VIDEO,256.0,862.0,41.0,54.0,53.0,1502,manual,100.0,16.0
71,VIDEO,279.0,893.0,41.0,56.0,57.0,1472,manual,100.0,29.0
72,VIDEO,243.0,893.0,42.0,57.0,56.0,1472,manual,100.0,50.0
73,VIDEO,299.0,862.0,41.0,57.0,56.0,1430,manual,100.0,36.0
74,VIDEO,314.0,893.0,42.0,57.0,57.0,1472,manual,99.0,33.0
75,VIDEO,251.0,906.0,42.0,54.0,54.0,1502,manual,100.0,14.0
76,VIDEO,293.0,887.0,42.0,57.0,57.0,1430,manual,100.0,31.0
77,VIDEO,287.0,893.0,42.0,56.0,56.0,1430,manual,100.0,33.0
78,VIDEO,269.0,912.0,42.0,58.0,57.0,1502,manual,100.0,51.0
79,VIDEO,283.0,862.0,42.0,58.0,57.0,1472,manual,100.0,31.0
80,VIDEO,284.0,912.0,42.0,58.0,57.0,1502,manual,98.0,37.0
81,VIDEO,280.0,893.0,42.0,57.0,57.0,1472,manual,100.0,30.0
82,VIDEO,287.0,862.0,42.0,59.0,57.0,1430,manual,100.0,36.0
83,VIDEO,292.0,862.0,42.0,59.0,58.0,1430,manual,100.0,30.0
84,VIDEO,271.0,912.0,43.0,59.0,58.0,1502,manual,99.0,54.0
85,VIDEO,298.0,662.0,43.0,59.0,58.0,1430,manual,100.0,34.0
86,VIDEO,296.0,893.0,43.0,58.0,57.0,1430,manual,100.0,28.0
87,VIDEO,294.0,862.0,43.0,59.0,59.0,1430,manual,100.0,33.0
88,VIDEO,272.0,912.0,43.0,59.0,58.0,1502,manual,99.0,50.0
89,VIDEO,284.0,893.0,43.0,60.0,59.0,1472,manual,100.0,30.0
90,VIDEO,314.0,893.0,44.0,60.0,58.0,1472,manual,99.0,35.0
91,VIDEO,296.0,893.0,44.0,58.0,57.0,1430,manual,100.0,29.0
92,VIDEO,299.0,893.0,44.0,60.0,58.0,1472,manual,100.0,29.0
93,VIDEO,298.0,862.0,44.0,60.0,58.0,1430,manual,100.0,34.0
94,VIDEO,317.0,887.0,44.0,60.0,59.0,1472,manual,100.0,35.0
95,VIDEO,298.0,893.0,44.0,59.0,59.0,1430,manual,99.0,29.0
96,VIDEO,252.0,887.0,44.0,57.0,55.0,1502,manual,100.0,14.0
97,VIDEO,287.0,893.0,44.0,60.0,59.0,1430,manual,100.0,33.0
98,VIDEO,281.0,862.0,44.0,60.0,59.0,1472,manual,100.0,28.0
99,VIDEO,298.0,862.0,44.0,60.0,59.0,1430,manual,100.0,32.0
100,VIDEO,300.0,862.0,45.0,61.0,59.0,1430,manual,100.0,29.0
101,VIDEO,246.0,862.0,45.0,58.0,57.0,1502,manual,100.0,14.0
102,VIDEO,284.0,862.0,45.0,61.0,59.0,1472,manual,100.0,33.0
103,VIDEO,298.0,893.0,45.0,61.0,60.0,1472,manual,100.0,29.0
104,VIDEO,285.0,862.0,45.0,61.0,60.0,1472,manual,100.0,35.0
105,VIDEO,300.0,906.0,45.0,61.0,60.0,1472,manual,100.0,34.0
106,VIDEO,257.0,912.0,45.0,59.0,59.0,1502,manual,84.0,28.0
107,VIDEO,286.0,893.0,45.0,61.0,60.0,1430,manual,100.0,34.0
108,VIDEO,281.0,862.0,45.0,61.0,61.0,1472,manual,100.0,29.0
109,VIDEO,285.0,893.0,46.0,61.0,61.0,1430,manual,100.0,29.0
110,VIDEO,285.0,868.0,45.0,61.0,61.0,1472,manual,100.0,31.0
111,VIDEO,280.0,912.0,46.0,62.0,61.0,1430,manual,100.0,35.0
112,VIDEO,296.0,893.0,45.0,61.0,60.0,1430,manual,100.0,30.0
113,VIDEO,297.0,893.0,46.0,61.0,61.0,1430,manual,100.0,31.0
114,VIDEO,272.0,912.0,46.0,62.0,61.0,1502,manual,100.0,54.0
115,VIDEO,297.0,900.0,46.0,61.0,61.0,1472,manual,100.0,34.0
116,VIDEO,284.0,862.0,46.0,62.0,61.0,1472,manual,100.0,32.0
117,VIDEO,277.0,887.0,46.0,61.0,59.0,1502,manual,100.0,51.0
118,VIDEO,272.0,893.0,45.0,61.0,60.0,1502,manual,99.0,50.0
119,VIDEO,285.0,893.0,46.0,62.0,62.0,1472,manual,100.0,31.0
120,VIDEO,286.0,887.0,46.0,62.0,61.0,1430,manual,100.0,35.0
121,VIDEO,301.0,893.0,46.0,61.0,62.0,1472,manual,100.0,32.0
122,VIDEO,260.0,862.0,46.0,59.0,59.0,1502,manual,100.0,17.0
123,VIDEO,45.0,668.0,43.0,47.0,51.0,300,manual,0.0,0.0
124,VIDEO,46.0,662.0,42.0,46.0,49.0,300,manual,0.0,2.0
125,VIDEO,39.0,662.0,41.0,44.0,48.0,300,manual,0.0,0.0
126,VIDEO,39.0,662.0,41.0,44.0,47.0,300,manual,0.0,0.0
127,VIDEO,39.0,662.0,40.0,43.0,47.0,300,manual,0.0,0.0
128,VIDEO,54.0,668.0,40.0,43.0,46.0,300,manual,4.0,0.0
129,VIDEO,67.0,662.0,39.0,43.0,46.0,1502,manual,2.0,1.0
130,VIDEO,39.0,668.0,39.0,42.0,46.0,300,manual,0.0,0.0
131,VIDEO,39.0,662.0,38.0,42.0,45.0,300,manual,0.0,0.0
132,VIDEO,39.0,668.0,38.0,41.0,45.0,300,manual,0.0,0.0
133,VIDEO,39.0,662.0,37.0,41.0,44.0,300,manual,0.0,0.0
134,VIDEO,39.0,662.0,37.0,41.0,44.0,300,manual,0.0,0.0
135,VIDEO,39.0,662.0,36.0,40.0,44.0,300,manual,0.0,0.0
136,VIDEO,39.0,668.0,36.0,40.0,43.0,300,manual,0.0,0.0
137,VIDEO,39.0,662.0,36.0,40.0,43.0,300,manual,0.0,0.0
138,VIDEO,39.0,662.0,36.0,39.0,43.0,300,manual,0.0,0.0
139,VIDEO,39.0,662.0,35.0,39.0,43.0,300,manual,0.0,0.0
140,VIDEO,39.0,662.0,35.0,38.0,43.0,300,manual,0.0,0.0
141,VIDEO,39.0,668.0,35.0,39.0,42.0,300,manual,0.0,0.0
142,VIDEO,39.0,662.0,35.0,38.0,42.0,300,manual,0.0,0.0
143,VIDEO,67.0,662.0,34.0,38.0,42.0,1502,manual,2.0,0.0
144,VIDEO,38.0,925.0,35.0,38.0,42.0,300,manual,0.0,0.0
145,VIDEO,39.0,662.0,34.0,38.0,42.0,300,manual,0.0,0.0
146,VIDEO,39.0,662.0,34.0,38.0,41.0,300,manual,0.0,0.0
147,VIDEO,39.0,668.0,33.0,37.0,41.0,300,manual,0.0,0.0
148,VIDEO,45.0,925.0,33.0,37.0,41.0,1502,manual,6.0,0.0
149,VIDEO,53.0,662.0,33.0,37.0,41.0,300,manual,1.0,0.0
150,VIDEO,56.0,918.0,33.0,37.0,41.0,300,manual,1.0,2.0
151,VIDEO,53.0,918.0,33.0,36.0,40.0,300,manual,1.0,1.0
152,VIDEO,39.0,925.0,33.0,37.0,40.0,300,manual,0.0,0.0
153,VIDEO,65.0,925.0,32.0,36.0,40.0,1502,manual,2.0,0.0
154,VIDEO,39.0,662.0,33.0,36.0,40.0,300,manual,0.0,0.0
155,VIDEO,40.0,906.0,32.0,36.0,40.0,300,manual,0.0,1.0
156,VIDEO,38.0,668.0,32.0,35.0,40.0,300,manual,0.0,0.0
157,VIDEO,56.0,918.0,32.0,36.0,40.0,1502,manual,0.0,0.0
158,VIDEO,43.0,662.0,32.0,36.0,39.0,1502,manual,6.0,0.0
159,VIDEO,45.0,662.0,32.0,35.0,39.0,300,manual,0.0,2.0
160,VIDEO,43.0,918.0,31.0,35.0,39.0,1502,manual,0.0,0.0
161,VIDEO,38.0,918.0,31.0,35.0,39.0,300,manual,0.0,0.0
162,VIDEO,57.0,662.0,31.0,35.0,39.0,300,manual,1.0,1.0
163,VIDEO,242.0,906.0,31.0,37.0,39.0,1502,manual,100.0,2.0
164,VIDEO,51.0,918.0,32.0,36.0,40.0,300,manual,1.0,1.0
165,VIDEO,263.0,912.0,33.0,46.0,50.0,1502,manual,100.0,44.0
166,VIDEO,49.0,925.0,31.0,35.0,41.0,300,manual,1.0,0.0
167,VIDEO,49.0,850.0,31.0,35.0,40.0,300,manual,1.0,0.0
168,VIDEO,291.0,906.0,35.0,50.0,48.0,1430,manual,100.0,24.0
169,VIDEO,279.0,900.0,36.0,53.0,48.0,1472,manual,100.0,22.0
170,VIDEO,262.0,893.0,36.0,54.0,47.0,1502,manual,100.0,49.0
171,VIDEO,289.0,906.0,37.0,54.0,48.0,1502,manual,100.0,16.0
172,VIDEO,287.0,893.0,37.0,55.0,48.0,1502,manual,100.0,17.0
173,VIDEO,296.0,862.0,37.0,55.0,49.0,1472,manual,100.0,17.0
174,VIDEO,283.0,893.0,38.0,55.0,50.0,1472,manual,100.0,23.0
175,VIDEO,292.0,906.0,38.0,56.0,50.0,1472,manual,100.0,19.0
176,VIDEO,295.0,906.0,38.0,56.0,49.0,1472,manual,100.0,18.0
177,VIDEO,297.0,906.0,39.0,56.0,50.0,1472,manual,100.0,17.0
178,VIDEO,300.0,887.0,39.0,57.0,50.0,1472,manual,100.0,18.0
179,VIDEO,283.0,862.0,39.0,57.0,51.0,1502,manual,100.0,19.0
180,VIDEO,278.0,906.0,39.0,57.0,51.0,1472,manual,100.0,22.0
181,VIDEO,242.0,893.0,39.0,53.0,49.0,1502,manual,100.0,8.0
182,VIDEO,300.0,862.0,40.0,57.0,50.0,1472,manual,100.0,18.0
183,VIDEO,282.0,912.0,40.0,57.0,52.0,1502,manual,99.0,19.0
184,VIDEO,281.0,925.0,40.0,57.0,51.0,1472,manual,100.0,23.0
185,VIDEO,277.0,912.0,40.0,56.0,56.0,1502,manual,100.0,43.0
186,VIDEO,39.0,900.0,38.0,43.0,47.0,300,manual,0.0,0.0
187,VIDEO,278.0,887.0,40.0,57.0,52.0,1502,manual,100.0,17.0
188,VIDEO,297.0,906.0,41.0,57.0,52.0,1430,manual,100.0,23.0
189,VIDEO,298.0,893.0,41.0,58.0,53.0,1472,manual,99.0,22.0
190,VIDEO,285.0,906.0,41.0,59.0,52.0,1472,manual,100.0,23.0
191,VIDEO,283.0,862.0,41.0,59.0,52.0,1502,manual,100.0,18.0
192,VIDEO,299.0,887.0,41.0,59.0,53.0,1472,manual,99.0,18.0
193,VIDEO,286.0,906.0,42.0,59.0,54.0,1430,manual,100.0,23.0
194,VIDEO,286.0,906.0,42.0,59.0,53.0,1502,manual,100.0,20.0
195,VIDEO,284.0,862.0,42.0,60.0,53.0,1502,manual,100.0,18.0
196,VIDEO,293.0,862.0,42.0,60.0,54.0,1472,manual,99.0,18.0
197,VIDEO,243.0,893.0,42.0,55.0,51.0,1502,manual,100.0,8.0
198,VIDEO,297.0,906.0,42.0,59.0,53.0,1472,manual,100.0,18.0
199,VIDEO,285.0,862.0,42.0,60.0,54.0,1472,manual,100.0,18.0
200,VIDEO,288.0,893.0,43.0,59.0,54.0,1430,manual,100.0,23.0
201,VIDEO,280.0,906.0,43.0,61.0,54.0,1502,manual,100.0,20.0
202,VIDEO,300.0,906.0,43.0,61.0,54.0,1472,manual,100.0,21.0
203,VIDEO,285.0,887.0,43.0,61.0,54.0,1472,manual,100.0,16.0
204,VIDEO,287.0,893.0,43.0,61.0,55.0,1430,manual,100.0,24.0
205,VIDEO,281.0,925.0,43.0,58.0,60.0,1502,manual,100.0,43.0
206,VIDEO,296.0,906.0,42.0,58.0,53.0,1472,manual,100.0,20.0
207,VIDEO,294.0,906.0,43.0,61.0,54.0,1472,manual,100.0,19.0
208,VIDEO,289.0,862.0,44.0,61.0,54.0,1472,manual,100.0,19.0
209,VIDEO,284.0,893.0,43.0,61.0,55.0,1430,manual,100.0,24.0
210,VIDEO,272.0,893.0,44.0,61.0,54.0,1502,manual,100.0,50.0
211,VIDEO,282.0,918.0,44.0,61.0,54.0,1502,manual,100.0,18.0
212,VIDEO,287.0,862.0,44.0,62.0,54.0,1472,manual,100.0,19.0
213,VIDEO,311.0,893.0,44.0,57.0,52.0,1472,manual,100.0,21.0
214,VIDEO,287.0,862.0,44.0,61.0,54.0,1472,manual,100.0,20.0
215,VIDEO,286.0,887.0,44.0,62.0,56.0,1472,manual,100.0,17.0
216,VIDEO,287.0,887.0,44.0,61.0,56.0,1430,manual,100.0,25.0
217,VIDEO,284.0,906.0,44.0,62.0,54.0,1502,manual,100.0,18.0
218,VIDEO,300.0,893.0,44.0,62.0,54.0,1472,manual,100.0,16.0
219,VIDEO,299.0,862.0,45.0,62.0,56.0,1472,manual,100.0,20.0
220,VIDEO,287.0,906.0,45.0,62.0,56.0,1472,manual,100.0,24.0
221,VIDEO,284.0,893.0,45.0,63.0,55.0,1502,manual,100.0,18.0
222,VIDEO,287.0,862.0,45.0,63.0,55.0,1502,manual,100.0,20.0
223,VIDEO,316.0,912.0,45.0,62.0,56.0,1472,manual,100.0,20.0
224,VIDEO,292.0,912.0,45.0,63.0,57.0,1430,manual,99.0,40.0
225,VIDEO,72.0,931.0,43.0,53.0,53.0,1502,manual,3.0,0.0
226,VIDEO,280.0,906.0,44.0,61.0,55.0,1502,manual,100.0,17.0
227,VIDEO,295.0,887.0,45.0,62.0,55.0,1472,manual,100.0,16.0
228,VIDEO,288.0,887.0,45.0,63.0,57.0,1430,manual,100.0,24.0
229,VIDEO,249.0,887.0,45.0,59.0,53.0,1502,manual,100.0,9.0
230,VIDEO,290.0,862.0,45.0,62.0,56.0,1472,manual,100.0,19.0
231,VIDEO,298.0,912.0,46.0,63.0,56.0,1472,manual,100.0,17.0
232,VIDEO,288.0,893.0,45.0,63.0,57.0,1472,manual,100.0,25.0
233,VIDEO,289.0,900.0,45.0,63.0,56.0,1472,manual,100.0,18.0
234,VIDEO,298.0,862.0,46.0,63.0,56.0,1472,manual,100.0,17.0
235,VIDEO,285.0,893.0,46.0,63.0,57.0,1502,manual,99.0,18.0
236,VIDEO,291.0,893.0,46.0,63.0,57.0,1430,manual,100.0,23.0
237,VIDEO,287.0,893.0,46.0,64.0,57.0,1472,manual,100.0,20.0
238,VIDEO,285.0,862.0,46.0,63.0,57.0,1502,manual,100.0,17.0
239,VIDEO,289.0,887.0,46.0,63.0,57.0,1502,manual,100.0,17.0
240,VIDEO,297.0,887.0,46.0,63.0,58.0,1430,manual,100.0,21.0
241,VIDEO,295.0,893.0,46.0,64.0,57.0,1472,manual,100.0,17.0
242,VIDEO,288.0,862.0,46.0,64.0,57.0,1472,manual,100.0,18.0
243,VIDEO,287.0,893.0,46.0,64.0,58.0,1502,manual,100.0,17.0
244,VIDEO,246.0,912.0,46.0,60.0,55.0,1502,manual,100.0,8.0
245,VIDEO,50.0,668.0,45.0,59.0,56.0,1502,manual,0.0,0.0
246,VIDEO,287.0,862.0,46.0,62.0,57.0,1472,manual,100.0,20.0
247,VIDEO,286.0,912.0,46.0,63.0,58.0,1502,manual,99.0,17.0
248,VIDEO,299.0,906.0,46.0,64.0,58.0,1430,manual,100.0,23.0
249,VIDEO,287.0,906.0,46.0,64.0,57.0,1472,manual,100.0,19.0
250,VIDEO,286.0,887.0,46.0,64.0,58.0,1502,manual,100.0,18.0
251,VIDEO,288.0,887.0,47.0,64.0,58.0,1430,manual,100.0,23.0
252,VIDEO,297.0,887.0,47.0,65.0,58.0,1472,manual,100.0,23.0
253,VIDEO,290.0,893.0,47.0,64.0,57.0,1472,manual,100.0,20.0
254,VIDEO,298.0,862.0,47.0,65.0,58.0,1472,manual,100.0,16.0
255,VIDEO,289.0,887.0,47.0,64.0,58.0,1430,manual,100.0,23.0
256,VIDEO,284.0,893.0,47.0,65.0,58.0,1502,manual,100.0,33.0
257,VIDEO,289.0,893.0,47.0,65.0,57.0,1472,manual,100.0,21.0
258,VIDEO,289.0,862.0,47.0,65.0,58.0,1472,manual,100.0,18.0
259,VIDEO,286.0,893.0,47.0,65.0,58.0,1430,manual,100.0,24.0
260,VIDEO,248.0,906.0,47.0,62.0,56.0,1502,manual,100.0,8.0
261,VIDEO,293.0,862.0,47.0,65.0,58.0,1472,manual,100.0,19.0
262,VIDEO,287.0,893.0,47.0,65.0,59.0,1430,manual,100.0,24.0
263,VIDEO,300.0,893.0,47.0,65.0,58.0,1472,manual,100.0,20.0
264,VIDEO,284.0,912.0,47.0,63.0,62.0,1502,manual,100.0,43.0
265,VIDEO,70.0,906.0,45.0,50.0,53.0,1502,manual,2.0,0.0
266,VIDEO,286.0,881.0,47.0,64.0,58.0,1472,manual,100.0,18.0
267,VIDEO,300.0,887.0,47.0,65.0,58.0,1430,manual,100.0,23.0
268,VIDEO,282.0,893.0,47.0,65.0,57.0,1502,manual,100.0,17.0
269,VIDEO,291.0,906.0,47.0,65.0,58.0,1472,manual,100.0,21.0
270,VIDEO,284.0,862.0,47.0,65.0,59.0,1502,manual,100.0,19.0
271,VIDEO,287.0,893.0,47.0,65.0,59.0,1430,manual,100.0,22.0
272,VIDEO,292.0,906.0,48.0,65.0,58.0,1472,manual,100.0,21.0
273,VIDEO,296.0,906.0,48.0,65.0,58.0,1472,manual,100.0,17.0
274,VIDEO,289.0,906.0,47.0,64.0,58.0,1430,manual,100.0,19.0
275,VIDEO,301.0,906.0,48.0,64.0,60.0,1430,manual,100.0,23.0
276,VIDEO,248.0,862.0,48.0,62.0,56.0,1502,manual,100.0,9.0
277,VIDEO,286.0,893.0,47.0,65.0,59.0,1430,manual,100.0,22.0
278,VIDEO,285.0,887.0,48.0,65.0,59.0,1472,manual,100.0,21.0
279,VIDEO,281.0,887.0,48.0,65.0,59.0,1472,manual,100.0,20.0
280,VIDEO,287.0,862.0,48.0,65.0,58.0,1472,manual,100.0,18.0
281,VIDEO,286.0,893.0,48.0,65.0,59.0,1430,manual,100.0,24.0
282,VIDEO,301.0,887.0,48.0,66.0,59.0,1472,manual,100.0,21.0
283,VIDEO,286.0,893.0,48.0,65.0,59.0,1502,manual,100.0,17.0
284,VIDEO,282.0,912.0,48.0,63.0,65.0,1502,manual,100.0,43.0
285,VIDEO,54.0,875.0,44.0,49.0,53.0,1502,manual,4.0,0.0
286,VIDEO,49.0,662.0,43.0,48.0,51.0,300,manual,0.0,2.0
287,VIDEO,41.0,662.0,42.0,46.0,50.0,300,manual,0.0,0.0
288,VIDEO,40.0,668.0,42.0,46.0,49.0,300,manual,0.0,0.0
289,VIDEO,40.0,668.0,42.0,45.0,48.0,300,manual,0.0,0.0
290,VIDEO,39.0,668.0,41.0,45.0,48.0,300,manual,0.0,0.0
291,VIDEO,40.0,662.0,41.0,44.0,48.0,300,manual,0.0,0.0
292,VIDEO,39.0,662.0,40.0,44.0,47.0,300,manual,0.0,0.0
293,VIDEO,39.0,662.0,40.0,43.0,47.0,300,manual,0.0,0.0
294,VIDEO,51.0,925.0,40.0,43.0,46.0,1502,manual,4.0,0.0
295,VIDEO,39.0,662.0,39.0,43.0,46.0,300,manual,0.0,0.0
296,VIDEO,39.0,668.0,39.0,43.0,46.0,300,manual,0.0,0.0
297,VIDEO,39.0,662.0,38.0,42.0,45.0,300,manual,0.0,0.0
298,VIDEO,39.0,662.0,38.0,42.0,45.0,300,manual,0.0,0.0
299,VIDEO,39.0,668.0,38.0,41.0,45.0,300,manual,0.0,0.0
300,VIDEO,39.0,662.0,37.0,41.0,44.0,300,manual,0.0,0.0
301,VIDEO,39.0,662.0,37.0,41.0,44.0,300,manual,0.0,0.0
302,VIDEO,39.0,662.0,37.0,40.0,44.0,300,manual,0.0,0.0
303,VIDEO,39.0,662.0,36.0,40.0,44.0,300,manual,0.0,0.0
304,VIDEO,39.0,662.0,37.0,40.0,43.0,300,manual,0.0,0.0
305,VIDEO,39.0,662.0,36.0,39.0,43.0,300,manual,0.0,0.0
306,VIDEO,39.0,662.0,36.0,39.0,43.0,300,manual,0.0,0.0
307,VIDEO,39.0,662.0,35.0,39.0,43.0,300,manual,0.0,0.0
308,VIDEO,39.0,662.0,35.0,39.0,43.0,300,manual,0.0,0.0
309,VIDEO,39.0,662.0,35.0,38.0,42.0,300,manual,0.0,0.0
310,VIDEO,39.0,662.0,34.0,38.0,42.0,300,manual,0.0,0.0
311,VIDEO,39.0,662.0,34.0,38.0,42.0,300,manual,0.0,0.0
312,VIDEO,39.0,668.0,34.0,38.0,42.0,300,manual,0.0,0.0
313,VIDEO,39.0,662.0,34.0,37.0,41.0,300,manual,0.0,0.0
314,VIDEO,39.0,662.0,34.0,37.0,41.0,300,manual,0.0,0.0
315,VIDEO,39.0,668.0,33.0,37.0,41.0,300,manual,0.0,0.0
316,VIDEO,39.0,662.0,33.0,37.0,41.0,300,manual,0.0,0.0
317,VIDEO,39.0,662.0,33.0,36.0,41.0,300,manual,0.0,0.0
318,VIDEO,39.0,662.0,33.0,36.0,40.0,300,manual,0.0,0.0
319,VIDEO,39.0,668.0,32.0,36.0,40.0,300,manual,0.0,0.0
320,VIDEO,39.0,668.0,32.0,36.0,40.0,300,manual,0.0,0.0
321,VIDEO,39.0,662.0,32.0,36.0,40.0,300,manual,0.0,0.0
322,VIDEO,39.0,662.0,32.0,35.0,40.0,300,manual,0.0,0.0
323,VIDEO,39.0,662.0,32.0,35.0,39.0,300,manual,0.0,0.0
324,VIDEO,39.0,662.0,31.0,35.0,39.0,300,manual,0.0,0.0
325,VIDEO,38.0,662.0,31.0,34.0,39.0,300,manual,0.0,0.0
326,VIDEO,38.0,662.0,31.0,35.0,39.0,300,manual,0.0,0.0
327,VIDEO,39.0,662.0,31.0,34.0,39.0,300,manual,0.0,0.0
328,VIDEO,39.0,662.0,31.0,35.0,39.0,300,manual,0.0,0.0
329,VIDEO,39.0,662.0,31.0,34.0,39.0,300,manual,0.0,0.0
330,VIDEO,39.0,662.0,30.0,34.0,38.0,300,manual,0.0,0.0
331,VIDEO,39.0,662.0,30.0,34.0,38.0,300,manual,0.0,0.0
332,VIDEO,39.0,668.0,30.0,34.0,38.0,300,manual,0.0,0.0
333,VIDEO,38.0,662.0,30.0,34.0,38.0,300,manual,0.0,0.0
334,VIDEO,39.0,662.0,30.0,34.0,38.0,300,manual,0.0,0.0
335,VIDEO,38.0,662.0,29.0,33.0,37.0,300,manual,0.0,0.0
336,VIDEO,38.0,662.0,29.0,33.0,37.0,300,manual,0.0,0.0
337,VIDEO,38.0,668.0,29.0,33.0,37.0,300,manual,0.0,0.0
338,VIDEO,38.0,662.0,29.0,33.0,37.0,300,manual,0.0,0.0
339,VIDEO,38.0,662.0,29.0,32.0,37.0,300,manual,0.0,0.0
340,VIDEO,38.0,668.0,29.0,33.0,37.0,300,manual,0.0,0.0
341,VIDEO,44.0,918.0,29.0,32.0,37.0,1502,manual,0.0,1.0
342,VIDEO,38.0,668.0,29.0,32.0,37.0,300,manual,0.0,0.0
343,VIDEO,41.0,925.0,28.0,32.0,37.0,300,manual,0.0,0.0
344,VIDEO,50.0,662.0,29.0,32.0,37.0,1502,manual,4.0,0.0
345,VIDEO,53.0,712.0,28.0,32.0,37.0,1502,manual,4.0,0.0
346,VIDEO,49.0,918.0,28.0,32.0,37.0,300,manual,1.0,0.0
347,VIDEO,53.0,918.0,28.0,32.0,37.0,1502,manual,4.0,0.0
348,VIDEO,38.0,831.0,28.0,32.0,37.0,300,manual,0.0,0.0
349,VIDEO,240.0,662.0,28.0,32.0,37.0,1502,manual,99.0,11.0
350,VIDEO,38.0,668.0,28.0,32.0,37.0,300,manual,0.0,0.0
351,VIDEO,47.0,925.0,28.0,32.0,36.0,1502,manual,5.0,2.0
352,VIDEO,60.0,668.0,28.0,32.0,36.0,1502,manual,3.0,0.0
353,VIDEO,38.0,668.0,28.0,31.0,36.0,300,manual,0.0,0.0
354,VIDEO,36.0,662.0,27.0,31.0,36.0,300,manual,0.0,0.0
355,VIDEO,38.0,668.0,27.0,31.0,36.0,300,manual,0.0,0.0
356,VIDEO,37.0,662.0,27.0,31.0,36.0,300,manual,0.0,0.0
357,VIDEO,37.0,668.0,27.0,31.0,35.0,300,manual,0.0,0.0
358,VIDEO,38.0,662.0,27.0,31.0,35.0,300,manual,0.0,0.0
359,VIDEO,37.0,668.0,27.0,31.0,35.0,300,manual,0.0,0.0
360,VIDEO,37.0,662.0,27.0,31.0,35.0,300,manual,0.0,0.0
361,VIDEO,37.0,662.0,27.0,30.0,35.0,300,manual,0.0,0.0
362,VIDEO,37.0,662.0,27.0,30.0,35.0,300,manual,0.0,0.0
363,VIDEO,37.0,668.0,27.0,30.0,35.0,300,manual,0.0,0.0
364,VIDEO,36.0,662.0,26.0,30.0,35.0,300,manual,0.0,0.0
365,VIDEO,37.0,662.0,26.0,30.0,35.0,300,manual,0.0,0.0
366,VIDEO,39.0,775.0,26.0,30.0,35.0,1502,manual,0.0,0.0
367,VIDEO,44.0,656.0,27.0,31.0,35.0,300,manual,0.0,1.0
368,VIDEO,42.0,762.0,27.0,31.0,35.0,1502,manual,0.0,1.0
369,VIDEO,67.0,943.0,27.0,30.0,35.0,1502,manual,2.0,0.0
370,VIDEO,43.0,912.0,27.0,30.0,35.0,300,manual,0.0,1.0
371,VIDEO,57.0,912.0,26.0,30.0,35.0,1502,manual,3.0,0.0
372,VIDEO,45.0,668.0,26.0,30.0,35.0,1502,manual,5.0,0.0
373,VIDEO,37.0,668.0,26.0,30.0,35.0,300,manual,0.0,0.0
374,VIDEO,37.0,662.0,26.0,30.0,35.0,300,manual,0.0,0.0
375,VIDEO,44.0,918.0,26.0,30.0,34.0,300,manual,0.0,2.0
376,VIDEO,56.0,918.0,27.0,30.0,34.0,1502,manual,3.0,0.0
377,VIDEO,53.0,662.0,26.0,30.0,34.0,300,manual,1.0,0.0
378,VIDEO,65.0,918.0,26.0,30.0,34.0,1502,manual,2.0,1.0
379,VIDEO,49.0,918.0,26.0,30.0,34.0,300,manual,1.0,0.0
380,VIDEO,62.0,918.0,26.0,30.0,34.0,1502,manual,2.0,1.0
381,VIDEO,35.0,668.0,26.0,30.0,35.0,300,manual,0.0,0.0
382,VIDEO,35.0,906.0,26.0,30.0,34.0,300,manual,0.0,0.0
383,VIDEO,267.0,662.0,26.0,30.0,34.0,1502,manual,71.0,48.0
384,VIDEO,41.0,918.0,25.0,30.0,34.0,300,manual,0.0,2.0
385,VIDEO,42.0,918.0,26.0,30.0,34.0,1502,manual,0.0,0.0
386,VIDEO,65.0,918.0,26.0,30.0,35.0,1502,manual,2.0,0.0
387,VIDEO,51.0,862.0,25.0,29.0,34.0,300,manual,1.0,1.0
388,VIDEO,54.0,662.0,26.0,30.0,34.0,300,manual,0.0,0.0
389,VIDEO,36.0,662.0,25.0,29.0,33.0,300,manual,0.0,0.0
390,VIDEO,38.0,668.0,26.0,32.0,35.0,300,manual,0.0,0.0
391,VIDEO,38.0,775.0,26.0,30.0,34.0,300,manual,0.0,0.0
392,VIDEO,228.0,906.0,28.0,38.0,34.0,1502,manual,100.0,2.0
393,VIDEO,57.0,918.0,27.0,31.0,34.0,1502,manual,3.0,0.0
394,VIDEO,50.0,918.0,26.0,30.0,34.0,300,manual,1.0,0.0
395,VIDEO,45.0,918.0,26.0,30.0,35.0,1502,manual,4.0,0.0
396,VIDEO,252.0,912.0,29.0,43.0,41.0,1502,manual,100.0,23.0
397,VIDEO,35.0,918.0,27.0,31.0,35.0,300,manual,0.0,0.0
398,VIDEO,49.0,918.0,27.0,30.0,35.0,300,manual,1.0,0.0
399,VIDEO,35.0,925.0,26.0,30.0,34.0,300,manual,0.0,0.0
400,VIDEO,61.0,918.0,26.0,31.0,34.0,1502,manual,2.0,0.0
401,VIDEO,55.0,918.0,26.0,30.0,34.0,1502,manual,1.0,1.0
402,VIDEO,301.0,800.0,27.0,38.0,43.0,1319,manual,99.0,44.0
403,VIDEO,297.0,906.0,30.0,43.0,48.0,1319,manual,100.0,42.0
404,VIDEO,297.0,831.0,32.0,45.0,50.0,1319,manual,100.0,42.0
405,VIDEO,288.0,806.0,32.0,45.0,51.0,1319,manual,100.0,43.0
406,VIDEO,287.0,812.0,32.0,46.0,52.0,1319,manual,100.0,42.0
407,VIDEO,292.0,831.0,33.0,46.0,52.0,1502,manual,99.0,59.0
408,VIDEO,286.0,906.0,33.0,47.0,52.0,1319,manual,100.0,42.0
409,VIDEO,289.0,806.0,34.0,48.0,54.0,1319,manual,99.0,43.0
410,VIDEO,286.0,906.0,34.0,47.0,53.0,1319,manual,100.0,42.0
411,VIDEO,286.0,812.0,34.0,48.0,54.0,1319,manual,100.0,42.0
412,VIDEO,290.0,812.0,35.0,48.0,54.0,1319,manual,100.0,43.0
413,VIDEO,289.0,806.0,35.0,48.0,54.0,1319,manual,100.0,43.0
414,VIDEO,305.0,806.0,35.0,49.0,55.0,1472,manual,100.0,71.0
415,VIDEO,288.0,906.0,36.0,49.0,55.0,1319,manual,100.0,42.0
416,VIDEO,308.0,812.0,36.0,50.0,57.0,1319,manual,100.0,44.0
417,VIDEO,289.0,906.0,36.0,50.0,55.0,1319,manual,100.0,42.0
418,VIDEO,288.0,812.0,37.0,50.0,56.0,1319,manual,100.0,42.0
419,VIDEO,289.0,812.0,37.0,50.0,56.0,1319,manual,100.0,42.0
420,VIDEO,288.0,812.0,37.0,51.0,56.0,1319,manual,100.0,42.0
421,VIDEO,310.0,806.0,37.0,51.0,57.0,1472,manual,100.0,71.0
422,VIDEO,290.0,912.0,38.0,51.0,56.0,1319,manual,100.0,41.0
423,VIDEO,307.0,806.0,37.0,52.0,59.0,1363,manual,100.0,44.0
424,VIDEO,290.0,912.0,38.0,51.0,57.0,1319,manual,100.0,42.0
425,VIDEO,290.0,812.0,39.0,52.0,58.0,1283,manual,100.0,41.0
426,VIDEO,286.0,812.0,39.0,52.0,57.0,1319,manual,100.0,37.0
427,VIDEO,229.0,906.0,38.0,51.0,50.0,1502,manual,100.0,2.0
428,VIDEO,229.0,912.0,38.0,51.0,45.0,1502,manual,100.0,2.0
429,VIDEO,46.0,912.0,38.0,45.0,44.0,300,manual,0.0,2.0
430,VIDEO,283.0,831.0,38.0,51.0,56.0,1502,manual,100.0,52.0
431,VIDEO,288.0,812.0,39.0,53.0,57.0,1363,manual,100.0,43.0
432,VIDEO,267.0,812.0,40.0,53.0,58.0,1502,manual,100.0,50.0
433,VIDEO,299.0,825.0,40.0,53.0,58.0,1319,manual,100.0,41.0
434,VIDEO,292.0,912.0,40.0,53.0,58.0,1363,manual,100.0,41.0
435,VIDEO,279.0,812.0,40.0,54.0,59.0,1363,manual,100.0,38.0
436,VIDEO,288.0,893.0,40.0,54.0,58.0,1363,manual,100.0,39.0
437,VIDEO,267.0,831.0,41.0,54.0,58.0,1502,manual,100.0,49.0
438,VIDEO,302.0,843.0,41.0,54.0,58.0,1363,manual,100.0,39.0
439,VIDEO,287.0,906.0,41.0,55.0,58.0,1404,manual,100.0,36.0
440,VIDEO,283.0,831.0,41.0,55.0,60.0,1502,manual,100.0,51.0
441,VIDEO,289.0,831.0,41.0,55.0,58.0,1363,manual,100.0,37.0
442,VIDEO,281.0,912.0,42.0,55.0,58.0,1404,manual,100.0,36.0
443,VIDEO,283.0,831.0,42.0,56.0,60.0,1502,manual,100.0,51.0
444,VIDEO,282.0,850.0,42.0,56.0,59.0,1404,manual,100.0,35.0
445,VIDEO,283.0,912.0,42.0,56.0,58.0,1404,manual,100.0,37.0
446,VIDEO,267.0,850.0,42.0,56.0,59.0,1502,manual,100.0,49.0
447,VIDEO,291.0,850.0,42.0,56.0,59.0,1404,manual,100.0,34.0
448,VIDEO,297.0,850.0,42.0,56.0,58.0,1363,manual,100.0,37.0
449,VIDEO,296.0,893.0,42.0,56.0,58.0,1404,manual,100.0,34.0
450,VIDEO,277.0,850.0,43.0,57.0,60.0,1502,manual,100.0,51.0
451,VIDEO,281.0,850.0,43.0,57.0,59.0,1404,manual,100.0,33.0
452,VIDEO,297.0,831.0,43.0,57.0,59.0,1363,manual,100.0,33.0
453,VIDEO,282.0,850.0,43.0,57.0,58.0,1404,manual,100.0,32.0
454,VIDEO,307.0,850.0,43.0,58.0,62.0,1430,manual,99.0,34.0
455,VIDEO,289.0,850.0,43.0,57.0,59.0,1404,manual,100.0,33.0
456,VIDEO,291.0,906.0,43.0,58.0,59.0,1404,manual,100.0,32.0
457,VIDEO,276.0,831.0,44.0,57.0,59.0,1404,manual,100.0,32.0
458,VIDEO,278.0,831.0,43.0,58.0,62.0,1502,manual,100.0,45.0
459,VIDEO,291.0,850.0,44.0,58.0,60.0,1404,manual,100.0,32.0
460,VIDEO,229.0,906.0,43.0,55.0,52.0,1502,manual,100.0,2.0
461,VIDEO,297.0,850.0,43.0,57.0,56.0,1404,manual,100.0,34.0
462,VIDEO,281.0,850.0,44.0,58.0,59.0,1404,manual,100.0,34.0
463,VIDEO,279.0,912.0,44.0,58.0,59.0,1404,manual,100.0,33.0
464,VIDEO,283.0,850.0,44.0,58.0,60.0,1404,manual,100.0,35.0
465,VIDEO,277.0,831.0,44.0,59.0,62.0,1502,manual,100.0,50.0
466,VIDEO,292.0,850.0,44.0,59.0,61.0,1404,manual,100.0,36.0
467,VIDEO,283.0,825.0,45.0,58.0,60.0,1404,manual,100.0,33.0
468,VIDEO,280.0,912.0,45.0,58.0,60.0,1404,manual,100.0,34.0
469,VIDEO,281.0,831.0,44.0,58.0,60.0,1502,manual,100.0,50.0
470,VIDEO,298.0,850.0,44.0,59.0,63.0,1363,manual,99.0,35.0
471,VIDEO,286.0,831.0,44.0,58.0,61.0,1363,manual,100.0,36.0
472,VIDEO,297.0,893.0,45.0,59.0,61.0,1363,manual,100.0,36.0
473,VIDEO,299.0,862.0,45.0,59.0,61.0,1363,manual,100.0,35.0
474,VIDEO,272.0,831.0,45.0,59.0,64.0,1502,manual,100.0,50.0
475,VIDEO,301.0,850.0,45.0,59.0,62.0,1363,manual,100.0,35.0
476,VIDEO,283.0,843.0,45.0,59.0,62.0,1404,manual,100.0,37.0
477,VIDEO,287.0,875.0,45.0,59.0,61.0,1363,manual,100.0,36.0
478,VIDEO,274.0,831.0,45.0,59.0,64.0,1502,manual,100.0,49.0
479,VIDEO,296.0,825.0,45.0,59.0,62.0,1363,manual,100.0,35.0
480,VIDEO,286.0,912.0,45.0,60.0,62.0,1363,manual,100.0,38.0
481,VIDEO,272.0,850.0,45.0,59.0,63.0,1502,manual,99.0,50.0
482,VIDEO,299.0,831.0,46.0,60.0,63.0,1363,manual,100.0,35.0
483,VIDEO,288.0,831.0,45.0,60.0,62.0,1363,manual,100.0,38.0
484,VIDEO,287.0,912.0,46.0,60.0,62.0,1363,manual,100.0,36.0
485,VIDEO,277.0,831.0,45.0,60.0,64.0,1502,manual,100.0,50.0
486,VIDEO,289.0,831.0,46.0,60.0,63.0,1363,manual,100.0,40.0
487,VIDEO,289.0,912.0,46.0,60.0,63.0,1363,manual,100.0,37.0
488,VIDEO,280.0,812.0,46.0,61.0,65.0,1502,manual,100.0,51.0
489,VIDEO,294.0,831.0,46.0,60.0,64.0,1319,manual,100.0,38.0
490,VIDEO,291.0,912.0,46.0,60.0,63.0,1319,manual,100.0,39.0
491,VIDEO,275.0,831.0,46.0,60.0,63.0,1502,manual,100.0,57.0
492,VIDEO,284.0,812.0,46.0,60.0,63.0,1363,manual,100.0,41.0
493,VIDEO,231.0,912.0,46.0,58.0,53.0,1502,manual,100.0,2.0
494,VIDEO,286.0,825.0,46.0,60.0,59.0,1363,manual,100.0,42.0
495,VIDEO,295.0,912.0,46.0,60.0,62.0,1363,manual,100.0,41.0
496,VIDEO,286.0,806.0,46.0,61.0,65.0,1502,manual,100.0,52.0
497,VIDEO,287.0,812.0,47.0,60.0,63.0,1319,manual,100.0,41.0
498,VIDEO,299.0,812.0,47.0,60.0,64.0,1319,manual,100.0,42.0
499,VIDEO,296.0,831.0,46.0,60.0,65.0,1319,manual,100.0,42.0
500,VIDEO,291.0,912.0,47.0,60.0,64.0,1319,manual,100.0,43.0
501,VIDEO,288.0,812.0,46.0,60.0,64.0,1502,manual,100.0,54.0
502,VIDEO,292.0,806.0,47.0,60.0,64.0,1319,manual,100.0,41.0
503,VIDEO,290.0,912.0,47.0,60.0,64.0,1319,manual,100.0,41.0
504,VIDEO,343.0,806.0,46.0,61.0,66.0,1430,manual,100.0,45.0
505,VIDEO,279.0,812.0,47.0,60.0,65.0,1319,manual,100.0,42.0
506,VIDEO,272.0,812.0,47.0,60.0,64.0,1502,manual,99.0,50.0
507,VIDEO,296.0,812.0,47.0,60.0,65.0,1319,manual,100.0,41.0
508,VIDEO,287.0,912.0,47.0,60.0,64.0,1319,manual,100.0,44.0
509,VIDEO,284.0,806.0,47.0,61.0,66.0,1502,manual,100.0,51.0
510,VIDEO,286.0,806.0,47.0,61.0,65.0,1319,manual,100.0,43.0
511,VIDEO,199.0,812.0,48.0,60.0,66.0,1363,manual,100.0,51.0
512,VIDEO,295.0,793.0,47.0,61.0,65.0,1283,manual,100.0,43.0
513,VIDEO,286.0,912.0,48.0,60.0,65.0,1319,manual,100.0,43.0
514,VIDEO,285.0,793.0,47.0,61.0,66.0,1502,manual,100.0,52.0
515,VIDEO,281.0,793.0,48.0,61.0,65.0,1319,manual,100.0,44.0
516,VIDEO,286.0,806.0,48.0,60.0,65.0,1319,manual,100.0,44.0
517,VIDEO,296.0,793.0,47.0,61.0,66.0,1319,manual,100.0,42.0
518,VIDEO,288.0,912.0,48.0,61.0,65.0,1319,manual,100.0,43.0
519,VIDEO,290.0,812.0,47.0,61.0,66.0,1502,manual,100.0,52.0
520,VIDEO,282.0,806.0,48.0,61.0,65.0,1319,manual,100.0,43.0
521,VIDEO,294.0,812.0,48.0,61.0,65.0,1319,manual,100.0,43.0
522,VIDEO,296.0,806.0,48.0,62.0,66.0,1283,manual,100.0,43.0
523,VIDEO,230.0,912.0,47.0,60.0,55.0,1502,manual,100.0,2.0
524,VIDEO,292.0,806.0,47.0,61.0,62.0,1283,manual,100.0,44.0
525,VIDEO,289.0,881.0,47.0,61.0,64.0,1319,manual,100.0,43.0
526,VIDEO,285.0,806.0,48.0,62.0,66.0,1319,manual,100.0,43.0
527,VIDEO,296.0,912.0,48.0,61.0,65.0,1283,manual,100.0,43.0
528,VIDEO,283.0,812.0,48.0,61.0,66.0,1502,manual,100.0,50.0
529,VIDEO,288.0,868.0,48.0,61.0,65.0,1319,manual,100.0,44.0
530,VIDEO,289.0,812.0,48.0,62.0,66.0,1502,manual,100.0,53.0
531,VIDEO,289.0,793.0,48.0,61.0,66.0,1319,manual,100.0,43.0
532,VIDEO,254.0,812.0,49.0,61.0,65.0,1430,manual,100.0,55.0
533,VIDEO,283.0,812.0,48.0,61.0,67.0,1319,manual,100.0,43.0
534,VIDEO,281.0,881.0,48.0,61.0,65.0,1319,manual,100.0,43.0
535,VIDEO,291.0,793.0,48.0,62.0,66.0,1319,manual,100.0,42.0
536,VIDEO,290.0,912.0,48.0,61.0,65.0,1319,manual,100.0,42.0
537,VIDEO,291.0,793.0,48.0,62.0,67.0,1502,manual,100.0,52.0
538,VIDEO,285.0,806.0,48.0,61.0,65.0,1319,manual,100.0,42.0
539,VIDEO,275.0,793.0,48.0,61.0,67.0,1502,manual,99.0,50.0
540,VIDEO,290.0,793.0,48.0,62.0,66.0,1319,manual,100.0,41.0
541,VIDEO,286.0,868.0,49.0,61.0,65.0,1319,manual,100.0,43.0
542,VIDEO,288.0,812.0,48.0,62.0,66.0,1319,manual,100.0,42.0
543,VIDEO,287.0,912.0,49.0,62.0,65.0,1319,manual,100.0,42.0
544,VIDEO,288.0,812.0,48.0,62.0,66.0,1502,manual,100.0,52.0
545,VIDEO,289.0,812.0,49.0,62.0,65.0,1319,manual,100.0,41.0
546,VIDEO,287.0,812.0,48.0,62.0,65.0,1319,manual,100.0,41.0
547,VIDEO,284.0,812.0,48.0,63.0,67.0,1319,manual,100.0,40.0
548,VIDEO,285.0,912.0,49.0,62.0,65.0,1363,manual,100.0,39.0
549,VIDEO,289.0,806.0,48.0,63.0,68.0,1502,manual,100.0,52.0
550,VIDEO,293.0,831.0,49.0,62.0,65.0,1319,manual,100.0,40.0
551,VIDEO,282.0,812.0,49.0,62.0,65.0,1363,manual,100.0,35.0
552,VIDEO,234.0,912.0,48.0,60.0,60.0,1502,manual,100.0,2.0
553,VIDEO,291.0,812.0,48.0,62.0,57.0,1502,manual,100.0,53.0
554,VIDEO,299.0,806.0,48.0,62.0,64.0,1319,manual,100.0,40.0
555,VIDEO,284.0,825.0,49.0,62.0,65.0,1363,manual,100.0,41.0
556,VIDEO,295.0,812.0,49.0,63.0,66.0,1319,manual,100.0,38.0
557,VIDEO,296.0,912.0,49.0,62.0,66.0,1319,manual,100.0,39.0
558,VIDEO,290.0,831.0,49.0,62.0,65.0,1502,manual,100.0,54.0
559,VIDEO,296.0,812.0,49.0,62.0,65.0,1319,manual,100.0,40.0
560,VIDEO,292.0,850.0,49.0,62.0,65.0,1319,manual,100.0,38.0
561,VIDEO,283.0,825.0,48.0,63.0,66.0,1319,manual,100.0,37.0
562,VIDEO,293.0,831.0,49.0,62.0,65.0,1363,manual,100.0,38.0
563,VIDEO,273.0,812.0,49.0,62.0,65.0,1502,manual,99.0,50.0
564,VIDEO,296.0,812.0,49.0,63.0,65.0,1319,manual,100.0,36.0
565,VIDEO,281.0,912.0,49.0,62.0,65.0,1363,manual,100.0,38.0
566,VIDEO,293.0,831.0,48.0,63.0,67.0,1472,manual,100.0,54.0
567,VIDEO,283.0,831.0,49.0,62.0,66.0,1363,manual,100.0,36.0
568,VIDEO,286.0,912.0,49.0,63.0,66.0,1363,manual,100.0,36.0
569,VIDEO,297.0,825.0,49.0,63.0,67.0,1363,manual,99.0,37.0
570,VIDEO,295.0,831.0,49.0,62.0,65.0,1319,manual,100.0,38.0
571,VIDEO,294.0,825.0,49.0,63.0,66.0,1363,manual,100.0,37.0
572,VIDEO,285.0,812.0,49.0,63.0,66.0,1363,manual,100.0,37.0
573,VIDEO,292.0,875.0,49.0,63.0,66.0,1363,manual,100.0,37.0
574,VIDEO,273.0,831.0,49.0,63.0,65.0,1502,manual,99.0,49.0
575,VIDEO,292.0,831.0,49.0,63.0,66.0,1319,manual,100.0,38.0
576,VIDEO,290.0,912.0,49.0,63.0,65.0,1363,manual,100.0,36.0
577,VIDEO,285.0,831.0,49.0,63.0,66.0,1502,manual,100.0,52.0
578,VIDEO,282.0,825.0,49.0,63.0,65.0,1363,manual,100.0,37.0
579,VIDEO,291.0,912.0,49.0,63.0,65.0,1363,manual,100.0,38.0
580,VIDEO,281.0,831.0,49.0,63.0,67.0,1502,manual,100.0,50.0
581,VIDEO,294.0,831.0,50.0,63.0,66.0,1319,manual,100.0,37.0
582,VIDEO,290.0,931.0,49.0,63.0,65.0,1363,manual,100.0,37.0
583,VIDEO,234.0,906.0,48.0,61.0,55.0,1502,manual,100.0,2.0
584,VIDEO,292.0,912.0,49.0,63.0,63.0,1363,manual,100.0,36.0
585,VIDEO,279.0,825.0,49.0,63.0,66.0,1502,manual,100.0,50.0
586,VIDEO,292.0,831.0,49.0,63.0,65.0,1363,manual,100.0,38.0
587,VIDEO,291.0,912.0,49.0,63.0,65.0,1319,manual,100.0,37.0
588,VIDEO,277.0,825.0,48.0,63.0,65.0,1502,manual,95.0,48.0
589,VIDEO,279.0,825.0,49.0,63.0,65.0,1363,manual,100.0,38.0
590,VIDEO,277.0,912.0,49.0,63.0,66.0,1363,manual,100.0,36.0
591,VIDEO,287.0,825.0,48.0,64.0,67.0,1502,manual,100.0,50.0
592,VIDEO,285.0,831.0,49.0,63.0,65.0,1363,manual,100.0,35.0
593,VIDEO,279.0,912.0,49.0,63.0,65.0,1363,manual,100.0,37.0
594,VIDEO,283.0,825.0,48.0,63.0,67.0,1502,manual,100.0,51.0
595,VIDEO,292.0,831.0,49.0,63.0,65.0,1363,manual,100.0,37.0
596,VIDEO,293.0,912.0,49.0,63.0,65.0,1319,manual,100.0,36.0
597,VIDEO,337.0,831.0,49.0,63.0,67.0,1430,manual,99.0,40.0
598,VIDEO,285.0,831.0,49.0,63.0,65.0,1363,manual,100.0,38.0
599,VIDEO,294.0,912.0,49.0,63.0,65.0,1319,manual,100.0,37.0
600,VIDEO,298.0,831.0,49.0,64.0,68.0,1363,manual,99.0,37.0
601,VIDEO,282.0,806.0,50.0,63.0,66.0,1363,manual,100.0,38.0
602,VIDEO,295.0,862.0,49.0,63.0,66.0,1319,manual,100.0,38.0
603,VIDEO,291.0,812.0,49.0,64.0,68.0,1363,manual,100.0,38.0
604,VIDEO,289.0,812.0,50.0,63.0,66.0,1363,manual,100.0,39.0
605,VIDEO,223.0,831.0,50.0,63.0,66.0,1430,manual,100.0,51.0
606,VIDEO,293.0,812.0,49.0,63.0,67.0,1363,manual,100.0,38.0
607,VIDEO,286.0,875.0,49.0,63.0,66.0,1363,manual,100.0,38.0
608,VIDEO,275.0,831.0,50.0,63.0,67.0,1502,manual,99.0,50.0
609,VIDEO,120.0,825.0,49.0,63.0,67.0,1502,manual,100.0,1.0
610,VIDEO,281.0,875.0,50.0,63.0,67.0,1363,manual,100.0,40.0
611,VIDEO,273.0,812.0,50.0,63.0,67.0,1502,manual,99.0,50.0
612,VIDEO,294.0,812.0,49.0,63.0,67.0,1319,manual,100.0,39.0
613,VIDEO,294.0,912.0,49.0,63.0,67.0,1363,manual,100.0,39.0
614,VIDEO,231.0,912.0,49.0,61.0,56.0,1502,manual,100.0,2.0
615,VIDEO,283.0,906.0,49.0,63.0,64.0,1363,manual,100.0,38.0
616,VIDEO,284.0,812.0,49.0,63.0,67.0,1502,manual,100.0,51.0
617,VIDEO,292.0,831.0,49.0,63.0,67.0,1363,manual,100.0,40.0
618,VIDEO,286.0,912.0,50.0,63.0,66.0,1319,manual,100.0,39.0
619,VIDEO,283.0,812.0,49.0,63.0,68.0,1502,manual,100.0,50.0
620,VIDEO,284.0,812.0,50.0,63.0,67.0,1363,manual,100.0,40.0
621,VIDEO,297.0,912.0,50.0,63.0,67.0,1319,manual,100.0,40.0
622,VIDEO,295.0,806.0,49.0,64.0,68.0,1319,manual,100.0,38.0
623,VIDEO,295.0,806.0,50.0,63.0,67.0,1319,manual,100.0,41.0
624,VIDEO,267.0,825.0,50.0,63.0,66.0,1430,manual,100.0,56.0
625,VIDEO,284.0,831.0,50.0,64.0,68.0,1319,manual,100.0,39.0
626,VIDEO,294.0,912.0,50.0,63.0,67.0,1363,manual,100.0,41.0
627,VIDEO,277.0,806.0,50.0,63.0,68.0,1502,manual,100.0,59.0
628,VIDEO,286.0,825.0,49.0,63.0,67.0,1319,manual,100.0,39.0
629,VIDEO,284.0,906.0,50.0,63.0,67.0,1363,manual,100.0,40.0
630,VIDEO,278.0,925.0,49.0,65.0,62.0,1502,manual,100.0,23.0
631,VIDEO,44.0,662.0,46.0,50.0,54.0,300,manual,0.0,1.0
632,VIDEO,56.0,925.0,44.0,49.0,52.0,300,manual,1.0,1.0
633,VIDEO,49.0,925.0,44.0,47.0,51.0,300,manual,0.0,1.0
634,VIDEO,70.0,668.0,43.0,47.0,50.0,1502,manual,2.0,0.0
635,VIDEO,49.0,662.0,43.0,46.0,50.0,300,manual,0.0,2.0
636,VIDEO,48.0,662.0,43.0,46.0,49.0,300,manual,0.0,2.0
637,VIDEO,40.0,662.0,42.0,45.0,49.0,300,manual,0.0,0.0
638,VIDEO,40.0,662.0,41.0,45.0,48.0,300,manual,0.0,0.0
639,VIDEO,39.0,662.0,41.0,45.0,48.0,300,manual,0.0,0.0
640,VIDEO,39.0,662.0,41.0,44.0,47.0,300,manual,0.0,0.0
641,VIDEO,39.0,662.0,41.0,44.0,47.0,300,manual,0.0,0.0
642,VIDEO,39.0,662.0,40.0,44.0,47.0,1502,manual,0.0,1.0
643,VIDEO,51.0,925.0,40.0,43.0,47.0,1502,manual,28.0,2.0
644,VIDEO,59.0,662.0,40.0,43.0,46.0,1502,manual,1.0,1.0
645,VIDEO,69.0,668.0,39.0,43.0,46.0,1502,manual,4.0,1.0
646,VIDEO,39.0,662.0,39.0,42.0,46.0,300,manual,0.0,0.0
647,VIDEO,39.0,668.0,39.0,43.0,46.0,300,manual,2.0,0.0
648,VIDEO,64.0,831.0,41.0,51.0,51.0,300,manual,2.0,3.0
649,VIDEO,316.0,925.0,42.0,54.0,62.0,1319,manual,100.0,59.0
650,VIDEO,236.0,925.0,41.0,54.0,50.0,1502,manual,92.0,56.0
651,VIDEO,301.0,825.0,42.0,53.0,59.0,1283,manual,100.0,60.0
652,VIDEO,234.0,912.0,43.0,56.0,65.0,1363,manual,99.0,14.0
653,VIDEO,314.0,806.0,43.0,55.0,60.0,1319,manual,100.0,59.0
654,VIDEO,172.0,912.0,43.0,57.0,66.0,1502,manual,99.0,6.0
655,VIDEO,305.0,812.0,43.0,56.0,62.0,1235,manual,100.0,48.0
656,VIDEO,234.0,912.0,44.0,57.0,56.0,1502,manual,100.0,15.0
657,VIDEO,367.0,912.0,44.0,57.0,57.0,1430,manual,100.0,15.0
658,VIDEO,358.0,906.0,44.0,58.0,56.0,1363,manual,100.0,20.0
659,VIDEO,222.0,912.0,44.0,57.0,59.0,1430,manual,100.0,10.0
660,VIDEO,230.0,912.0,43.0,56.0,60.0,1430,manual,100.0,7.0
661,VIDEO,313.0,850.0,44.0,56.0,63.0,1283,manual,99.0,75.0
662,VIDEO,308.0,850.0,44.0,56.0,62.0,1283,manual,100.0,48.0
663,VIDEO,295.0,806.0,43.0,57.0,55.0,1363,manual,100.0,30.0
664,VIDEO,261.0,793.0,43.0,57.0,54.0,1502,manual,100.0,21.0
665,VIDEO,252.0,793.0,43.0,57.0,54.0,1502,manual,100.0,24.0
666,VIDEO,252.0,806.0,43.0,57.0,54.0,1502,manual,100.0,23.0
667,VIDEO,155.0,825.0,43.0,58.0,54.0,1502,manual,100.0,2.0
668,VIDEO,199.0,793.0,44.0,57.0,55.0,1502,manual,100.0,4.0
669,VIDEO,210.0,806.0,44.0,57.0,53.0,1502,manual,100.0,3.0
670,VIDEO,201.0,812.0,44.0,57.0,54.0,1502,manual,100.0,4.0
671,VIDEO,204.0,806.0,44.0,58.0,55.0,1502,manual,100.0,5.0
672,VIDEO,235.0,831.0,44.0,57.0,55.0,1502,manual,100.0,27.0
673,VIDEO,261.0,906.0,45.0,58.0,53.0,1502,manual,100.0,39.0
674,VIDEO,238.0,912.0,44.0,58.0,56.0,1502,manual,100.0,13.0
675,VIDEO,214.0,912.0,45.0,58.0,56.0,1502,manual,100.0,9.0
676,VIDEO,244.0,912.0,45.0,58.0,55.0,1502,manual,100.0,14.0
677,VIDEO,244.0,912.0,45.0,58.0,56.0,1502,manual,100.0,10.0
678,VIDEO,198.0,912.0,46.0,59.0,56.0,1502,manual,99.0,15.0
679,VIDEO,272.0,912.0,45.0,59.0,56.0,1502,manual,100.0,18.0
680,VIDEO,220.0,912.0,45.0,59.0,57.0,1472,manual,100.0,3.0
681,VIDEO,354.0,912.0,46.0,59.0,59.0,1363,manual,100.0,17.0
682,VIDEO,281.0,912.0,45.0,57.0,61.0,1502,manual,100.0,20.0
683,VIDEO,324.0,912.0,45.0,58.0,60.0,1363,manual,100.0,20.0
684,VIDEO,342.0,906.0,45.0,58.0,65.0,1319,manual,99.0,27.0
685,VIDEO,230.0,912.0,45.0,58.0,64.0,1363,manual,99.0,12.0
686,VIDEO,324.0,881.0,45.0,58.0,64.0,1319,manual,99.0,74.0
687,VIDEO,314.0,906.0,45.0,57.0,63.0,1319,manual,100.0,60.0
688,VIDEO,315.0,831.0,45.0,58.0,61.0,1319,manual,100.0,60.0
689,VIDEO,300.0,900.0,45.0,58.0,62.0,1283,manual,100.0,43.0
690,VIDEO,318.0,881.0,45.0,59.0,60.0,1319,manual,100.0,60.0
691,VIDEO,314.0,831.0,45.0,58.0,58.0,1283,manual,100.0,60.0
692,VIDEO,299.0,812.0,45.0,59.0,57.0,1283,manual,100.0,51.0
693,VIDEO,284.0,793.0,45.0,59.0,56.0,1319,manual,100.0,30.0
694,VIDEO,254.0,812.0,45.0,58.0,55.0,1502,manual,100.0,24.0
695,VIDEO,157.0,806.0,45.0,59.0,55.0,1502,manual,100.0,2.0
696,VIDEO,210.0,812.0,45.0,59.0,55.0,1502,manual,100.0,3.0
697,VIDEO,231.0,806.0,46.0,58.0,57.0,1502,manual,100.0,27.0
698,VIDEO,226.0,912.0,46.0,59.0,56.0,1502,manual,99.0,24.0
699,VIDEO,262.0,912.0,46.0,58.0,55.0,1502,manual,100.0,39.0
700,VIDEO,259.0,912.0,46.0,59.0,55.0,1502,manual,100.0,39.0
701,VIDEO,282.0,912.0,46.0,58.0,56.0,1502,manual,100.0,56.0
702,VIDEO,225.0,912.0,46.0,59.0,57.0,1502,manual,100.0,5.0
703,VIDEO,239.0,912.0,46.0,59.0,57.0,1502,manual,100.0,10.0
704,VIDEO,245.0,912.0,46.0,59.0,57.0,1502,manual,100.0,9.0
705,VIDEO,211.0,912.0,46.0,61.0,57.0,1502,manual,100.0,11.0
706,VIDEO,256.0,912.0,46.0,60.0,58.0,1404,manual,100.0,6.0
707,VIDEO,195.0,912.0,46.0,60.0,57.0,1502,manual,100.0,15.0
708,VIDEO,256.0,912.0,46.0,61.0,58.0,1404,manual,100.0,8.0
709,VIDEO,279.0,912.0,46.0,61.0,57.0,1502,manual,100.0,22.0
710,VIDEO,224.0,906.0,46.0,61.0,58.0,1472,manual,100.0,7.0
711,VIDEO,362.0,912.0,47.0,60.0,60.0,1363,manual,100.0,18.0
712,VIDEO,244.0,912.0,47.0,61.0,59.0,1404,manual,100.0,6.0
713,VIDEO,283.0,912.0,46.0,60.0,61.0,1363,manual,100.0,13.0
714,VIDEO,247.0,912.0,46.0,59.0,64.0,1363,manual,100.0,9.0
715,VIDEO,204.0,912.0,46.0,59.0,61.0,1472,manual,100.0,9.0
716,VIDEO,334.0,906.0,46.0,59.0,66.0,1404,manual,100.0,35.0
717,VIDEO,307.0,893.0,46.0,59.0,65.0,1235,manual,100.0,58.0
718,VIDEO,324.0,850.0,46.0,59.0,64.0,1319,manual,99.0,73.0
719,VIDEO,263.0,850.0,46.0,59.0,65.0,1283,manual,100.0,48.0
720,VIDEO,252.0,856.0,46.0,59.0,62.0,1283,manual,100.0,52.0
721,VIDEO,313.0,825.0,46.0,59.0,62.0,1235,manual,100.0,49.0
722,VIDEO,314.0,856.0,46.0,59.0,62.0,1283,manual,100.0,60.0
723,VIDEO,314.0,806.0,46.0,60.0,61.0,1283,manual,100.0,60.0
724,VIDEO,311.0,806.0,46.0,60.0,58.0,1319,manual,99.0,56.0
725,VIDEO,281.0,812.0,46.0,60.0,57.0,1363,manual,100.0,30.0
726,VIDEO,293.0,793.0,45.0,61.0,57.0,1319,manual,100.0,30.0
727,VIDEO,298.0,812.0,46.0,60.0,57.0,1319,manual,99.0,30.0
728,VIDEO,266.0,787.0,46.0,60.0,57.0,1502,manual,100.0,28.0
729,VIDEO,265.0,800.0,46.0,60.0,55.0,1502,manual,100.0,46.0
730,VIDEO,210.0,793.0,46.0,60.0,56.0,1502,manual,100.0,2.0
731,VIDEO,206.0,806.0,46.0,59.0,56.0,1502,manual,100.0,4.0
732,VIDEO,208.0,812.0,46.0,59.0,58.0,1502,manual,99.0,5.0
733,VIDEO,201.0,912.0,47.0,60.0,56.0,1502,manual,100.0,3.0
734,VIDEO,233.0,912.0,46.0,60.0,57.0,1502,manual,100.0,14.0
735,VIDEO,246.0,912.0,47.0,60.0,57.0,1502,manual,100.0,14.0
736,VIDEO,193.0,906.0,47.0,61.0,57.0,1502,manual,100.0,14.0
737,VIDEO,270.0,912.0,47.0,61.0,58.0,1363,manual,100.0,14.0
738,VIDEO,283.0,912.0,47.0,61.0,58.0,1472,manual,100.0,14.0
739,VIDEO,287.0,912.0,47.0,61.0,58.0,1363,manual,100.0,13.0
740,VIDEO,356.0,912.0,47.0,61.0,59.0,1404,manual,100.0,18.0
741,VIDEO,367.0,912.0,47.0,60.0,59.0,1363,manual,100.0,22.0
742,VIDEO,226.0,906.0,47.0,60.0,60.0,1430,manual,100.0,5.0
743,VIDEO,263.0,912.0,47.0,60.0,62.0,1363,manual,100.0,13.0
744,VIDEO,237.0,912.0,46.0,61.0,66.0,1363,manual,99.0,11.0
745,VIDEO,272.0,856.0,46.0,59.0,64.0,1319,manual,100.0,65.0
746,VIDEO,316.0,850.0,46.0,59.0,64.0,1283,manual,100.0,75.0
747,VIDEO,319.0,856.0,46.0,59.0,63.0,1319,manual,99.0,60.0
748,VIDEO,318.0,825.0,47.0,60.0,62.0,1319,manual,99.0,60.0
749,VIDEO,174.0,793.0,47.0,60.0,60.0,1319,manual,100.0,54.0
750,VIDEO,294.0,812.0,46.0,61.0,57.0,1319,manual,100.0,30.0
751,VIDEO,298.0,812.0,46.0,60.0,57.0,1363,manual,100.0,30.0
752,VIDEO,284.0,806.0,46.0,61.0,56.0,1319,manual,99.0,30.0
753,VIDEO,294.0,831.0,46.0,60.0,56.0,1319,manual,100.0,30.0
754,VIDEO,257.0,806.0,46.0,60.0,56.0,1502,manual,100.0,25.0
755,VIDEO,170.0,812.0,46.0,60.0,55.0,1502,manual,100.0,1.0
756,VIDEO,261.0,806.0,46.0,60.0,55.0,1502,manual,100.0,29.0
757,VIDEO,209.0,912.0,46.0,59.0,55.0,1502,manual,100.0,11.0
758,VIDEO,348.0,912.0,47.0,61.0,58.0,1430,manual,100.0,17.0
759,VIDEO,311.0,912.0,47.0,61.0,60.0,1363,manual,100.0,18.0
760,VIDEO,270.0,912.0,47.0,60.0,62.0,1363,manual,100.0,14.0
761,VIDEO,362.0,912.0,47.0,60.0,61.0,1363,manual,100.0,21.0
762,VIDEO,360.0,912.0,46.0,60.0,66.0,1363,manual,99.0,35.0
763,VIDEO,314.0,850.0,47.0,60.0,66.0,1283,manual,100.0,60.0
764,VIDEO,275.0,856.0,46.0,60.0,65.0,1235,manual,99.0,54.0
765,VIDEO,324.0,831.0,47.0,60.0,65.0,1319,manual,100.0,74.0
766,VIDEO,315.0,881.0,46.0,60.0,64.0,1283,manual,99.0,60.0
767,VIDEO,317.0,831.0,46.0,60.0,62.0,1319,manual,100.0,59.0
768,VIDEO,240.0,793.0,47.0,60.0,61.0,1363,manual,100.0,57.0
769,VIDEO,285.0,812.0,46.0,61.0,58.0,1319,manual,100.0,28.0
770,VIDEO,284.0,781.0,46.0,61.0,58.0,1363,manual,100.0,30.0
771,VIDEO,295.0,812.0,46.0,60.0,57.0,1319,manual,100.0,30.0
772,VIDEO,282.0,793.0,46.0,61.0,57.0,1363,manual,100.0,30.0
773,VIDEO,210.0,806.0,46.0,61.0,55.0,1502,manual,100.0,29.0
774,VIDEO,194.0,806.0,47.0,60.0,57.0,1502,manual,100.0,4.0
775,VIDEO,211.0,787.0,47.0,60.0,56.0,1502,manual,100.0,4.0
776,VIDEO,239.0,825.0,47.0,60.0,58.0,1502,manual,100.0,27.0
777,VIDEO,137.0,906.0,47.0,60.0,57.0,1502,manual,100.0,9.0
778,VIDEO,172.0,843.0,46.0,59.0,61.0,1319,manual,100.0,47.0
779,VIDEO,308.0,906.0,46.0,59.0,63.0,1235,manual,100.0,43.0
780,VIDEO,319.0,856.0,47.0,59.0,62.0,1319,manual,100.0,60.0
781,VIDEO,306.0,831.0,47.0,60.0,62.0,1283,manual,100.0,62.0
782,VIDEO,323.0,831.0,46.0,60.0,62.0,1319,manual,100.0,60.0
783,VIDEO,309.0,812.0,46.0,60.0,61.0,1283,manual,99.0,61.0
784,VIDEO,202.0,831.0,47.0,60.0,58.0,1319,manual,99.0,52.0
785,VIDEO,324.0,781.0,46.0,60.0,59.0,1283,manual,100.0,61.0
786,VIDEO,241.0,793.0,47.0,60.0,58.0,1404,manual,100.0,48.0
787,VIDEO,309.0,793.0,46.0,61.0,57.0,1363,manual,100.0,32.0
788,VIDEO,269.0,793.0,46.0,60.0,57.0,1502,manual,100.0,29.0
789,VIDEO,260.0,793.0,46.0,60.0,57.0,1502,manual,100.0,25.0
790,VIDEO,162.0,762.0,46.0,60.0,56.0,1502,manual,100.0,1.0
791,VIDEO,205.0,768.0,47.0,59.0,57.0,1502,manual,100.0,4.0
792,VIDEO,206.0,806.0,46.0,60.0,58.0,1502,manual,100.0,4.0
793,VIDEO,226.0,806.0,47.0,60.0,58.0,1502,manual,100.0,17.0
794,VIDEO,236.0,812.0,47.0,60.0,58.0,1502,manual,100.0,27.0
795,VIDEO,262.0,906.0,47.0,60.0,57.0,1502,manual,99.0,39.0
796,VIDEO,246.0,912.0,47.0,60.0,57.0,1502,manual,100.0,13.0
797,VIDEO,220.0,918.0,47.0,60.0,57.0,1502,manual,100.0,7.0
798,VIDEO,215.0,912.0,47.0,61.0,58.0,1502,manual,100.0,10.0
799,VIDEO,273.0,906.0,47.0,62.0,58.0,1502,manual,100.0,20.0
800,VIDEO,235.0,912.0,47.0,61.0,58.0,1502,manual,100.0,9.0
801,VIDEO,207.0,906.0,47.0,61.0,58.0,1502,manual,100.0,12.0
802,VIDEO,259.0,912.0,47.0,61.0,58.0,1502,manual,100.0,15.0
803,VIDEO,228.0,912.0,47.0,61.0,58.0,1502,manual,100.0,9.0
804,VIDEO,261.0,912.0,47.0,61.0,57.0,1502,manual,99.0,15.0
805,VIDEO,343.0,912.0,47.0,61.0,59.0,1404,manual,100.0,17.0
806,VIDEO,362.0,912.0,47.0,61.0,61.0,1472,manual,100.0,19.0
807,VIDEO,339.0,906.0,47.0,61.0,61.0,1472,manual,100.0,11.0
808,VIDEO,182.0,912.0,47.0,60.0,63.0,1502,manual,100.0,10.0
809,VIDEO,255.0,925.0,47.0,60.0,66.0,1283,manual,99.0,55.0
810,VIDEO,175.0,912.0,47.0,60.0,64.0,1472,manual,99.0,6.0
811,VIDEO,359.0,906.0,47.0,60.0,64.0,1363,manual,100.0,26.0
812,VIDEO,165.0,918.0,47.0,60.0,65.0,1363,manual,100.0,29.0
813,VIDEO,185.0,881.0,47.0,61.0,65.0,1319,manual,99.0,59.0
814,VIDEO,190.0,850.0,47.0,60.0,63.0,1319,manual,99.0,53.0
815,VIDEO,324.0,831.0,46.0,60.0,63.0,1283,manual,99.0,74.0
816,VIDEO,218.0,868.0,47.0,60.0,64.0,1319,manual,99.0,68.0
817,VIDEO,243.0,831.0,47.0,60.0,63.0,1283,manual,99.0,58.0
818,VIDEO,310.0,856.0,47.0,60.0,62.0,1283,manual,99.0,61.0
819,VIDEO,324.0,881.0,47.0,60.0,62.0,1283,manual,99.0,62.0
820,VIDEO,323.0,856.0,47.0,60.0,62.0,1283,manual,100.0,61.0
821,VIDEO,224.0,787.0,46.0,60.0,58.0,1363,manual,100.0,30.0
822,VIDEO,286.0,793.0,46.0,61.0,57.0,1319,manual,100.0,31.0
823,VIDEO,261.0,775.0,46.0,60.0,57.0,1502,manual,100.0,25.0
824,VIDEO,225.0,793.0,47.0,61.0,56.0,1502,manual,100.0,30.0
825,VIDEO,160.0,787.0,47.0,60.0,55.0,1502,manual,100.0,2.0
826,VIDEO,205.0,806.0,46.0,60.0,58.0,1502,manual,100.0,4.0
827,VIDEO,297.0,906.0,47.0,60.0,57.0,1502,manual,100.0,56.0
828,VIDEO,221.0,918.0,47.0,61.0,58.0,1502,manual,100.0,5.0
829,VIDEO,334.0,912.0,47.0,60.0,57.0,1472,manual,100.0,27.0
830,VIDEO,193.0,912.0,48.0,60.0,57.0,1502,manual,100.0,2.0
831,VIDEO,213.0,912.0,47.0,60.0,57.0,1502,manual,100.0,5.0
832,VIDEO,217.0,918.0,47.0,60.0,57.0,1502,manual,100.0,8.0
833,VIDEO,255.0,912.0,47.0,61.0,58.0,1502,manual,100.0,13.0
834,VIDEO,230.0,912.0,47.0,61.0,58.0,1502,manual,100.0,11.0
835,VIDEO,245.0,912.0,48.0,62.0,58.0,1502,manual,99.0,14.0
836,VIDEO,270.0,912.0,48.0,62.0,58.0,1502,manual,100.0,19.0
837,VIDEO,214.0,912.0,47.0,61.0,60.0,1430,manual,100.0,6.0
838,VIDEO,366.0,912.0,48.0,61.0,62.0,1363,manual,100.0,21.0
839,VIDEO,226.0,912.0,47.0,60.0,62.0,1430,manual,100.0,6.0
840,VIDEO,251.0,906.0,47.0,61.0,62.0,1363,manual,100.0,15.0
841,VIDEO,372.0,912.0,48.0,61.0,61.0,1430,manual,100.0,14.0
842,VIDEO,317.0,893.0,47.0,61.0,66.0,1283,manual,99.0,74.0
843,VIDEO,314.0,868.0,47.0,60.0,66.0,1235,manual,100.0,52.0
844,VIDEO,315.0,825.0,47.0,60.0,64.0,1235,manual,100.0,52.0
845,VIDEO,323.0,850.0,47.0,60.0,63.0,1283,manual,99.0,61.0
846,VIDEO,323.0,825.0,47.0,60.0,62.0,1283,manual,100.0,60.0
847,VIDEO,311.0,787.0,47.0,60.0,62.0,1283,manual,100.0,61.0
848,VIDEO,193.0,812.0,47.0,61.0,58.0,1404,manual,100.0,48.0
849,VIDEO,308.0,762.0,46.0,61.0,58.0,1363,manual,100.0,32.0
850,VIDEO,308.0,793.0,46.0,61.0,58.0,1363,manual,100.0,32.0
851,VIDEO,210.0,793.0,46.0,60.0,56.0,1502,manual,100.0,3.0
852,VIDEO,209.0,806.0,47.0,60.0,58.0,1502,manual,100.0,6.0
853,VIDEO,238.0,806.0,47.0,60.0,59.0,1502,manual,100.0,27.0
854,VIDEO,239.0,806.0,47.0,60.0,57.0,1502,manual,100.0,26.0
855,VIDEO,209.0,806.0,46.0,60.0,58.0,1502,manual,100.0,5.0
856,VIDEO,238.0,806.0,47.0,60.0,58.0,1502,manual,100.0,27.0
857,VIDEO,335.0,906.0,47.0,60.0,57.0,1472,manual,100.0,31.0
858,VIDEO,236.0,912.0,47.0,60.0,57.0,1502,manual,100.0,12.0
859,VIDEO,217.0,912.0,47.0,60.0,57.0,1502,manual,100.0,5.0
860,VIDEO,226.0,912.0,47.0,60.0,57.0,1502,manual,100.0,5.0
861,VIDEO,118.0,912.0,47.0,61.0,54.0,1502,manual,100.0,0.0
862,VIDEO,320.0,912.0,46.0,59.0,64.0,1319,manual,99.0,27.0
863,VIDEO,341.0,906.0,47.0,60.0,65.0,1363,manual,99.0,33.0
864,VIDEO,214.0,843.0,47.0,60.0,65.0,1283,manual,100.0,58.0
865,VIDEO,324.0,862.0,47.0,60.0,64.0,1283,manual,100.0,73.0
866,VIDEO,153.0,868.0,47.0,59.0,63.0,1319,manual,99.0,58.0
867,VIDEO,307.0,831.0,47.0,60.0,63.0,1235,manual,100.0,57.0
868,VIDEO,311.0,856.0,46.0,60.0,61.0,1283,manual,100.0,61.0
869,VIDEO,307.0,893.0,47.0,60.0,58.0,1283,manual,100.0,61.0
870,VIDEO,307.0,781.0,47.0,60.0,60.0,1235,manual,100.0,62.0
871,VIDEO,343.0,793.0,47.0,60.0,57.0,1319,manual,100.0,62.0
872,VIDEO,290.0,787.0,46.0,61.0,57.0,1319,manual,100.0,31.0
873,VIDEO,286.0,787.0,47.0,61.0,58.0,1319,manual,100.0,30.0
874,VIDEO,258.0,793.0,47.0,60.0,57.0,1502,manual,100.0,25.0
875,VIDEO,163.0,812.0,46.0,61.0,55.0,1502,manual,100.0,14.0
876,VIDEO,261.0,806.0,46.0,60.0,55.0,1502,manual,100.0,25.0
877,VIDEO,205.0,775.0,47.0,61.0,56.0,1502,manual,98.0,27.0
878,VIDEO,260.0,793.0,47.0,60.0,55.0,1502,manual,100.0,25.0
879,VIDEO,210.0,768.0,46.0,59.0,56.0,1502,manual,100.0,3.0
880,VIDEO,209.0,806.0,47.0,60.0,58.0,1502,manual,100.0,4.0
881,VIDEO,259.0,912.0,47.0,60.0,56.0,1502,manual,100.0,39.0
882,VIDEO,293.0,906.0,48.0,60.0,56.0,1502,manual,100.0,31.0
883,VIDEO,254.0,912.0,47.0,60.0,56.0,1502,manual,100.0,37.0
884,VIDEO,225.0,918.0,47.0,61.0,57.0,1502,manual,100.0,5.0
885,VIDEO,227.0,912.0,47.0,61.0,56.0,1502,manual,100.0,7.0
886,VIDEO,213.0,918.0,47.0,60.0,56.0,1502,manual,100.0,6.0
887,VIDEO,253.0,912.0,48.0,61.0,57.0,1502,manual,100.0,14.0
888,VIDEO,213.0,906.0,48.0,62.0,58.0,1502,manual,100.0,3.0
889,VIDEO,281.0,893.0,48.0,62.0,60.0,1363,manual,100.0,15.0
890,VIDEO,264.0,912.0,48.0,62.0,58.0,1404,manual,100.0,10.0
891,VIDEO,273.0,912.0,48.0,62.0,57.0,1502,manual,100.0,21.0
892,VIDEO,196.0,912.0,48.0,62.0,58.0,1502,manual,100.0,2.0
893,VIDEO,226.0,912.0,48.0,62.0,58.0,1430,manual,100.0,8.0
894,VIDEO,299.0,912.0,47.0,62.0,60.0,1363,manual,100.0,19.0
895,VIDEO,379.0,912.0,47.0,61.0,61.0,1430,manual,100.0,23.0
896,VIDEO,367.0,912.0,47.0,61.0,61.0,1404,manual,100.0,23.0
897,VIDEO,261.0,912.0,47.0,60.0,63.0,1363,manual,100.0,16.0
898,VIDEO,247.0,906.0,47.0,61.0,67.0,1319,manual,100.0,20.0
899,VIDEO,314.0,918.0,47.0,61.0,65.0,1235,manual,100.0,75.0
900,VIDEO,274.0,925.0,47.0,60.0,65.0,1319,manual,99.0,21.0
901,VIDEO,238.0,881.0,47.0,61.0,66.0,1283,manual,100.0,52.0
902,VIDEO,209.0,912.0,46.0,55.0,54.0,1502,manual,100.0,15.0
903,VIDEO,223.0,912.0,48.0,60.0,58.0,1502,manual,100.0,12.0
904,VIDEO,283.0,912.0,48.0,62.0,58.0,1502,manual,100.0,22.0
905,VIDEO,262.0,912.0,47.0,62.0,58.0,1502,manual,100.0,16.0
906,VIDEO,214.0,912.0,47.0,61.0,57.0,1502,manual,100.0,11.0
907,VIDEO,195.0,912.0,48.0,62.0,57.0,1502,manual,100.0,11.0
908,VIDEO,225.0,912.0,48.0,62.0,57.0,1502,manual,100.0,14.0
909,VIDEO,243.0,912.0,48.0,62.0,59.0,1430,manual,100.0,8.0
910,VIDEO,341.0,912.0,48.0,61.0,59.0,1363,manual,100.0,18.0
911,VIDEO,205.0,906.0,48.0,61.0,61.0,1472,manual,100.0,11.0
912,VIDEO,269.0,912.0,48.0,61.0,59.0,1363,manual,100.0,11.0
913,VIDEO,240.0,912.0,47.0,61.0,60.0,1404,manual,100.0,7.0
914,VIDEO,340.0,912.0,48.0,62.0,59.0,1430,manual,100.0,19.0
915,VIDEO,374.0,912.0,47.0,60.0,62.0,1430,manual,100.0,20.0
916,VIDEO,286.0,912.0,47.0,60.0,65.0,1363,manual,100.0,14.0
917,VIDEO,170.0,875.0,47.0,60.0,66.0,1319,manual,98.0,65.0
918,VIDEO,227.0,912.0,47.0,60.0,66.0,1363,manual,99.0,11.0
919,VIDEO,193.0,906.0,47.0,60.0,64.0,1502,manual,99.0,11.0
920,VIDEO,381.0,912.0,47.0,61.0,62.0,1430,manual,100.0,23.0
921,VIDEO,324.0,862.0,48.0,60.0,66.0,1319,manual,100.0,73.0
922,VIDEO,313.0,856.0,47.0,60.0,65.0,1283,manual,100.0,74.0
923,VIDEO,314.0,825.0,48.0,60.0,64.0,1319,manual,99.0,60.0
924,VIDEO,185.0,825.0,47.0,60.0,62.0,1319,manual,98.0,45.0
925,VIDEO,303.0,812.0,47.0,61.0,61.0,1283,manual,100.0,59.0
926,VIDEO,300.0,787.0,47.0,61.0,58.0,1283,manual,100.0,49.0
927,VIDEO,282.0,793.0,47.0,61.0,58.0,1363,manual,100.0,30.0
928,VIDEO,298.0,793.0,47.0,61.0,58.0,1319,manual,100.0,30.0
929,VIDEO,294.0,793.0,46.0,61.0,58.0,1502,manual,99.0,32.0
930,VIDEO,160.0,806.0,47.0,61.0,56.0,1502,manual,100.0,1.0
931,VIDEO,161.0,825.0,47.0,61.0,56.0,1502,manual,100.0,1.0
932,VIDEO,210.0,806.0,46.0,60.0,56.0,1502,manual,100.0,2.0
933,VIDEO,161.0,812.0,46.0,61.0,56.0,1502,manual,100.0,1.0
934,VIDEO,193.0,793.0,47.0,60.0,57.0,1502,manual,100.0,4.0
935,VIDEO,207.0,843.0,47.0,60.0,59.0,1502,manual,100.0,4.0
936,VIDEO,231.0,831.0,47.0,60.0,59.0,1502,manual,100.0,27.0
937,VIDEO,211.0,900.0,47.0,60.0,58.0,1502,manual,100.0,22.0
938,VIDEO,248.0,912.0,47.0,60.0,57.0,1502,manual,100.0,38.0
939,VIDEO,238.0,912.0,47.0,61.0,58.0,1502,manual,100.0,12.0
940,VIDEO,241.0,912.0,47.0,61.0,58.0,1502,manual,100.0,9.0
941,VIDEO,348.0,906.0,48.0,61.0,60.0,1430,manual,100.0,19.0
942,VIDEO,320.0,881.0,48.0,61.0,60.0,1363,manual,100.0,16.0
943,VIDEO,315.0,906.0,47.0,61.0,61.0,1363,manual,100.0,16.0
944,VIDEO,242.0,912.0,47.0,60.0,62.0,1404,manual,100.0,11.0
945,VIDEO,316.0,912.0,48.0,61.0,61.0,1363,manual,100.0,16.0
946,VIDEO,199.0,912.0,47.0,61.0,62.0,1472,manual,100.0,16.0
947,VIDEO,254.0,906.0,47.0,61.0,61.0,1363,manual,100.0,6.0
948,VIDEO,263.0,912.0,47.0,59.0,65.0,1363,manual,100.0,13.0
949,VIDEO,313.0,862.0,47.0,61.0,67.0,1283,manual,100.0,67.0
950,VIDEO,310.0,856.0,47.0,60.0,65.0,1235,manual,100.0,63.0
951,VIDEO,314.0,868.0,47.0,60.0,64.0,1319,manual,100.0,60.0
952,VIDEO,246.0,825.0,47.0,60.0,63.0,1283,manual,100.0,61.0
953,VIDEO,302.0,868.0,47.0,60.0,62.0,1283,manual,99.0,55.0
954,VIDEO,315.0,806.0,47.0,60.0,63.0,1283,manual,100.0,59.0
955,VIDEO,331.0,793.0,47.0,61.0,58.0,1319,manual,100.0,60.0
956,VIDEO,320.0,800.0,46.0,61.0,57.0,1363,manual,100.0,30.0
957,VIDEO,259.0,793.0,46.0,60.0,56.0,1502,manual,100.0,25.0
958,VIDEO,297.0,825.0,47.0,61.0,58.0,1319,manual,100.0,30.0
959,VIDEO,285.0,793.0,47.0,61.0,57.0,1363,manual,100.0,30.0
960,VIDEO,298.0,793.0,47.0,61.0,57.0,1363,manual,100.0,30.0
961,VIDEO,259.0,812.0,46.0,60.0,57.0,1502,manual,100.0,25.0
962,VIDEO,247.0,806.0,47.0,60.0,56.0,1502,manual,100.0,29.0
963,VIDEO,163.0,793.0,47.0,60.0,56.0,1502,manual,100.0,1.0
964,VIDEO,206.0,806.0,47.0,60.0,58.0,1502,manual,100.0,4.0
965,VIDEO,120.0,925.0,46.0,60.0,54.0,1502,manual,100.0,0.0
966,VIDEO,49.0,668.0,44.0,49.0,52.0,300,manual,0.0,2.0
967,VIDEO,48.0,668.0,43.0,47.0,51.0,300,manual,0.0,2.0
968,VIDEO,40.0,668.0,42.0,46.0,49.0,300,manual,0.0,0.0
969,VIDEO,54.0,662.0,42.0,45.0,48.0,300,manual,9.0,0.0
970,VIDEO,346.0,856.0,45.0,60.0,49.0,1472,manual,100.0,0.0
971,VIDEO,224.0,912.0,45.0,61.0,49.0,1502,manual,100.0,0.0
972,VIDEO,341.0,906.0,45.0,62.0,49.0,1472,manual,99.0,0.0
973,VIDEO,293.0,843.0,46.0,62.0,49.0,1363,manual,100.0,0.0
974,VIDEO,306.0,850.0,46.0,62.0,49.0,1430,manual,99.0,0.0
975,VIDEO,219.0,906.0,46.0,63.0,49.0,1502,manual,99.0,2.0
976,VIDEO,276.0,900.0,46.0,62.0,49.0,1404,manual,100.0,0.0
977,VIDEO,294.0,843.0,46.0,63.0,49.0,1404,manual,100.0,0.0
978,VIDEO,307.0,856.0,46.0,62.0,49.0,1430,manual,100.0,0.0
979,VIDEO,216.0,906.0,47.0,63.0,49.0,1502,manual,100.0,0.0
980,VIDEO,289.0,843.0,46.0,63.0,49.0,1404,manual,99.0,0.0
981,VIDEO,348.0,881.0,46.0,63.0,49.0,1472,manual,99.0,0.0
982,VIDEO,224.0,843.0,46.0,63.0,49.0,1502,manual,100.0,0.0
983,VIDEO,329.0,893.0,47.0,63.0,49.0,1430,manual,99.0,0.0
984,VIDEO,211.0,912.0,47.0,63.0,49.0,1502,manual,100.0,0.0
985,VIDEO,333.0,900.0,47.0,63.0,50.0,1472,manual,99.0,0.0
986,VIDEO,293.0,825.0,47.0,63.0,50.0,1404,manual,100.0,0.0
987,VIDEO,350.0,906.0,47.0,64.0,50.0,1472,manual,99.0,0.0
988,VIDEO,293.0,843.0,47.0,62.0,50.0,1404,manual,99.0,0.0
989,VIDEO,335.0,912.0,47.0,63.0,50.0,1472,manual,100.0,1.0
990,VIDEO,276.0,825.0,47.0,63.0,50.0,1404,manual,100.0,0.0
991,VIDEO,219.0,893.0,47.0,61.0,50.0,1502,manual,99.0,2.0
992,VIDEO,281.0,856.0,47.0,64.0,50.0,1404,manual,100.0,0.0
993,VIDEO,294.0,856.0,47.0,63.0,50.0,1404,manual,100.0,0.0
994,VIDEO,168.0,906.0,47.0,64.0,50.0,1502,manual,99.0,1.0
995,VIDEO,294.0,843.0,47.0,63.0,50.0,1404,manual,99.0,0.0
996,VIDEO,219.0,906.0,47.0,64.0,50.0,1502,manual,100.0,4.0
997,VIDEO,294.0,843.0,47.0,63.0,50.0,1404,manual,100.0,0.0
998,VIDEO,331.0,900.0,48.0,63.0,50.0,1430,manual,99.0,0.0
999,VIDEO,215.0,912.0,47.0,64.0,50.0,1502,manual,100.0,0.0
1000,VIDEO,277.0,843.0,47.0,63.0,50.0,1404,manual,100.0,0.0
1001,VIDEO,348.0,925.0,47.0,64.0,50.0,1472,manual,99.0,0.0
1002,VIDEO,39.0,668.0,44.0,47.0,49.0,300,manual,0.0,0.0
1003,VIDEO,39.0,662.0,42.0,46.0,49.0,300,manual,0.0,0.0
