index,power_profile,power_usage,voltage,edge_temperature,junction_temperature,memory_temperature,sclk,performance,gpu_usage,memory_usage
0,VIDEO,39.0,668.0,38.0,41.0,44.0,300,manual,0.0,0.0
1,VIDEO,39.0,668.0,37.0,41.0,44.0,300,manual,0.0,0.0
2,VIDEO,39.0,668.0,37.0,41.0,44.0,300,manual,0.0,0.0
3,VIDEO,39.0,662.0,36.0,40.0,44.0,300,manual,0.0,0.0
4,VIDEO,39.0,662.0,36.0,40.0,43.0,300,manual,0.0,0.0
5,VIDEO,39.0,662.0,36.0,40.0,43.0,300,manual,0.0,0.0
6,VIDEO,39.0,662.0,36.0,40.0,43.0,300,manual,0.0,0.0
7,VIDEO,39.0,668.0,35.0,39.0,43.0,300,manual,0.0,0.0
8,VIDEO,39.0,662.0,35.0,39.0,43.0,300,manual,0.0,0.0
9,VIDEO,39.0,668.0,35.0,39.0,42.0,300,manual,0.0,0.0
10,VIDEO,294.0,893.0,38.0,50.0,45.0,1472,manual,99.0,12.0
11,VIDEO,311.0,881.0,38.0,47.0,45.0,1502,manual,94.0,12.0
12,VIDEO,264.0,881.0,40.0,55.0,47.0,1472,manual,100.0,12.0
13,VIDEO,255.0,881.0,40.0,55.0,47.0,1472,manual,100.0,9.0
14,VIDEO,284.0,893.0,41.0,55.0,47.0,1472,manual,100.0,12.0
15,VIDEO,294.0,881.0,40.0,53.0,47.0,1472,manual,100.0,13.0
16,VIDEO,279.0,881.0,41.0,57.0,48.0,1472,manual,100.0,13.0
17,VIDEO,296.0,918.0,40.0,51.0,47.0,1472,manual,99.0,13.0
18,VIDEO,311.0,881.0,41.0,57.0,47.0,1472,manual,100.0,11.0
19,VIDEO,282.0,912.0,42.0,58.0,48.0,1472,manual,100.0,11.0
20,VIDEO,280.0,881.0,42.0,58.0,48.0,1472,manual,100.0,12.0
21,VIDEO,282.0,893.0,42.0,57.0,49.0,1472,manual,100.0,13.0
22,VIDEO,270.0,925.0,42.0,58.0,48.0,1472,manual,100.0,13.0
23,VIDEO,279.0,881.0,42.0,58.0,49.0,1472,manual,100.0,13.0
24,VIDEO,299.0,893.0,42.0,57.0,49.0,1472,manual,100.0,12.0
25,VIDEO,287.0,893.0,42.0,58.0,49.0,1472,manual,100.0,13.0
26,VIDEO,309.0,893.0,42.0,57.0,49.0,1430,manual,100.0,13.0
27,VIDEO,310.0,856.0,43.0,58.0,50.0,1472,manual,100.0,11.0
28,VIDEO,301.0,906.0,43.0,58.0,50.0,1472,manual,100.0,10.0
29,VIDEO,285.0,856.0,42.0,54.0,48.0,1430,manual,100.0,10.0
30,VIDEO,268.0,875.0,43.0,58.0,50.0,1472,manual,100.0,9.0
31,VIDEO,303.0,906.0,43.0,59.0,49.0,1430,manual,99.0,10.0
32,VIDEO,273.0,881.0,43.0,57.0,49.0,1472,manual,99.0,11.0
33,VIDEO,269.0,893.0,44.0,59.0,50.0,1430,manual,100.0,13.0
34,VIDEO,322.0,881.0,43.0,59.0,50.0,1430,manual,100.0,14.0
35,VIDEO,222.0,875.0,44.0,59.0,50.0,1502,manual,100.0,8.0
36,VIDEO,43.0,887.0,43.0,55.0,49.0,300,manual,0.0,0.0
37,VIDEO,289.0,893.0,44.0,59.0,50.0,1430,manual,99.0,10.0
38,VIDEO,43.0,906.0,44.0,58.0,50.0,300,manual,0.0,0.0
39,VIDEO,307.0,881.0,43.0,59.0,50.0,1472,manual,100.0,13.0
40,VIDEO,271.0,912.0,44.0,60.0,51.0,1430,manual,100.0,11.0
41,VIDEO,263.0,881.0,44.0,59.0,49.0,1472,manual,100.0,12.0
42,VIDEO,303.0,875.0,44.0,60.0,51.0,1430,manual,100.0,11.0
43,VIDEO,291.0,906.0,44.0,61.0,51.0,1472,manual,100.0,10.0
44,VIDEO,289.0,881.0,45.0,60.0,51.0,1472,manual,100.0,12.0
45,VIDEO,262.0,893.0,44.0,60.0,50.0,1472,manual,100.0,12.0
46,VIDEO,44.0,881.0,44.0,60.0,51.0,300,manual,1.0,0.0
47,VIDEO,287.0,900.0,45.0,60.0,50.0,1430,manual,100.0,13.0
48,VIDEO,275.0,856.0,45.0,61.0,50.0,1472,manual,100.0,10.0
49,VIDEO,283.0,881.0,45.0,60.0,51.0,1472,manual,100.0,11.0
50,VIDEO,280.0,881.0,45.0,60.0,51.0,1472,manual,100.0,9.0
51,VIDEO,248.0,856.0,45.0,61.0,51.0,1472,manual,100.0,11.0
52,VIDEO,303.0,881.0,45.0,61.0,52.0,1472,manual,100.0,14.0
53,VIDEO,280.0,906.0,45.0,61.0,52.0,1472,manual,100.0,12.0
54,VIDEO,278.0,881.0,45.0,60.0,50.0,1472,manual,99.0,11.0
55,VIDEO,292.0,662.0,45.0,61.0,52.0,1430,manual,100.0,13.0
56,VIDEO,256.0,856.0,45.0,61.0,51.0,1502,manual,100.0,12.0
57,VIDEO,320.0,881.0,45.0,61.0,52.0,1472,manual,100.0,13.0
58,VIDEO,299.0,900.0,45.0,59.0,51.0,1472,manual,100.0,11.0
59,VIDEO,334.0,881.0,45.0,61.0,52.0,1430,manual,100.0,12.0
60,VIDEO,285.0,881.0,45.0,61.0,52.0,1472,manual,100.0,10.0
61,VIDEO,338.0,887.0,45.0,61.0,52.0,1430,manual,100.0,11.0
62,VIDEO,267.0,887.0,44.0,55.0,51.0,1472,manual,99.0,10.0
63,VIDEO,334.0,881.0,46.0,61.0,52.0,1472,manual,100.0,12.0
64,VIDEO,295.0,862.0,46.0,60.0,52.0,1472,manual,100.0,10.0
65,VIDEO,304.0,893.0,46.0,61.0,52.0,1472,manual,100.0,11.0
66,VIDEO,290.0,906.0,46.0,62.0,52.0,1472,manual,100.0,11.0
67,VIDEO,308.0,893.0,46.0,61.0,52.0,1472,manual,100.0,13.0
68,VIDEO,289.0,668.0,46.0,62.0,52.0,1472,manual,100.0,10.0
69,VIDEO,271.0,881.0,46.0,61.0,52.0,1430,manual,100.0,12.0
70,VIDEO,283.0,850.0,46.0,62.0,52.0,1472,manual,100.0,9.0
71,VIDEO,334.0,881.0,46.0,61.0,52.0,1472,manual,100.0,12.0
72,VIDEO,295.0,900.0,46.0,62.0,53.0,1472,manual,100.0,14.0
73,VIDEO,290.0,881.0,46.0,62.0,52.0,1472,manual,100.0,10.0
74,VIDEO,44.0,881.0,46.0,58.0,51.0,300,manual,0.0,0.0
75,VIDEO,308.0,887.0,46.0,62.0,53.0,1472,manual,100.0,11.0
76,VIDEO,291.0,893.0,46.0,62.0,53.0,1472,manual,100.0,11.0
77,VIDEO,44.0,881.0,46.0,60.0,52.0,300,manual,0.0,0.0
78,VIDEO,225.0,881.0,46.0,63.0,53.0,1472,manual,100.0,11.0
79,VIDEO,78.0,931.0,45.0,56.0,50.0,300,manual,40.0,2.0
80,VIDEO,287.0,881.0,45.0,56.0,52.0,1472,manual,99.0,11.0
81,VIDEO,328.0,893.0,47.0,62.0,52.0,1430,manual,100.0,13.0
82,VIDEO,252.0,893.0,46.0,62.0,53.0,1472,manual,100.0,13.0
83,VIDEO,269.0,850.0,47.0,62.0,53.0,1472,manual,100.0,13.0
84,VIDEO,292.0,862.0,47.0,61.0,53.0,1430,manual,100.0,13.0
85,VIDEO,294.0,893.0,47.0,62.0,53.0,1472,manual,100.0,9.0
86,VIDEO,290.0,900.0,47.0,63.0,53.0,1472,manual,100.0,11.0
87,VIDEO,283.0,925.0,48.0,63.0,53.0,1472,manual,100.0,12.0
88,VIDEO,276.0,893.0,47.0,62.0,53.0,1472,manual,100.0,14.0
89,VIDEO,270.0,850.0,47.0,61.0,53.0,1430,manual,100.0,9.0
90,VIDEO,331.0,881.0,47.0,62.0,53.0,1472,manual,100.0,11.0
91,VIDEO,310.0,881.0,47.0,62.0,53.0,1472,manual,100.0,13.0
92,VIDEO,292.0,875.0,47.0,62.0,53.0,1472,manual,99.0,14.0
93,VIDEO,334.0,893.0,47.0,62.0,53.0,1472,manual,100.0,12.0
94,VIDEO,272.0,875.0,47.0,61.0,53.0,1430,manual,100.0,14.0
95,VIDEO,319.0,906.0,47.0,63.0,53.0,1472,manual,100.0,13.0
96,VIDEO,293.0,881.0,47.0,62.0,53.0,1472,manual,100.0,11.0
97,VIDEO,304.0,881.0,47.0,62.0,53.0,1430,manual,100.0,14.0
98,VIDEO,294.0,881.0,47.0,61.0,53.0,1472,manual,100.0,11.0
99,VIDEO,270.0,881.0,47.0,62.0,53.0,1430,manual,100.0,13.0
100,VIDEO,285.0,881.0,47.0,59.0,52.0,1472,manual,100.0,11.0
101,VIDEO,262.0,881.0,47.0,59.0,53.0,1472,manual,100.0,13.0
102,VIDEO,280.0,881.0,47.0,63.0,54.0,1472,manual,100.0,12.0
103,VIDEO,310.0,668.0,47.0,63.0,54.0,1430,manual,100.0,11.0
104,VIDEO,278.0,906.0,47.0,63.0,53.0,1430,manual,100.0,14.0
105,VIDEO,274.0,875.0,47.0,63.0,53.0,1472,manual,100.0,8.0
106,VIDEO,306.0,893.0,48.0,63.0,54.0,1472,manual,99.0,11.0
107,VIDEO,269.0,881.0,47.0,62.0,53.0,1472,manual,100.0,12.0
108,VIDEO,263.0,850.0,48.0,63.0,53.0,1430,manual,100.0,10.0
109,VIDEO,292.0,881.0,48.0,63.0,54.0,1430,manual,100.0,14.0
110,VIDEO,291.0,856.0,48.0,63.0,54.0,1472,manual,100.0,11.0
111,VIDEO,275.0,856.0,48.0,63.0,54.0,1430,manual,100.0,9.0
112,VIDEO,277.0,906.0,48.0,63.0,53.0,1430,manual,100.0,13.0
113,VIDEO,269.0,850.0,48.0,63.0,54.0,1472,manual,100.0,11.0
114,VIDEO,107.0,881.0,47.0,57.0,52.0,1502,manual,46.0,1.0
115,VIDEO,266.0,881.0,47.0,63.0,54.0,1472,manual,100.0,11.0
116,VIDEO,294.0,887.0,47.0,63.0,54.0,1472,manual,100.0,11.0
117,VIDEO,288.0,881.0,48.0,63.0,54.0,1472,manual,100.0,12.0
118,VIDEO,298.0,887.0,47.0,56.0,52.0,1502,manual,67.0,11.0
119,VIDEO,285.0,881.0,48.0,63.0,54.0,1472,manual,99.0,11.0
120,VIDEO,309.0,843.0,48.0,64.0,53.0,1430,manual,99.0,13.0
121,VIDEO,261.0,850.0,48.0,64.0,53.0,1430,manual,100.0,10.0
122,VIDEO,272.0,906.0,48.0,63.0,53.0,1472,manual,100.0,12.0
123,VIDEO,326.0,881.0,48.0,63.0,54.0,1430,manual,100.0,13.0
124,VIDEO,44.0,875.0,48.0,63.0,53.0,300,manual,0.0,0.0
125,VIDEO,298.0,906.0,48.0,63.0,53.0,1472,manual,100.0,12.0
126,VIDEO,306.0,881.0,48.0,61.0,54.0,1430,manual,100.0,11.0
127,VIDEO,288.0,881.0,48.0,64.0,54.0,1472,manual,100.0,11.0
128,VIDEO,290.0,881.0,48.0,60.0,52.0,1472,manual,100.0,11.0
129,VIDEO,263.0,893.0,48.0,63.0,53.0,1472,manual,100.0,12.0
130,VIDEO,272.0,881.0,49.0,64.0,53.0,1472,manual,100.0,13.0
131,VIDEO,280.0,881.0,48.0,64.0,53.0,1472,manual,100.0,11.0
132,VIDEO,296.0,881.0,48.0,62.0,54.0,1472,manual,100.0,14.0
133,VIDEO,270.0,893.0,48.0,64.0,54.0,1472,manual,100.0,11.0
134,VIDEO,305.0,881.0,47.0,58.0,53.0,1472,manual,99.0,14.0
135,VIDEO,270.0,887.0,48.0,64.0,54.0,1472,manual,100.0,11.0
136,VIDEO,269.0,881.0,48.0,62.0,54.0,1472,manual,100.0,13.0
137,VIDEO,309.0,856.0,48.0,61.0,54.0,1430,manual,100.0,13.0
138,VIDEO,269.0,906.0,48.0,63.0,54.0,1472,manual,100.0,11.0
139,VIDEO,301.0,881.0,46.0,56.0,53.0,1502,manual,98.0,11.0
140,VIDEO,279.0,925.0,48.0,63.0,54.0,1430,manual,100.0,9.0
141,VIDEO,298.0,881.0,48.0,64.0,54.0,1472,manual,100.0,13.0
142,VIDEO,334.0,881.0,48.0,64.0,54.0,1472,manual,100.0,11.0
143,VIDEO,283.0,662.0,49.0,64.0,54.0,1472,manual,100.0,12.0
144,VIDEO,283.0,862.0,48.0,63.0,53.0,1430,manual,100.0,10.0
145,VIDEO,335.0,881.0,48.0,64.0,54.0,1430,manual,100.0,13.0
146,VIDEO,325.0,881.0,48.0,62.0,54.0,1430,manual,99.0,13.0
147,VIDEO,321.0,668.0,48.0,64.0,54.0,1430,manual,99.0,12.0
148,VIDEO,272.0,887.0,49.0,64.0,53.0,1430,manual,100.0,11.0
149,VIDEO,320.0,893.0,48.0,62.0,53.0,1472,manual,100.0,12.0
150,VIDEO,334.0,906.0,48.0,64.0,53.0,1430,manual,100.0,13.0
151,VIDEO,265.0,868.0,48.0,64.0,54.0,1472,manual,100.0,11.0
152,VIDEO,318.0,881.0,49.0,64.0,54.0,1430,manual,100.0,12.0
153,VIDEO,309.0,906.0,49.0,64.0,53.0,1430,manual,100.0,14.0
154,VIDEO,263.0,887.0,49.0,64.0,54.0,1472,manual,100.0,10.0
155,VIDEO,325.0,881.0,49.0,63.0,54.0,1472,manual,100.0,12.0
156,VIDEO,287.0,881.0,49.0,64.0,55.0,1472,manual,100.0,13.0
157,VIDEO,286.0,875.0,48.0,60.0,54.0,1472,manual,100.0,12.0
158,VIDEO,284.0,881.0,48.0,64.0,54.0,1430,manual,100.0,11.0
159,VIDEO,276.0,881.0,48.0,60.0,54.0,1472,manual,100.0,11.0
160,VIDEO,289.0,887.0,48.0,63.0,54.0,1472,manual,100.0,11.0
161,VIDEO,328.0,881.0,48.0,63.0,54.0,1430,manual,100.0,12.0
162,VIDEO,301.0,881.0,49.0,64.0,54.0,1472,manual,100.0,12.0
163,VIDEO,284.0,881.0,49.0,64.0,55.0,1472,manual,100.0,11.0
164,VIDEO,259.0,881.0,49.0,64.0,55.0,1502,manual,92.0,11.0
165,VIDEO,285.0,862.0,47.0,58.0,53.0,1472,manual,99.0,11.0
166,VIDEO,287.0,893.0,48.0,63.0,54.0,1472,manual,99.0,10.0
167,VIDEO,264.0,881.0,48.0,62.0,54.0,1472,manual,100.0,11.0
168,VIDEO,337.0,881.0,48.0,64.0,55.0,1472,manual,99.0,14.0
169,VIDEO,278.0,881.0,48.0,59.0,54.0,1472,manual,99.0,11.0
170,VIDEO,275.0,868.0,49.0,64.0,55.0,1430,manual,100.0,10.0
171,VIDEO,308.0,881.0,48.0,62.0,53.0,1472,manual,100.0,14.0
172,VIDEO,282.0,881.0,49.0,64.0,55.0,1472,manual,100.0,11.0
173,VIDEO,292.0,856.0,49.0,64.0,54.0,1430,manual,100.0,13.0
174,VIDEO,265.0,856.0,49.0,65.0,55.0,1472,manual,100.0,11.0
175,VIDEO,328.0,881.0,49.0,62.0,54.0,1430,manual,100.0,13.0
176,VIDEO,309.0,881.0,49.0,64.0,54.0,1472,manual,100.0,14.0
177,VIDEO,282.0,881.0,49.0,63.0,54.0,1430,manual,100.0,11.0
178,VIDEO,66.0,868.0,49.0,64.0,54.0,1502,manual,5.0,0.0
179,VIDEO,236.0,862.0,49.0,64.0,55.0,1472,manual,100.0,8.0
180,VIDEO,233.0,862.0,48.0,64.0,55.0,1472,manual,100.0,8.0
181,VIDEO,290.0,881.0,49.0,64.0,55.0,1472,manual,100.0,10.0
182,VIDEO,284.0,862.0,49.0,64.0,55.0,1502,manual,99.0,12.0
183,VIDEO,320.0,881.0,48.0,60.0,53.0,1472,manual,100.0,12.0
184,VIDEO,304.0,881.0,49.0,64.0,54.0,1430,manual,100.0,12.0
185,VIDEO,306.0,900.0,49.0,65.0,55.0,1472,manual,99.0,14.0
186,VIDEO,294.0,887.0,49.0,64.0,55.0,1472,manual,100.0,14.0
187,VIDEO,213.0,862.0,49.0,65.0,55.0,1472,manual,100.0,10.0
188,VIDEO,321.0,881.0,49.0,64.0,55.0,1472,manual,100.0,12.0
189,VIDEO,279.0,868.0,48.0,60.0,53.0,1472,manual,100.0,13.0
190,VIDEO,307.0,881.0,49.0,64.0,55.0,1472,manual,100.0,13.0
191,VIDEO,264.0,900.0,49.0,65.0,55.0,1472,manual,99.0,10.0
192,VIDEO,287.0,881.0,49.0,65.0,55.0,1472,manual,100.0,12.0
193,VIDEO,289.0,856.0,49.0,64.0,54.0,1472,manual,100.0,9.0
194,VIDEO,274.0,875.0,49.0,64.0,55.0,1472,manual,100.0,11.0
195,VIDEO,302.0,881.0,48.0,63.0,54.0,1430,manual,100.0,12.0
196,VIDEO,218.0,856.0,49.0,64.0,55.0,1502,manual,100.0,8.0
197,VIDEO,323.0,881.0,49.0,63.0,55.0,1430,manual,100.0,11.0
198,VIDEO,44.0,881.0,49.0,65.0,55.0,300,manual,0.0,0.0
199,VIDEO,298.0,875.0,49.0,64.0,55.0,1472,manual,100.0,13.0
200,VIDEO,309.0,862.0,49.0,64.0,55.0,1472,manual,100.0,13.0
201,VIDEO,306.0,881.0,49.0,64.0,55.0,1430,manual,100.0,13.0
202,VIDEO,297.0,887.0,48.0,57.0,54.0,1502,manual,91.0,10.0
203,VIDEO,44.0,662.0,47.0,53.0,52.0,300,manual,0.0,0.0
