index,power_profile,power_usage,voltage,edge_temperature,junction_temperature,memory_temperature,sclk,performance,gpu_usage,memory_usage
0,VIDEO,39.0,662.0,35.0,39.0,41.0,300,manual,0.0,0.0
1,VIDEO,39.0,662.0,34.0,39.0,41.0,300,manual,0.0,0.0
2,VIDEO,39.0,662.0,34.0,38.0,41.0,300,manual,0.0,0.0
3,VIDEO,39.0,668.0,34.0,38.0,42.0,300,manual,0.0,0.0
4,VIDEO,39.0,668.0,34.0,38.0,41.0,300,manual,0.0,0.0
5,VIDEO,38.0,662.0,34.0,38.0,41.0,300,manual,0.0,0.0
6,VIDEO,39.0,668.0,34.0,37.0,40.0,300,manual,0.0,0.0
7,VIDEO,39.0,668.0,33.0,37.0,41.0,300,manual,0.0,0.0
8,VIDEO,39.0,662.0,33.0,37.0,40.0,300,manual,0.0,0.0
9,VIDEO,39.0,662.0,33.0,37.0,40.0,300,manual,0.0,0.0
10,VIDEO,39.0,662.0,33.0,37.0,40.0,300,manual,0.0,0.0
11,VIDEO,38.0,668.0,32.0,36.0,39.0,300,manual,0.0,0.0
12,VIDEO,37.0,668.0,32.0,36.0,39.0,300,manual,0.0,0.0
13,VIDEO,38.0,668.0,32.0,36.0,39.0,300,manual,0.0,0.0
14,VIDEO,37.0,662.0,32.0,36.0,39.0,300,manual,0.0,0.0
15,VIDEO,37.0,662.0,32.0,36.0,40.0,300,manual,0.0,0.0
16,VIDEO,37.0,675.0,32.0,36.0,40.0,300,manual,0.0,0.0
17,VIDEO,38.0,662.0,31.0,35.0,38.0,300,manual,0.0,0.0
18,VIDEO,38.0,662.0,31.0,35.0,38.0,300,manual,0.0,0.0
19,VIDEO,38.0,668.0,31.0,35.0,38.0,300,manual,0.0,0.0
20,VIDEO,37.0,662.0,31.0,35.0,38.0,300,manual,0.0,0.0
21,VIDEO,36.0,668.0,31.0,34.0,38.0,300,manual,0.0,0.0
22,VIDEO,37.0,662.0,31.0,34.0,38.0,300,manual,0.0,0.0
23,VIDEO,36.0,662.0,31.0,34.0,38.0,300,manual,0.0,0.0
24,VIDEO,38.0,662.0,31.0,34.0,37.0,300,manual,0.0,0.0
25,VIDEO,37.0,662.0,30.0,34.0,37.0,300,manual,0.0,0.0
26,VIDEO,36.0,668.0,30.0,34.0,37.0,300,manual,0.0,0.0
27,VIDEO,37.0,668.0,30.0,33.0,37.0,300,manual,0.0,0.0
28,VIDEO,37.0,662.0,29.0,33.0,37.0,300,manual,0.0,0.0
29,VIDEO,36.0,662.0,30.0,33.0,37.0,300,manual,0.0,0.0
30,VIDEO,37.0,662.0,30.0,33.0,38.0,300,manual,0.0,0.0
31,VIDEO,37.0,662.0,29.0,33.0,38.0,300,manual,0.0,0.0
32,VIDEO,36.0,668.0,29.0,33.0,36.0,300,manual,0.0,0.0
33,VIDEO,36.0,662.0,29.0,33.0,36.0,300,manual,0.0,0.0
34,VIDEO,35.0,668.0,29.0,33.0,36.0,300,manual,0.0,0.0
35,VIDEO,36.0,662.0,29.0,33.0,36.0,300,manual,0.0,0.0
36,VIDEO,35.0,662.0,29.0,33.0,36.0,300,manual,0.0,0.0
37,VIDEO,35.0,668.0,29.0,33.0,36.0,300,manual,0.0,0.0
38,VIDEO,37.0,668.0,29.0,32.0,36.0,300,manual,0.0,0.0
39,VIDEO,36.0,668.0,29.0,32.0,35.0,300,manual,0.0,0.0
40,VIDEO,35.0,662.0,28.0,32.0,35.0,300,manual,0.0,0.0
41,VIDEO,35.0,662.0,28.0,32.0,35.0,300,manual,0.0,0.0
42,VIDEO,35.0,662.0,28.0,32.0,35.0,300,manual,0.0,0.0
43,VIDEO,35.0,668.0,28.0,32.0,35.0,300,manual,0.0,0.0
44,VIDEO,36.0,668.0,28.0,32.0,35.0,300,manual,0.0,0.0
45,VIDEO,36.0,662.0,27.0,32.0,35.0,300,manual,0.0,0.0
46,VIDEO,35.0,662.0,28.0,31.0,35.0,300,manual,0.0,0.0
47,VIDEO,36.0,662.0,28.0,32.0,35.0,300,manual,0.0,0.0
48,VIDEO,35.0,656.0,28.0,32.0,36.0,300,manual,0.0,0.0
49,VIDEO,35.0,668.0,27.0,31.0,35.0,300,manual,0.0,0.0
50,VIDEO,35.0,662.0,27.0,32.0,36.0,300,manual,0.0,0.0
51,VIDEO,38.0,668.0,27.0,31.0,34.0,300,manual,0.0,0.0
52,VIDEO,38.0,662.0,27.0,31.0,34.0,300,manual,0.0,0.0
53,VIDEO,38.0,662.0,27.0,31.0,34.0,300,manual,0.0,0.0
54,VIDEO,36.0,662.0,27.0,31.0,34.0,300,manual,0.0,0.0
55,VIDEO,37.0,668.0,27.0,31.0,34.0,300,manual,0.0,0.0
56,VIDEO,55.0,675.0,26.0,31.0,34.0,300,manual,1.0,0.0
57,VIDEO,37.0,662.0,27.0,31.0,34.0,300,manual,0.0,0.0
58,VIDEO,36.0,668.0,27.0,31.0,34.0,300,manual,0.0,0.0
59,VIDEO,37.0,662.0,27.0,31.0,34.0,300,manual,0.0,0.0
60,VIDEO,36.0,662.0,27.0,30.0,34.0,300,manual,0.0,0.0
61,VIDEO,37.0,668.0,26.0,31.0,34.0,300,manual,0.0,0.0
62,VIDEO,38.0,662.0,26.0,31.0,34.0,300,manual,0.0,0.0
63,VIDEO,37.0,662.0,26.0,30.0,34.0,300,manual,0.0,0.0
64,VIDEO,37.0,668.0,26.0,30.0,35.0,300,manual,0.0,0.0
65,VIDEO,37.0,668.0,26.0,30.0,33.0,300,manual,0.0,0.0
66,VIDEO,37.0,662.0,26.0,30.0,34.0,300,manual,0.0,0.0
67,VIDEO,36.0,662.0,26.0,30.0,33.0,300,manual,0.0,0.0
68,VIDEO,37.0,662.0,26.0,30.0,34.0,300,manual,0.0,0.0
69,VIDEO,38.0,662.0,26.0,30.0,33.0,300,manual,0.0,0.0
70,VIDEO,38.0,662.0,26.0,29.0,33.0,300,manual,0.0,0.0
71,VIDEO,37.0,668.0,25.0,29.0,33.0,300,manual,0.0,0.0
72,VIDEO,37.0,662.0,26.0,30.0,33.0,300,manual,0.0,0.0
73,VIDEO,37.0,662.0,26.0,29.0,33.0,300,manual,0.0,0.0
74,VIDEO,38.0,662.0,25.0,30.0,33.0,300,manual,0.0,0.0
75,VIDEO,37.0,662.0,25.0,29.0,33.0,300,manual,0.0,0.0
76,VIDEO,36.0,662.0,25.0,30.0,33.0,300,manual,0.0,0.0
77,VIDEO,36.0,668.0,26.0,29.0,33.0,300,manual,0.0,0.0
78,VIDEO,36.0,662.0,25.0,29.0,33.0,300,manual,0.0,0.0
79,VIDEO,36.0,668.0,25.0,29.0,34.0,300,manual,0.0,0.0
80,VIDEO,37.0,662.0,25.0,29.0,33.0,300,manual,0.0,0.0
81,VIDEO,36.0,662.0,25.0,29.0,33.0,300,manual,0.0,0.0
82,VIDEO,36.0,662.0,25.0,29.0,32.0,300,manual,0.0,0.0
83,VIDEO,36.0,662.0,25.0,29.0,32.0,300,manual,0.0,0.0
84,VIDEO,37.0,662.0,25.0,29.0,32.0,300,manual,0.0,0.0
85,VIDEO,36.0,668.0,25.0,29.0,32.0,300,manual,0.0,0.0
86,VIDEO,37.0,662.0,24.0,29.0,32.0,300,manual,0.0,0.0
87,VIDEO,37.0,668.0,25.0,28.0,32.0,300,manual,0.0,0.0
88,VIDEO,36.0,662.0,24.0,29.0,32.0,300,manual,0.0,0.0
89,VIDEO,37.0,662.0,24.0,29.0,32.0,300,manual,0.0,0.0
90,VIDEO,36.0,662.0,25.0,29.0,33.0,300,manual,0.0,0.0
91,VIDEO,37.0,668.0,25.0,29.0,33.0,300,manual,0.0,0.0
92,VIDEO,39.0,662.0,25.0,29.0,33.0,300,manual,0.0,0.0
93,VIDEO,37.0,662.0,25.0,29.0,33.0,300,manual,0.0,0.0
94,VIDEO,35.0,668.0,25.0,29.0,33.0,300,manual,0.0,0.0
95,VIDEO,36.0,668.0,25.0,29.0,32.0,300,manual,0.0,0.0
96,VIDEO,35.0,662.0,25.0,29.0,32.0,300,manual,0.0,0.0
97,VIDEO,36.0,668.0,25.0,29.0,32.0,300,manual,0.0,0.0
98,VIDEO,37.0,662.0,25.0,29.0,33.0,300,manual,0.0,0.0
99,VIDEO,37.0,668.0,25.0,29.0,33.0,300,manual,0.0,0.0
100,VIDEO,37.0,662.0,25.0,29.0,33.0,300,manual,3.0,0.0
101,VIDEO,39.0,875.0,25.0,29.0,33.0,300,manual,1.0,0.0
102,VIDEO,286.0,662.0,25.0,29.0,33.0,1502,manual,66.0,17.0
103,VIDEO,38.0,668.0,25.0,29.0,34.0,300,manual,0.0,0.0
104,VIDEO,38.0,662.0,25.0,28.0,34.0,300,manual,0.0,0.0
105,VIDEO,36.0,675.0,24.0,29.0,33.0,300,manual,0.0,0.0
106,VIDEO,38.0,668.0,24.0,28.0,33.0,300,manual,0.0,0.0
107,VIDEO,316.0,893.0,25.0,31.0,35.0,1502,manual,74.0,30.0
108,VIDEO,304.0,881.0,27.0,34.0,38.0,1472,manual,95.0,38.0
109,VIDEO,204.0,918.0,27.0,33.0,37.0,1502,manual,92.0,43.0
110,VIDEO,35.0,906.0,27.0,31.0,35.0,300,manual,0.0,0.0
111,VIDEO,38.0,893.0,27.0,31.0,35.0,300,manual,0.0,0.0
112,VIDEO,290.0,893.0,30.0,43.0,44.0,1472,manual,100.0,55.0
113,VIDEO,272.0,893.0,29.0,40.0,43.0,1502,manual,100.0,41.0
114,VIDEO,296.0,900.0,29.0,39.0,42.0,1502,manual,94.0,51.0
115,VIDEO,39.0,662.0,30.0,36.0,40.0,300,manual,0.0,0.0
116,VIDEO,39.0,668.0,30.0,37.0,40.0,300,manual,0.0,0.0
117,VIDEO,39.0,662.0,31.0,43.0,45.0,300,manual,5.0,0.0
118,VIDEO,299.0,662.0,31.0,43.0,44.0,1430,manual,100.0,46.0
119,VIDEO,213.0,881.0,31.0,41.0,44.0,1472,manual,100.0,52.0
120,VIDEO,273.0,893.0,30.0,40.0,42.0,1502,manual,99.0,48.0
121,VIDEO,306.0,912.0,30.0,39.0,42.0,1472,manual,97.0,28.0
122,VIDEO,208.0,912.0,30.0,38.0,41.0,1502,manual,89.0,34.0
123,VIDEO,244.0,906.0,29.0,34.0,39.0,1502,manual,86.0,46.0
124,VIDEO,39.0,875.0,29.0,33.0,38.0,300,manual,0.0,0.0
125,VIDEO,39.0,893.0,29.0,34.0,38.0,300,manual,0.0,0.0
126,VIDEO,39.0,668.0,30.0,34.0,39.0,300,manual,0.0,0.0
127,VIDEO,38.0,662.0,30.0,35.0,39.0,300,manual,0.0,0.0
128,VIDEO,39.0,662.0,30.0,36.0,40.0,300,manual,0.0,0.0
129,VIDEO,39.0,662.0,31.0,37.0,41.0,300,manual,0.0,0.0
130,VIDEO,39.0,662.0,31.0,42.0,43.0,300,manual,0.0,0.0
131,VIDEO,270.0,662.0,32.0,44.0,46.0,1430,manual,100.0,22.0
132,VIDEO,294.0,662.0,32.0,44.0,46.0,1472,manual,100.0,33.0
133,VIDEO,239.0,912.0,32.0,43.0,45.0,1502,manual,100.0,40.0
134,VIDEO,38.0,662.0,31.0,36.0,40.0,300,manual,0.0,0.0
135,VIDEO,39.0,668.0,31.0,36.0,41.0,300,manual,0.0,0.0
136,VIDEO,39.0,662.0,31.0,37.0,41.0,300,manual,0.0,0.0
137,VIDEO,39.0,662.0,32.0,38.0,42.0,300,manual,0.0,0.0
138,VIDEO,39.0,668.0,32.0,41.0,43.0,300,manual,0.0,0.0
139,VIDEO,191.0,668.0,33.0,45.0,47.0,1502,manual,74.0,12.0
140,VIDEO,299.0,662.0,33.0,44.0,46.0,1472,manual,100.0,39.0
141,VIDEO,282.0,662.0,32.0,44.0,46.0,1430,manual,100.0,48.0
142,VIDEO,292.0,912.0,32.0,43.0,45.0,1472,manual,100.0,40.0
143,VIDEO,333.0,893.0,32.0,43.0,44.0,1430,manual,99.0,38.0
144,VIDEO,212.0,893.0,32.0,41.0,44.0,1502,manual,90.0,41.0
145,VIDEO,260.0,925.0,32.0,39.0,43.0,1502,manual,87.0,25.0
146,VIDEO,288.0,906.0,31.0,35.0,41.0,1502,manual,91.0,29.0
147,VIDEO,103.0,893.0,31.0,35.0,39.0,1502,manual,44.0,10.0
148,VIDEO,39.0,912.0,31.0,35.0,40.0,300,manual,0.0,0.0
149,VIDEO,38.0,906.0,31.0,35.0,40.0,300,manual,0.0,0.0
150,VIDEO,39.0,668.0,31.0,36.0,41.0,300,manual,0.0,0.0
151,VIDEO,39.0,662.0,32.0,37.0,40.0,300,manual,0.0,0.0
152,VIDEO,322.0,881.0,33.0,46.0,46.0,1472,manual,96.0,37.0
153,VIDEO,315.0,906.0,32.0,39.0,43.0,1472,manual,90.0,31.0
154,VIDEO,315.0,912.0,31.0,36.0,40.0,1502,manual,93.0,45.0
155,VIDEO,292.0,662.0,35.0,47.0,49.0,1430,manual,100.0,33.0
156,VIDEO,351.0,662.0,33.0,46.0,47.0,1430,manual,100.0,37.0
157,VIDEO,288.0,900.0,33.0,45.0,47.0,1502,manual,100.0,50.0
158,VIDEO,339.0,875.0,33.0,43.0,45.0,1472,manual,100.0,38.0
159,VIDEO,312.0,906.0,33.0,43.0,45.0,1472,manual,96.0,46.0
160,VIDEO,274.0,900.0,33.0,41.0,44.0,1502,manual,88.0,32.0
161,VIDEO,210.0,900.0,32.0,39.0,43.0,1502,manual,86.0,39.0
162,VIDEO,316.0,900.0,32.0,36.0,40.0,1502,manual,83.0,37.0
163,VIDEO,253.0,662.0,35.0,48.0,49.0,1430,manual,100.0,40.0
164,VIDEO,261.0,906.0,34.0,45.0,46.0,1472,manual,100.0,54.0
165,VIDEO,261.0,906.0,34.0,45.0,47.0,1502,manual,100.0,44.0
166,VIDEO,39.0,662.0,33.0,38.0,42.0,300,manual,0.0,0.0
167,VIDEO,39.0,662.0,33.0,39.0,43.0,300,manual,0.0,0.0
168,VIDEO,39.0,662.0,34.0,40.0,44.0,300,manual,0.0,0.0
169,VIDEO,39.0,662.0,34.0,43.0,45.0,300,manual,0.0,0.0
170,VIDEO,267.0,875.0,34.0,47.0,49.0,1472,manual,100.0,54.0
171,VIDEO,253.0,662.0,35.0,49.0,49.0,1472,manual,100.0,39.0
172,VIDEO,288.0,918.0,35.0,46.0,48.0,1472,manual,100.0,43.0
173,VIDEO,38.0,662.0,34.0,39.0,43.0,300,manual,0.0,0.0
174,VIDEO,39.0,662.0,33.0,38.0,43.0,300,manual,0.0,0.0
175,VIDEO,39.0,662.0,34.0,39.0,43.0,300,manual,0.0,0.0
176,VIDEO,319.0,893.0,35.0,48.0,48.0,1472,manual,93.0,36.0
177,VIDEO,247.0,881.0,34.0,40.0,45.0,1502,manual,82.0,38.0
178,VIDEO,234.0,906.0,33.0,38.0,42.0,1502,manual,85.0,27.0
179,VIDEO,299.0,662.0,36.0,49.0,50.0,1472,manual,100.0,50.0
180,VIDEO,275.0,662.0,36.0,47.0,49.0,1472,manual,100.0,43.0
181,VIDEO,298.0,881.0,35.0,46.0,47.0,1472,manual,100.0,43.0
182,VIDEO,278.0,893.0,34.0,45.0,46.0,1472,manual,100.0,46.0
183,VIDEO,270.0,912.0,34.0,45.0,45.0,1502,manual,97.0,54.0
184,VIDEO,229.0,900.0,33.0,43.0,46.0,1502,manual,88.0,37.0
185,VIDEO,40.0,662.0,35.0,44.0,45.0,300,manual,0.0,0.0
186,VIDEO,39.0,662.0,36.0,48.0,48.0,300,manual,0.0,0.0
187,VIDEO,285.0,662.0,35.0,47.0,49.0,1430,manual,100.0,37.0
188,VIDEO,277.0,893.0,36.0,47.0,48.0,1472,manual,100.0,50.0
189,VIDEO,276.0,850.0,36.0,49.0,50.0,1472,manual,100.0,50.0
190,VIDEO,294.0,881.0,35.0,46.0,47.0,1472,manual,100.0,41.0
191,VIDEO,129.0,893.0,35.0,45.0,47.0,1502,manual,79.0,30.0
192,VIDEO,267.0,881.0,34.0,43.0,46.0,1502,manual,93.0,41.0
193,VIDEO,39.0,662.0,35.0,44.0,46.0,300,manual,0.0,0.0
194,VIDEO,39.0,662.0,36.0,48.0,49.0,300,manual,0.0,0.0
195,VIDEO,281.0,662.0,36.0,48.0,49.0,1472,manual,100.0,45.0
196,VIDEO,290.0,906.0,35.0,47.0,49.0,1472,manual,100.0,33.0
197,VIDEO,242.0,875.0,37.0,50.0,50.0,1472,manual,100.0,51.0
198,VIDEO,342.0,875.0,35.0,47.0,48.0,1430,manual,100.0,37.0
199,VIDEO,260.0,881.0,36.0,45.0,46.0,1502,manual,99.0,41.0
200,VIDEO,299.0,893.0,35.0,44.0,45.0,1502,manual,93.0,43.0
201,VIDEO,39.0,731.0,35.0,44.0,47.0,300,manual,0.0,0.0
202,VIDEO,39.0,662.0,36.0,45.0,46.0,300,manual,0.0,0.0
203,VIDEO,59.0,668.0,36.0,48.0,49.0,300,manual,22.0,9.0
204,VIDEO,286.0,662.0,36.0,48.0,50.0,1472,manual,100.0,44.0
205,VIDEO,253.0,918.0,36.0,47.0,49.0,1472,manual,100.0,36.0
206,VIDEO,265.0,881.0,35.0,47.0,48.0,1502,manual,100.0,31.0
207,VIDEO,290.0,893.0,36.0,46.0,47.0,1502,manual,99.0,39.0
208,VIDEO,39.0,662.0,35.0,41.0,45.0,300,manual,0.0,0.0
209,VIDEO,39.0,662.0,35.0,41.0,45.0,300,manual,0.0,0.0
210,VIDEO,39.0,662.0,36.0,43.0,46.0,300,manual,0.0,0.0
211,VIDEO,40.0,662.0,36.0,47.0,48.0,300,manual,0.0,0.0
212,VIDEO,285.0,668.0,36.0,48.0,50.0,1472,manual,100.0,44.0
213,VIDEO,288.0,662.0,36.0,48.0,49.0,1472,manual,100.0,51.0
214,VIDEO,319.0,881.0,35.0,47.0,49.0,1472,manual,100.0,42.0
215,VIDEO,225.0,875.0,36.0,46.0,48.0,1472,manual,100.0,39.0
216,VIDEO,225.0,856.0,35.0,45.0,47.0,1502,manual,99.0,50.0
217,VIDEO,280.0,893.0,35.0,44.0,46.0,1502,manual,89.0,31.0
218,VIDEO,271.0,893.0,34.0,43.0,46.0,1502,manual,95.0,34.0
219,VIDEO,39.0,668.0,36.0,46.0,47.0,300,manual,0.0,0.0
220,VIDEO,39.0,662.0,36.0,48.0,49.0,300,manual,0.0,0.0
221,VIDEO,293.0,662.0,36.0,48.0,50.0,1430,manual,100.0,41.0
222,VIDEO,254.0,881.0,36.0,48.0,49.0,1472,manual,100.0,31.0
223,VIDEO,39.0,662.0,35.0,39.0,44.0,300,manual,0.0,0.0
224,VIDEO,284.0,850.0,37.0,50.0,49.0,1472,manual,99.0,57.0
225,VIDEO,254.0,900.0,36.0,45.0,48.0,1502,manual,90.0,41.0
226,VIDEO,325.0,900.0,35.0,44.0,47.0,1472,manual,93.0,27.0
227,VIDEO,39.0,918.0,34.0,38.0,42.0,300,manual,0.0,0.0
228,VIDEO,39.0,662.0,33.0,36.0,40.0,300,manual,0.0,0.0
229,VIDEO,39.0,662.0,32.0,36.0,39.0,300,manual,0.0,0.0
230,VIDEO,39.0,662.0,32.0,36.0,40.0,300,manual,0.0,0.0
231,VIDEO,38.0,662.0,32.0,35.0,39.0,300,manual,0.0,0.0
232,VIDEO,286.0,881.0,34.0,44.0,44.0,1502,manual,93.0,31.0
233,VIDEO,316.0,900.0,35.0,49.0,48.0,1472,manual,94.0,44.0
234,VIDEO,218.0,912.0,36.0,50.0,48.0,1502,manual,78.0,35.0
235,VIDEO,313.0,881.0,37.0,50.0,47.0,1502,manual,85.0,23.0
236,VIDEO,289.0,900.0,37.0,51.0,50.0,1502,manual,88.0,33.0
237,VIDEO,252.0,943.0,37.0,52.0,49.0,1502,manual,90.0,26.0
238,VIDEO,311.0,893.0,38.0,52.0,49.0,1472,manual,95.0,36.0
239,VIDEO,338.0,906.0,37.0,51.0,50.0,1472,manual,93.0,27.0
240,VIDEO,259.0,925.0,38.0,52.0,50.0,1502,manual,90.0,42.0
241,VIDEO,328.0,906.0,38.0,53.0,50.0,1472,manual,96.0,34.0
242,VIDEO,324.0,893.0,39.0,53.0,51.0,1472,manual,93.0,32.0
243,VIDEO,318.0,893.0,38.0,52.0,51.0,1472,manual,95.0,43.0
244,VIDEO,229.0,900.0,39.0,53.0,50.0,1502,manual,83.0,27.0
245,VIDEO,325.0,906.0,39.0,53.0,51.0,1472,manual,89.0,33.0
246,VIDEO,194.0,900.0,39.0,53.0,51.0,1502,manual,83.0,26.0
247,VIDEO,252.0,912.0,39.0,53.0,51.0,1502,manual,88.0,41.0
248,VIDEO,312.0,912.0,40.0,53.0,51.0,1472,manual,91.0,32.0
249,VIDEO,265.0,906.0,40.0,53.0,51.0,1502,manual,87.0,23.0
250,VIDEO,292.0,906.0,39.0,53.0,52.0,1502,manual,86.0,32.0
251,VIDEO,316.0,893.0,40.0,53.0,51.0,1472,manual,94.0,42.0
252,VIDEO,198.0,906.0,40.0,54.0,52.0,1502,manual,86.0,32.0
253,VIDEO,316.0,906.0,40.0,54.0,51.0,1472,manual,94.0,37.0
254,VIDEO,226.0,906.0,40.0,54.0,52.0,1502,manual,85.0,27.0
255,VIDEO,232.0,875.0,40.0,54.0,51.0,1502,manual,86.0,25.0
256,VIDEO,222.0,893.0,41.0,54.0,52.0,1502,manual,84.0,26.0
257,VIDEO,214.0,912.0,40.0,54.0,53.0,1502,manual,85.0,30.0
258,VIDEO,248.0,893.0,39.0,47.0,49.0,1502,manual,88.0,36.0
259,VIDEO,71.0,906.0,37.0,42.0,44.0,1502,manual,35.0,11.0
260,VIDEO,39.0,887.0,37.0,42.0,46.0,300,manual,0.0,0.0
261,VIDEO,39.0,925.0,38.0,42.0,46.0,300,manual,0.0,0.0
262,VIDEO,39.0,668.0,37.0,42.0,46.0,300,manual,0.0,0.0
263,VIDEO,39.0,668.0,38.0,43.0,46.0,300,manual,0.0,0.0
264,VIDEO,40.0,662.0,38.0,44.0,48.0,300,manual,0.0,0.0
265,VIDEO,41.0,668.0,39.0,48.0,50.0,300,manual,0.0,0.0
266,VIDEO,341.0,662.0,39.0,51.0,52.0,1430,manual,100.0,38.0
267,VIDEO,276.0,925.0,38.0,50.0,51.0,1472,manual,100.0,36.0
268,VIDEO,39.0,668.0,37.0,42.0,46.0,300,manual,0.0,0.0
269,VIDEO,292.0,900.0,40.0,52.0,52.0,1502,manual,98.0,39.0
270,VIDEO,217.0,893.0,38.0,45.0,48.0,1502,manual,88.0,43.0
271,VIDEO,241.0,881.0,37.0,43.0,47.0,1502,manual,87.0,28.0
272,VIDEO,39.0,906.0,37.0,40.0,45.0,300,manual,0.0,0.0
273,VIDEO,39.0,881.0,36.0,41.0,45.0,300,manual,0.0,0.0
274,VIDEO,39.0,906.0,36.0,41.0,45.0,300,manual,0.0,0.0
275,VIDEO,39.0,662.0,37.0,41.0,45.0,300,manual,0.0,0.0
276,VIDEO,40.0,668.0,37.0,42.0,46.0,300,manual,1.0,0.0
277,VIDEO,40.0,675.0,37.0,43.0,47.0,300,manual,0.0,0.0
278,VIDEO,39.0,662.0,37.0,45.0,48.0,300,manual,0.0,0.0
279,VIDEO,41.0,668.0,39.0,50.0,50.0,300,manual,0.0,0.0
280,VIDEO,275.0,662.0,38.0,50.0,52.0,1472,manual,100.0,44.0
281,VIDEO,297.0,912.0,38.0,50.0,50.0,1472,manual,100.0,40.0
282,VIDEO,39.0,912.0,37.0,41.0,44.0,300,manual,0.0,0.0
283,VIDEO,39.0,668.0,36.0,42.0,44.0,300,manual,0.0,0.0
284,VIDEO,40.0,668.0,37.0,41.0,45.0,300,manual,1.0,0.0
285,VIDEO,40.0,662.0,37.0,43.0,46.0,300,manual,0.0,0.0
286,VIDEO,40.0,662.0,37.0,44.0,47.0,300,manual,0.0,0.0
287,VIDEO,40.0,668.0,38.0,48.0,49.0,300,manual,0.0,0.0
288,VIDEO,265.0,668.0,38.0,50.0,51.0,1430,manual,100.0,51.0
289,VIDEO,354.0,662.0,38.0,49.0,51.0,1472,manual,100.0,40.0
290,VIDEO,274.0,925.0,38.0,49.0,51.0,1430,manual,100.0,52.0
291,VIDEO,282.0,881.0,38.0,48.0,50.0,1472,manual,100.0,44.0
292,VIDEO,259.0,887.0,39.0,52.0,52.0,1472,manual,99.0,40.0
293,VIDEO,322.0,875.0,37.0,47.0,49.0,1472,manual,93.0,45.0
294,VIDEO,320.0,893.0,36.0,45.0,47.0,1472,manual,96.0,43.0
295,VIDEO,39.0,662.0,39.0,50.0,50.0,300,manual,0.0,0.0
296,VIDEO,295.0,906.0,39.0,50.0,52.0,1472,manual,100.0,38.0
297,VIDEO,39.0,918.0,36.0,41.0,45.0,300,manual,0.0,0.0
298,VIDEO,39.0,662.0,37.0,41.0,45.0,300,manual,0.0,0.0
299,VIDEO,59.0,662.0,37.0,42.0,46.0,1502,manual,6.0,0.0
300,VIDEO,39.0,662.0,37.0,43.0,46.0,300,manual,0.0,0.0
301,VIDEO,39.0,662.0,38.0,44.0,47.0,300,manual,0.0,0.0
302,VIDEO,39.0,662.0,38.0,47.0,49.0,300,manual,0.0,0.0
303,VIDEO,63.0,662.0,38.0,50.0,51.0,300,manual,39.0,5.0
304,VIDEO,358.0,662.0,38.0,50.0,50.0,1430,manual,100.0,54.0
305,VIDEO,255.0,893.0,37.0,49.0,49.0,1472,manual,100.0,51.0
306,VIDEO,39.0,668.0,36.0,41.0,46.0,300,manual,0.0,0.0
307,VIDEO,241.0,862.0,38.0,51.0,51.0,1502,manual,87.0,30.0
308,VIDEO,218.0,887.0,37.0,46.0,48.0,1502,manual,89.0,40.0
309,VIDEO,40.0,662.0,38.0,47.0,48.0,300,manual,0.0,0.0
310,VIDEO,41.0,668.0,38.0,50.0,51.0,300,manual,0.0,0.0
311,VIDEO,286.0,668.0,38.0,50.0,52.0,1472,manual,100.0,39.0
312,VIDEO,346.0,925.0,38.0,49.0,51.0,1430,manual,100.0,50.0
313,VIDEO,294.0,875.0,39.0,52.0,52.0,1430,manual,100.0,39.0
314,VIDEO,281.0,875.0,38.0,49.0,49.0,1502,manual,99.0,38.0
315,VIDEO,305.0,850.0,39.0,53.0,51.0,1472,manual,97.0,36.0
316,VIDEO,238.0,931.0,37.0,45.0,48.0,1502,manual,88.0,34.0
317,VIDEO,42.0,668.0,39.0,53.0,53.0,300,manual,0.0,0.0
318,VIDEO,295.0,662.0,39.0,51.0,52.0,1472,manual,100.0,35.0
319,VIDEO,315.0,662.0,38.0,50.0,52.0,1430,manual,100.0,38.0
320,VIDEO,238.0,893.0,38.0,49.0,51.0,1472,manual,100.0,53.0
321,VIDEO,298.0,850.0,38.0,48.0,49.0,1430,manual,99.0,45.0
322,VIDEO,307.0,868.0,37.0,47.0,49.0,1472,manual,94.0,51.0
323,VIDEO,260.0,881.0,37.0,45.0,48.0,1502,manual,87.0,25.0
324,VIDEO,205.0,893.0,36.0,42.0,46.0,1502,manual,86.0,40.0
325,VIDEO,153.0,887.0,36.0,40.0,44.0,1502,manual,40.0,42.0
326,VIDEO,39.0,906.0,36.0,40.0,44.0,300,manual,0.0,0.0
327,VIDEO,346.0,875.0,39.0,52.0,52.0,1430,manual,100.0,40.0
328,VIDEO,322.0,912.0,39.0,53.0,53.0,1472,manual,100.0,36.0
329,VIDEO,39.0,668.0,38.0,44.0,47.0,300,manual,0.0,0.0
330,VIDEO,39.0,662.0,38.0,43.0,48.0,300,manual,0.0,0.0
331,VIDEO,259.0,912.0,39.0,50.0,52.0,1502,manual,86.0,27.0
332,VIDEO,163.0,912.0,37.0,41.0,46.0,1502,manual,61.0,36.0
333,VIDEO,39.0,912.0,36.0,40.0,45.0,300,manual,0.0,0.0
334,VIDEO,39.0,912.0,36.0,41.0,45.0,300,manual,0.0,0.0
335,VIDEO,277.0,881.0,39.0,52.0,52.0,1472,manual,100.0,52.0
336,VIDEO,287.0,862.0,38.0,48.0,49.0,1502,manual,99.0,46.0
337,VIDEO,39.0,675.0,38.0,43.0,47.0,300,manual,0.0,0.0
338,VIDEO,39.0,662.0,38.0,44.0,48.0,300,manual,0.0,0.0
339,VIDEO,290.0,925.0,39.0,51.0,52.0,1472,manual,91.0,37.0
340,VIDEO,45.0,893.0,36.0,40.0,45.0,1502,manual,23.0,1.0
341,VIDEO,299.0,925.0,40.0,52.0,53.0,1430,manual,100.0,45.0
342,VIDEO,39.0,931.0,37.0,42.0,45.0,300,manual,0.0,0.0
343,VIDEO,39.0,662.0,37.0,42.0,45.0,300,manual,0.0,0.0
344,VIDEO,39.0,662.0,37.0,42.0,45.0,300,manual,0.0,0.0
345,VIDEO,39.0,662.0,37.0,42.0,47.0,300,manual,0.0,0.0
346,VIDEO,286.0,881.0,39.0,51.0,52.0,1502,manual,90.0,29.0
347,VIDEO,260.0,912.0,37.0,43.0,47.0,1502,manual,89.0,27.0
348,VIDEO,323.0,850.0,40.0,53.0,53.0,1472,manual,100.0,37.0
349,VIDEO,39.0,893.0,37.0,41.0,46.0,300,manual,0.0,0.0
350,VIDEO,268.0,850.0,40.0,52.0,53.0,1472,manual,100.0,54.0
351,VIDEO,293.0,906.0,40.0,54.0,53.0,1472,manual,100.0,40.0
352,VIDEO,331.0,875.0,40.0,54.0,54.0,1472,manual,92.0,36.0
353,VIDEO,293.0,912.0,38.0,48.0,50.0,1502,manual,93.0,43.0
354,VIDEO,327.0,893.0,38.0,45.0,48.0,1472,manual,95.0,29.0
355,VIDEO,317.0,868.0,37.0,42.0,45.0,1502,manual,93.0,37.0
356,VIDEO,300.0,662.0,40.0,53.0,54.0,1430,manual,100.0,53.0
357,VIDEO,246.0,912.0,40.0,51.0,53.0,1430,manual,100.0,53.0
358,VIDEO,303.0,881.0,40.0,54.0,53.0,1472,manual,100.0,56.0
359,VIDEO,288.0,875.0,39.0,50.0,50.0,1472,manual,100.0,53.0
360,VIDEO,270.0,881.0,40.0,54.0,53.0,1502,manual,99.0,42.0
361,VIDEO,39.0,668.0,40.0,46.0,49.0,300,manual,0.0,0.0
362,VIDEO,40.0,668.0,39.0,47.0,50.0,300,manual,0.0,0.0
363,VIDEO,39.0,662.0,40.0,51.0,51.0,300,manual,0.0,0.0
364,VIDEO,316.0,668.0,39.0,51.0,53.0,1472,manual,100.0,38.0
365,VIDEO,281.0,668.0,39.0,51.0,52.0,1472,manual,100.0,43.0
366,VIDEO,247.0,868.0,39.0,50.0,51.0,1472,manual,100.0,49.0
367,VIDEO,325.0,900.0,38.0,49.0,50.0,1472,manual,99.0,41.0
368,VIDEO,39.0,662.0,39.0,44.0,48.0,300,manual,0.0,0.0
369,VIDEO,265.0,912.0,39.0,51.0,51.0,1502,manual,84.0,42.0
370,VIDEO,39.0,662.0,37.0,42.0,45.0,300,manual,0.0,0.0
371,VIDEO,259.0,900.0,39.0,53.0,50.0,1502,manual,85.0,22.0
372,VIDEO,262.0,925.0,40.0,54.0,52.0,1472,manual,86.0,28.0
373,VIDEO,340.0,893.0,41.0,54.0,52.0,1472,manual,94.0,28.0
374,VIDEO,315.0,893.0,40.0,54.0,53.0,1472,manual,97.0,29.0
375,VIDEO,245.0,906.0,41.0,54.0,53.0,1502,manual,84.0,41.0
376,VIDEO,328.0,906.0,41.0,55.0,52.0,1472,manual,93.0,37.0
377,VIDEO,243.0,893.0,41.0,55.0,53.0,1472,manual,90.0,43.0
378,VIDEO,271.0,900.0,41.0,55.0,53.0,1472,manual,92.0,31.0
379,VIDEO,214.0,925.0,41.0,55.0,53.0,1502,manual,85.0,29.0
380,VIDEO,266.0,912.0,42.0,55.0,52.0,1502,manual,87.0,42.0
381,VIDEO,315.0,925.0,41.0,55.0,53.0,1472,manual,95.0,30.0
382,VIDEO,328.0,893.0,42.0,55.0,54.0,1472,manual,88.0,41.0
383,VIDEO,327.0,900.0,42.0,56.0,54.0,1472,manual,91.0,16.0
384,VIDEO,192.0,925.0,42.0,56.0,54.0,1502,manual,82.0,22.0
385,VIDEO,246.0,906.0,42.0,56.0,54.0,1502,manual,89.0,26.0
386,VIDEO,303.0,906.0,42.0,56.0,53.0,1472,manual,93.0,26.0
387,VIDEO,329.0,925.0,42.0,56.0,53.0,1472,manual,94.0,45.0
388,VIDEO,312.0,906.0,42.0,56.0,54.0,1472,manual,93.0,35.0
389,VIDEO,297.0,906.0,43.0,57.0,54.0,1472,manual,93.0,36.0
390,VIDEO,194.0,900.0,43.0,57.0,54.0,1502,manual,88.0,28.0
391,VIDEO,261.0,906.0,43.0,56.0,55.0,1472,manual,88.0,44.0
392,VIDEO,262.0,906.0,43.0,57.0,54.0,1502,manual,86.0,25.0
393,VIDEO,243.0,906.0,43.0,57.0,55.0,1502,manual,84.0,23.0
394,VIDEO,83.0,893.0,43.0,57.0,55.0,1502,manual,43.0,5.0
395,VIDEO,245.0,893.0,43.0,57.0,55.0,1502,manual,86.0,32.0
396,VIDEO,286.0,662.0,43.0,57.0,55.0,1472,manual,90.0,28.0
397,VIDEO,44.0,662.0,42.0,51.0,53.0,300,manual,0.0,0.0
398,VIDEO,44.0,662.0,42.0,54.0,55.0,300,manual,0.0,0.0
399,VIDEO,293.0,662.0,42.0,53.0,55.0,1430,manual,100.0,42.0
400,VIDEO,292.0,893.0,42.0,53.0,54.0,1472,manual,100.0,42.0
401,VIDEO,280.0,862.0,42.0,56.0,56.0,1472,manual,100.0,34.0
402,VIDEO,140.0,906.0,42.0,52.0,52.0,1502,manual,87.0,27.0
403,VIDEO,41.0,662.0,41.0,47.0,50.0,300,manual,0.0,0.0
404,VIDEO,228.0,906.0,42.0,54.0,55.0,1502,manual,86.0,35.0
405,VIDEO,67.0,893.0,39.0,44.0,47.0,1502,manual,9.0,1.0
406,VIDEO,39.0,925.0,40.0,43.0,48.0,300,manual,0.0,0.0
407,VIDEO,39.0,662.0,40.0,44.0,48.0,300,manual,0.0,0.0
408,VIDEO,39.0,662.0,40.0,44.0,47.0,300,manual,0.0,0.0
409,VIDEO,40.0,662.0,40.0,45.0,48.0,300,manual,0.0,0.0
410,VIDEO,40.0,925.0,40.0,46.0,49.0,300,manual,0.0,0.0
411,VIDEO,41.0,662.0,40.0,49.0,51.0,300,manual,0.0,0.0
412,VIDEO,146.0,912.0,41.0,53.0,53.0,1502,manual,55.0,48.0
413,VIDEO,281.0,662.0,42.0,56.0,56.0,1472,manual,100.0,36.0
414,VIDEO,258.0,668.0,41.0,53.0,54.0,1472,manual,100.0,55.0
415,VIDEO,242.0,900.0,41.0,51.0,53.0,1502,manual,100.0,38.0
416,VIDEO,269.0,875.0,40.0,50.0,51.0,1502,manual,99.0,42.0
417,VIDEO,248.0,893.0,40.0,49.0,51.0,1502,manual,84.0,32.0
418,VIDEO,322.0,925.0,39.0,46.0,49.0,1472,manual,94.0,42.0
419,VIDEO,211.0,875.0,38.0,43.0,46.0,1502,manual,86.0,21.0
420,VIDEO,39.0,906.0,38.0,42.0,46.0,300,manual,0.0,0.0
421,VIDEO,39.0,906.0,39.0,42.0,46.0,300,manual,0.0,0.0
422,VIDEO,39.0,662.0,38.0,43.0,47.0,300,manual,0.0,0.0
423,VIDEO,291.0,900.0,41.0,54.0,53.0,1472,manual,99.0,37.0
424,VIDEO,334.0,875.0,40.0,49.0,51.0,1472,manual,94.0,34.0
425,VIDEO,312.0,893.0,39.0,47.0,49.0,1472,manual,96.0,39.0
426,VIDEO,239.0,875.0,41.0,53.0,54.0,1502,manual,88.0,28.0
427,VIDEO,39.0,906.0,39.0,42.0,47.0,300,manual,0.0,4.0
428,VIDEO,345.0,662.0,41.0,54.0,55.0,1430,manual,100.0,56.0
429,VIDEO,294.0,925.0,41.0,52.0,53.0,1430,manual,100.0,40.0
430,VIDEO,253.0,906.0,40.0,51.0,52.0,1472,manual,100.0,43.0
431,VIDEO,39.0,668.0,39.0,44.0,48.0,300,manual,0.0,0.0
432,VIDEO,40.0,662.0,39.0,45.0,49.0,300,manual,0.0,0.0
433,VIDEO,301.0,893.0,41.0,52.0,53.0,1472,manual,94.0,34.0
434,VIDEO,248.0,906.0,38.0,43.0,47.0,1502,manual,88.0,46.0
435,VIDEO,39.0,906.0,38.0,42.0,46.0,300,manual,0.0,0.0
436,VIDEO,313.0,875.0,41.0,54.0,54.0,1472,manual,100.0,50.0
437,VIDEO,39.0,925.0,38.0,43.0,47.0,300,manual,0.0,0.0
438,VIDEO,39.0,662.0,39.0,43.0,47.0,300,manual,0.0,0.0
439,VIDEO,39.0,662.0,39.0,44.0,48.0,300,manual,0.0,0.0
440,VIDEO,256.0,881.0,40.0,53.0,53.0,1502,manual,88.0,46.0
441,VIDEO,332.0,906.0,39.0,46.0,50.0,1472,manual,93.0,43.0
442,VIDEO,217.0,893.0,37.0,43.0,46.0,1502,manual,89.0,42.0
443,VIDEO,39.0,925.0,38.0,42.0,46.0,300,manual,0.0,0.0
444,VIDEO,39.0,925.0,38.0,42.0,46.0,300,manual,0.0,0.0
445,VIDEO,291.0,875.0,40.0,53.0,53.0,1430,manual,100.0,42.0
446,VIDEO,261.0,887.0,39.0,49.0,51.0,1502,manual,98.0,39.0
447,VIDEO,215.0,875.0,39.0,47.0,50.0,1502,manual,89.0,32.0
448,VIDEO,302.0,943.0,38.0,45.0,48.0,1472,manual,96.0,48.0
449,VIDEO,41.0,662.0,40.0,52.0,52.0,300,manual,0.0,0.0
450,VIDEO,299.0,893.0,40.0,52.0,53.0,1472,manual,100.0,46.0
451,VIDEO,303.0,906.0,41.0,54.0,55.0,1472,manual,100.0,42.0
452,VIDEO,320.0,881.0,41.0,54.0,55.0,1472,manual,100.0,52.0
453,VIDEO,55.0,662.0,39.0,44.0,48.0,300,manual,0.0,0.0
454,VIDEO,268.0,887.0,41.0,54.0,53.0,1472,manual,90.0,22.0
455,VIDEO,258.0,893.0,39.0,48.0,51.0,1502,manual,86.0,39.0
456,VIDEO,310.0,893.0,38.0,45.0,49.0,1472,manual,96.0,39.0
457,VIDEO,42.0,662.0,41.0,54.0,55.0,300,manual,0.0,0.0
458,VIDEO,285.0,912.0,40.0,52.0,53.0,1472,manual,100.0,51.0
459,VIDEO,39.0,925.0,38.0,43.0,47.0,300,manual,0.0,0.0
460,VIDEO,39.0,668.0,38.0,43.0,47.0,300,manual,0.0,0.0
461,VIDEO,39.0,668.0,39.0,43.0,46.0,300,manual,0.0,0.0
462,VIDEO,39.0,668.0,39.0,44.0,47.0,300,manual,0.0,0.0
463,VIDEO,40.0,662.0,39.0,46.0,48.0,300,manual,0.0,0.0
464,VIDEO,318.0,887.0,40.0,52.0,51.0,1472,manual,93.0,41.0
465,VIDEO,39.0,893.0,37.0,42.0,45.0,300,manual,0.0,0.0
466,VIDEO,294.0,906.0,40.0,53.0,54.0,1472,manual,100.0,42.0
467,VIDEO,39.0,662.0,38.0,43.0,47.0,300,manual,0.0,0.0
468,VIDEO,273.0,893.0,41.0,54.0,54.0,1472,manual,100.0,47.0
469,VIDEO,39.0,662.0,39.0,44.0,47.0,300,manual,0.0,0.0
470,VIDEO,40.0,662.0,39.0,44.0,48.0,300,manual,0.0,0.0
471,VIDEO,40.0,668.0,39.0,46.0,49.0,300,manual,0.0,0.0
472,VIDEO,39.0,668.0,40.0,52.0,52.0,300,manual,0.0,0.0
473,VIDEO,236.0,906.0,40.0,52.0,53.0,1472,manual,100.0,51.0
474,VIDEO,330.0,893.0,41.0,54.0,54.0,1430,manual,100.0,38.0
475,VIDEO,287.0,868.0,42.0,55.0,54.0,1472,manual,100.0,39.0
476,VIDEO,39.0,662.0,39.0,44.0,48.0,300,manual,0.0,0.0
477,VIDEO,39.0,662.0,39.0,44.0,48.0,300,manual,0.0,0.0
478,VIDEO,40.0,662.0,39.0,44.0,48.0,300,manual,0.0,0.0
479,VIDEO,212.0,912.0,40.0,52.0,53.0,1502,manual,87.0,36.0
480,VIDEO,317.0,906.0,38.0,42.0,47.0,1502,manual,92.0,38.0
481,VIDEO,258.0,662.0,41.0,54.0,54.0,1472,manual,100.0,33.0
482,VIDEO,364.0,662.0,40.0,51.0,52.0,1430,manual,100.0,55.0
483,VIDEO,259.0,893.0,40.0,50.0,52.0,1472,manual,100.0,34.0
484,VIDEO,39.0,662.0,39.0,43.0,48.0,300,manual,0.0,0.0
485,VIDEO,265.0,906.0,40.0,53.0,53.0,1472,manual,86.0,26.0
486,VIDEO,284.0,912.0,39.0,47.0,50.0,1472,manual,91.0,26.0
487,VIDEO,321.0,925.0,38.0,44.0,46.0,1472,manual,89.0,32.0
488,VIDEO,304.0,893.0,41.0,54.0,53.0,1472,manual,100.0,39.0
489,VIDEO,352.0,662.0,41.0,54.0,54.0,1430,manual,100.0,39.0
490,VIDEO,248.0,875.0,40.0,52.0,53.0,1502,manual,100.0,35.0
491,VIDEO,234.0,875.0,40.0,50.0,52.0,1472,manual,100.0,48.0
492,VIDEO,234.0,868.0,39.0,49.0,51.0,1502,manual,85.0,28.0
493,VIDEO,318.0,862.0,39.0,48.0,49.0,1472,manual,92.0,29.0
494,VIDEO,41.0,662.0,40.0,49.0,51.0,300,manual,0.0,0.0
495,VIDEO,262.0,875.0,41.0,52.0,54.0,1502,manual,94.0,12.0
496,VIDEO,264.0,912.0,41.0,54.0,54.0,1502,manual,100.0,32.0
497,VIDEO,283.0,850.0,42.0,54.0,55.0,1472,manual,100.0,51.0
498,VIDEO,294.0,875.0,40.0,51.0,52.0,1472,manual,100.0,48.0
499,VIDEO,212.0,868.0,41.0,55.0,54.0,1502,manual,94.0,33.0
500,VIDEO,338.0,881.0,39.0,49.0,51.0,1472,manual,96.0,29.0
501,VIDEO,315.0,925.0,41.0,54.0,53.0,1472,manual,97.0,39.0
502,VIDEO,215.0,881.0,39.0,43.0,47.0,1502,manual,82.0,25.0
503,VIDEO,309.0,893.0,41.0,53.0,52.0,1472,manual,87.0,31.0
504,VIDEO,315.0,925.0,41.0,54.0,53.0,1472,manual,96.0,37.0
505,VIDEO,314.0,912.0,42.0,56.0,53.0,1472,manual,87.0,28.0
506,VIDEO,261.0,900.0,42.0,56.0,54.0,1502,manual,82.0,36.0
507,VIDEO,284.0,925.0,42.0,56.0,53.0,1472,manual,91.0,30.0
508,VIDEO,328.0,862.0,42.0,56.0,54.0,1472,manual,94.0,36.0
509,VIDEO,232.0,925.0,42.0,56.0,54.0,1502,manual,84.0,23.0
510,VIDEO,248.0,900.0,42.0,56.0,54.0,1502,manual,82.0,23.0
511,VIDEO,255.0,893.0,42.0,56.0,54.0,1502,manual,85.0,35.0
512,VIDEO,335.0,906.0,43.0,57.0,55.0,1472,manual,91.0,30.0
513,VIDEO,257.0,875.0,43.0,57.0,55.0,1502,manual,89.0,25.0
514,VIDEO,240.0,925.0,43.0,57.0,55.0,1502,manual,85.0,29.0
515,VIDEO,309.0,900.0,43.0,57.0,54.0,1472,manual,90.0,22.0
516,VIDEO,227.0,925.0,43.0,57.0,55.0,1502,manual,87.0,36.0
517,VIDEO,315.0,937.0,43.0,56.0,55.0,1472,manual,95.0,37.0
518,VIDEO,242.0,900.0,43.0,57.0,56.0,1502,manual,69.0,38.0
519,VIDEO,319.0,893.0,43.0,57.0,54.0,1472,manual,92.0,43.0
520,VIDEO,44.0,881.0,43.0,57.0,55.0,1502,manual,31.0,33.0
521,VIDEO,316.0,881.0,44.0,57.0,55.0,1472,manual,94.0,30.0
522,VIDEO,312.0,893.0,44.0,57.0,55.0,1472,manual,90.0,39.0
523,VIDEO,275.0,918.0,44.0,58.0,55.0,1502,manual,91.0,39.0
524,VIDEO,89.0,881.0,44.0,58.0,55.0,1502,manual,54.0,24.0
525,VIDEO,330.0,893.0,44.0,58.0,56.0,1472,manual,95.0,26.0
526,VIDEO,270.0,893.0,44.0,58.0,55.0,1502,manual,91.0,44.0
527,VIDEO,328.0,893.0,43.0,57.0,55.0,1472,manual,91.0,44.0
528,VIDEO,327.0,893.0,44.0,58.0,56.0,1430,manual,97.0,34.0
529,VIDEO,268.0,875.0,43.0,54.0,54.0,1502,manual,89.0,36.0
530,VIDEO,314.0,875.0,42.0,50.0,52.0,1472,manual,95.0,36.0
531,VIDEO,329.0,918.0,40.0,46.0,49.0,1472,manual,95.0,26.0
532,VIDEO,299.0,906.0,43.0,56.0,57.0,1472,manual,100.0,42.0
533,VIDEO,275.0,668.0,44.0,57.0,56.0,1430,manual,100.0,39.0
534,VIDEO,297.0,875.0,42.0,54.0,55.0,1430,manual,100.0,32.0
535,VIDEO,368.0,893.0,44.0,57.0,56.0,1430,manual,99.0,42.0
536,VIDEO,216.0,893.0,44.0,58.0,57.0,1502,manual,88.0,39.0
537,VIDEO,316.0,925.0,44.0,57.0,56.0,1472,manual,96.0,35.0
538,VIDEO,241.0,868.0,41.0,46.0,51.0,1502,manual,91.0,44.0
539,VIDEO,268.0,893.0,44.0,57.0,57.0,1472,manual,100.0,41.0
540,VIDEO,40.0,893.0,41.0,46.0,50.0,300,manual,0.0,0.0
541,VIDEO,271.0,893.0,43.0,57.0,57.0,1472,manual,100.0,43.0
542,VIDEO,284.0,856.0,44.0,58.0,57.0,1430,manual,99.0,38.0
543,VIDEO,327.0,893.0,42.0,52.0,53.0,1472,manual,92.0,26.0
544,VIDEO,314.0,918.0,41.0,49.0,51.0,1472,manual,97.0,28.0
545,VIDEO,336.0,881.0,40.0,45.0,48.0,1472,manual,93.0,28.0
546,VIDEO,39.0,912.0,40.0,44.0,48.0,300,manual,0.0,0.0
547,VIDEO,275.0,925.0,43.0,56.0,56.0,1472,manual,100.0,45.0
548,VIDEO,40.0,668.0,41.0,46.0,50.0,300,manual,0.0,0.0
549,VIDEO,313.0,893.0,43.0,55.0,54.0,1472,manual,97.0,26.0
550,VIDEO,318.0,893.0,41.0,49.0,50.0,1472,manual,96.0,30.0
551,VIDEO,43.0,662.0,43.0,56.0,55.0,300,manual,0.0,0.0
552,VIDEO,288.0,662.0,42.0,54.0,55.0,1430,manual,100.0,41.0
553,VIDEO,275.0,881.0,42.0,53.0,55.0,1472,manual,100.0,48.0
554,VIDEO,355.0,875.0,43.0,56.0,56.0,1430,manual,100.0,43.0
555,VIDEO,39.0,662.0,41.0,46.0,50.0,300,manual,0.0,0.0
556,VIDEO,308.0,856.0,42.0,55.0,55.0,1472,manual,93.0,41.0
557,VIDEO,271.0,881.0,41.0,49.0,51.0,1502,manual,89.0,29.0
558,VIDEO,242.0,912.0,40.0,44.0,47.0,1502,manual,85.0,24.0
559,VIDEO,329.0,662.0,43.0,56.0,56.0,1430,manual,100.0,40.0
560,VIDEO,362.0,893.0,42.0,54.0,55.0,1430,manual,100.0,51.0
561,VIDEO,40.0,662.0,41.0,45.0,49.0,300,manual,0.0,0.0
562,VIDEO,264.0,893.0,42.0,55.0,55.0,1430,manual,100.0,36.0
563,VIDEO,42.0,675.0,41.0,47.0,51.0,300,manual,0.0,0.0
564,VIDEO,41.0,668.0,41.0,47.0,51.0,300,manual,0.0,0.0
565,VIDEO,42.0,662.0,42.0,51.0,53.0,300,manual,0.0,0.0
566,VIDEO,277.0,662.0,42.0,54.0,54.0,1430,manual,100.0,40.0
567,VIDEO,264.0,662.0,41.0,53.0,54.0,1472,manual,100.0,40.0
568,VIDEO,331.0,875.0,41.0,52.0,53.0,1430,manual,100.0,46.0
569,VIDEO,39.0,662.0,40.0,45.0,49.0,300,manual,0.0,0.0
570,VIDEO,40.0,668.0,40.0,46.0,49.0,300,manual,0.0,0.0
571,VIDEO,274.0,937.0,42.0,54.0,54.0,1472,manual,89.0,28.0
572,VIDEO,43.0,668.0,42.0,55.0,55.0,300,manual,0.0,0.0
573,VIDEO,291.0,662.0,42.0,54.0,55.0,1472,manual,100.0,42.0
574,VIDEO,292.0,662.0,41.0,53.0,54.0,1472,manual,100.0,38.0
575,VIDEO,362.0,893.0,41.0,52.0,53.0,1430,manual,100.0,40.0
576,VIDEO,39.0,662.0,40.0,44.0,49.0,300,manual,0.0,0.0
577,VIDEO,212.0,850.0,42.0,55.0,54.0,1502,manual,91.0,38.0
578,VIDEO,241.0,881.0,40.0,49.0,51.0,1502,manual,84.0,26.0
579,VIDEO,42.0,662.0,42.0,50.0,52.0,300,manual,0.0,0.0
580,VIDEO,69.0,925.0,41.0,54.0,55.0,1502,manual,44.0,12.0
581,VIDEO,294.0,925.0,42.0,56.0,56.0,1472,manual,100.0,57.0
582,VIDEO,296.0,850.0,42.0,56.0,56.0,1472,manual,100.0,53.0
583,VIDEO,366.0,875.0,41.0,52.0,54.0,1430,manual,100.0,46.0
584,VIDEO,41.0,662.0,40.0,46.0,50.0,300,manual,0.0,0.0
585,VIDEO,309.0,912.0,42.0,54.0,53.0,1472,manual,96.0,36.0
586,VIDEO,43.0,662.0,42.0,51.0,53.0,300,manual,0.0,0.0
587,VIDEO,289.0,906.0,42.0,54.0,54.0,1472,manual,100.0,42.0
588,VIDEO,39.0,906.0,40.0,44.0,47.0,300,manual,0.0,0.0
589,VIDEO,375.0,881.0,42.0,55.0,56.0,1430,manual,100.0,47.0
590,VIDEO,40.0,662.0,40.0,45.0,49.0,300,manual,0.0,0.0
591,VIDEO,279.0,868.0,42.0,55.0,54.0,1502,manual,99.0,49.0
592,VIDEO,42.0,662.0,41.0,47.0,51.0,300,manual,0.0,0.0
593,VIDEO,254.0,900.0,42.0,54.0,55.0,1502,manual,83.0,42.0
594,VIDEO,209.0,900.0,39.0,43.0,48.0,1502,manual,85.0,38.0
595,VIDEO,39.0,912.0,39.0,43.0,47.0,300,manual,0.0,0.0
596,VIDEO,39.0,906.0,39.0,43.0,48.0,300,manual,0.0,0.0
597,VIDEO,283.0,912.0,42.0,54.0,54.0,1502,manual,100.0,42.0
598,VIDEO,311.0,887.0,41.0,51.0,52.0,1472,manual,93.0,39.0
599,VIDEO,332.0,881.0,40.0,49.0,51.0,1472,manual,93.0,32.0
600,VIDEO,42.0,662.0,41.0,51.0,52.0,300,manual,0.0,0.0
601,VIDEO,288.0,943.0,41.0,54.0,55.0,1472,manual,100.0,57.0
602,VIDEO,330.0,912.0,42.0,56.0,55.0,1430,manual,100.0,39.0
603,VIDEO,39.0,662.0,40.0,44.0,48.0,300,manual,0.0,0.0
604,VIDEO,39.0,668.0,40.0,44.0,47.0,300,manual,0.0,0.0
605,VIDEO,271.0,893.0,42.0,54.0,54.0,1502,manual,99.0,45.0
606,VIDEO,307.0,893.0,42.0,55.0,54.0,1472,manual,95.0,43.0
607,VIDEO,40.0,668.0,42.0,50.0,51.0,300,manual,0.0,0.0
608,VIDEO,308.0,931.0,42.0,54.0,54.0,1472,manual,97.0,38.0
609,VIDEO,270.0,887.0,42.0,55.0,57.0,1472,manual,100.0,43.0
610,VIDEO,258.0,662.0,42.0,56.0,57.0,1430,manual,100.0,44.0
611,VIDEO,281.0,856.0,41.0,53.0,54.0,1430,manual,100.0,42.0
612,VIDEO,302.0,875.0,41.0,52.0,52.0,1430,manual,100.0,40.0
613,VIDEO,315.0,900.0,40.0,50.0,51.0,1472,manual,96.0,36.0
614,VIDEO,305.0,875.0,42.0,55.0,55.0,1472,manual,92.0,28.0
615,VIDEO,256.0,912.0,40.0,47.0,50.0,1502,manual,91.0,49.0
616,VIDEO,238.0,906.0,42.0,55.0,55.0,1502,manual,100.0,46.0
617,VIDEO,298.0,887.0,42.0,55.0,56.0,1472,manual,100.0,55.0
618,VIDEO,39.0,662.0,40.0,45.0,49.0,300,manual,0.0,0.0
619,VIDEO,253.0,875.0,42.0,55.0,55.0,1472,manual,100.0,36.0
620,VIDEO,279.0,875.0,42.0,56.0,56.0,1502,manual,88.0,30.0
621,VIDEO,220.0,893.0,43.0,57.0,56.0,1502,manual,89.0,37.0
622,VIDEO,44.0,668.0,43.0,53.0,53.0,300,manual,0.0,0.0
623,VIDEO,266.0,925.0,42.0,55.0,55.0,1472,manual,100.0,49.0
624,VIDEO,284.0,668.0,43.0,56.0,57.0,1430,manual,100.0,56.0
625,VIDEO,251.0,906.0,42.0,51.0,52.0,1502,manual,85.0,21.0
626,VIDEO,324.0,887.0,43.0,55.0,54.0,1472,manual,96.0,38.0
627,VIDEO,320.0,900.0,43.0,56.0,54.0,1472,manual,88.0,37.0
628,VIDEO,289.0,918.0,43.0,57.0,54.0,1502,manual,87.0,42.0
629,VIDEO,275.0,925.0,43.0,56.0,55.0,1502,manual,88.0,35.0
630,VIDEO,286.0,893.0,43.0,57.0,55.0,1472,manual,87.0,33.0
631,VIDEO,326.0,906.0,43.0,56.0,55.0,1472,manual,93.0,26.0
632,VIDEO,309.0,906.0,43.0,57.0,55.0,1472,manual,94.0,36.0
633,VIDEO,292.0,912.0,44.0,57.0,55.0,1472,manual,92.0,27.0
634,VIDEO,323.0,912.0,43.0,56.0,55.0,1472,manual,95.0,46.0
635,VIDEO,152.0,893.0,44.0,58.0,55.0,1502,manual,62.0,29.0
636,VIDEO,266.0,925.0,43.0,58.0,55.0,1502,manual,92.0,33.0
637,VIDEO,221.0,900.0,44.0,58.0,56.0,1502,manual,84.0,42.0
638,VIDEO,320.0,893.0,44.0,57.0,56.0,1472,manual,95.0,33.0
639,VIDEO,263.0,893.0,44.0,57.0,56.0,1502,manual,89.0,31.0
640,VIDEO,322.0,893.0,44.0,58.0,55.0,1472,manual,92.0,36.0
641,VIDEO,202.0,925.0,44.0,58.0,56.0,1502,manual,82.0,24.0
642,VIDEO,290.0,881.0,44.0,58.0,56.0,1472,manual,92.0,35.0
643,VIDEO,313.0,906.0,44.0,58.0,56.0,1472,manual,91.0,35.0
644,VIDEO,251.0,912.0,44.0,58.0,56.0,1502,manual,85.0,44.0
645,VIDEO,193.0,925.0,44.0,58.0,56.0,1502,manual,90.0,40.0
646,VIDEO,254.0,887.0,44.0,58.0,56.0,1502,manual,87.0,26.0
647,VIDEO,319.0,881.0,45.0,59.0,56.0,1472,manual,93.0,11.0
648,VIDEO,311.0,875.0,44.0,58.0,56.0,1472,manual,91.0,42.0
649,VIDEO,319.0,918.0,45.0,58.0,56.0,1472,manual,95.0,33.0
650,VIDEO,238.0,900.0,44.0,58.0,56.0,1502,manual,89.0,40.0
651,VIDEO,211.0,912.0,43.0,47.0,51.0,1502,manual,74.0,42.0
652,VIDEO,285.0,893.0,45.0,58.0,58.0,1430,manual,100.0,47.0
653,VIDEO,39.0,925.0,42.0,46.0,50.0,300,manual,0.0,0.0
654,VIDEO,274.0,893.0,44.0,57.0,58.0,1472,manual,100.0,53.0
655,VIDEO,47.0,662.0,43.0,48.0,52.0,1502,manual,10.0,0.0
656,VIDEO,309.0,906.0,44.0,57.0,56.0,1472,manual,97.0,33.0
657,VIDEO,43.0,668.0,44.0,52.0,54.0,300,manual,0.0,0.0
658,VIDEO,279.0,893.0,44.0,56.0,56.0,1502,manual,86.0,27.0
659,VIDEO,39.0,893.0,42.0,46.0,49.0,300,manual,0.0,0.0
660,VIDEO,40.0,925.0,41.0,45.0,49.0,300,manual,0.0,0.0
661,VIDEO,41.0,662.0,42.0,46.0,49.0,300,manual,0.0,0.0
662,VIDEO,39.0,662.0,42.0,46.0,49.0,300,manual,0.0,0.0
663,VIDEO,237.0,906.0,43.0,56.0,55.0,1502,manual,94.0,38.0
664,VIDEO,212.0,881.0,42.0,50.0,52.0,1502,manual,79.0,40.0
665,VIDEO,314.0,906.0,43.0,56.0,56.0,1472,manual,96.0,52.0
666,VIDEO,40.0,906.0,41.0,45.0,49.0,1502,manual,0.0,36.0
667,VIDEO,283.0,893.0,44.0,56.0,57.0,1502,manual,100.0,43.0
668,VIDEO,284.0,875.0,44.0,57.0,57.0,1430,manual,100.0,46.0
669,VIDEO,256.0,893.0,43.0,54.0,54.0,1472,manual,100.0,39.0
670,VIDEO,246.0,887.0,44.0,57.0,57.0,1502,manual,90.0,45.0
671,VIDEO,244.0,868.0,44.0,57.0,57.0,1502,manual,87.0,35.0
672,VIDEO,233.0,887.0,41.0,48.0,50.0,1502,manual,91.0,38.0
673,VIDEO,302.0,906.0,44.0,57.0,57.0,1430,manual,100.0,49.0
674,VIDEO,275.0,912.0,44.0,57.0,58.0,1472,manual,100.0,49.0
675,VIDEO,298.0,881.0,44.0,58.0,58.0,1430,manual,100.0,44.0
676,VIDEO,355.0,881.0,44.0,58.0,57.0,1430,manual,100.0,37.0
677,VIDEO,235.0,893.0,44.0,58.0,58.0,1502,manual,87.0,44.0
678,VIDEO,43.0,662.0,43.0,51.0,53.0,300,manual,0.0,0.0
679,VIDEO,281.0,925.0,44.0,55.0,56.0,1472,manual,89.0,28.0
680,VIDEO,312.0,900.0,45.0,57.0,58.0,1472,manual,100.0,42.0
681,VIDEO,331.0,893.0,44.0,58.0,58.0,1430,manual,100.0,40.0
682,VIDEO,40.0,925.0,42.0,46.0,50.0,300,manual,0.0,0.0
683,VIDEO,267.0,881.0,44.0,57.0,57.0,1472,manual,100.0,40.0
684,VIDEO,168.0,881.0,43.0,53.0,54.0,1502,manual,84.0,32.0
685,VIDEO,43.0,662.0,42.0,48.0,52.0,300,manual,0.0,0.0
686,VIDEO,238.0,906.0,44.0,56.0,56.0,1502,manual,91.0,43.0
687,VIDEO,322.0,912.0,44.0,57.0,58.0,1472,manual,88.0,35.0
688,VIDEO,243.0,925.0,45.0,58.0,58.0,1430,manual,100.0,39.0
689,VIDEO,39.0,900.0,42.0,46.0,50.0,300,manual,0.0,0.0
690,VIDEO,298.0,850.0,44.0,57.0,57.0,1472,manual,100.0,38.0
691,VIDEO,40.0,662.0,42.0,47.0,51.0,300,manual,0.0,0.0
692,VIDEO,252.0,893.0,44.0,57.0,56.0,1502,manual,91.0,26.0
693,VIDEO,327.0,875.0,45.0,57.0,57.0,1472,manual,92.0,29.0
694,VIDEO,227.0,906.0,44.0,57.0,58.0,1502,manual,91.0,30.0
695,VIDEO,353.0,881.0,45.0,58.0,58.0,1430,manual,100.0,52.0
696,VIDEO,356.0,662.0,45.0,58.0,58.0,1404,manual,100.0,39.0
697,VIDEO,271.0,875.0,44.0,55.0,57.0,1472,manual,100.0,44.0
698,VIDEO,299.0,893.0,43.0,54.0,54.0,1472,manual,100.0,43.0
699,VIDEO,253.0,875.0,44.0,57.0,57.0,1502,manual,90.0,32.0
700,VIDEO,303.0,900.0,42.0,51.0,53.0,1472,manual,96.0,33.0
701,VIDEO,306.0,893.0,41.0,48.0,51.0,1472,manual,94.0,49.0
702,VIDEO,278.0,662.0,44.0,57.0,58.0,1472,manual,100.0,41.0
703,VIDEO,287.0,881.0,43.0,54.0,56.0,1430,manual,100.0,37.0
704,VIDEO,304.0,856.0,44.0,58.0,58.0,1430,manual,100.0,44.0
705,VIDEO,279.0,875.0,44.0,58.0,58.0,1472,manual,100.0,53.0
706,VIDEO,43.0,662.0,43.0,48.0,51.0,300,manual,0.0,0.0
707,VIDEO,238.0,900.0,44.0,56.0,56.0,1502,manual,87.0,45.0
708,VIDEO,44.0,668.0,44.0,53.0,55.0,300,manual,0.0,0.0
709,VIDEO,344.0,906.0,43.0,55.0,57.0,1430,manual,100.0,50.0
710,VIDEO,40.0,906.0,41.0,45.0,50.0,300,manual,0.0,0.0
711,VIDEO,298.0,862.0,44.0,56.0,57.0,1472,manual,100.0,47.0
712,VIDEO,280.0,850.0,44.0,57.0,57.0,1430,manual,100.0,50.0
713,VIDEO,40.0,662.0,42.0,48.0,51.0,300,manual,0.0,0.0
714,VIDEO,251.0,875.0,44.0,56.0,55.0,1502,manual,91.0,26.0
715,VIDEO,44.0,662.0,44.0,53.0,55.0,300,manual,0.0,0.0
716,VIDEO,245.0,906.0,43.0,56.0,57.0,1502,manual,91.0,31.0
717,VIDEO,297.0,662.0,44.0,57.0,57.0,1472,manual,100.0,36.0
718,VIDEO,270.0,662.0,43.0,55.0,55.0,1472,manual,100.0,46.0
719,VIDEO,292.0,893.0,43.0,54.0,55.0,1430,manual,100.0,47.0
720,VIDEO,254.0,906.0,44.0,57.0,57.0,1472,manual,100.0,36.0
721,VIDEO,42.0,662.0,42.0,48.0,52.0,300,manual,0.0,0.0
722,VIDEO,264.0,875.0,43.0,56.0,56.0,1502,manual,89.0,46.0
723,VIDEO,217.0,900.0,44.0,57.0,57.0,1502,manual,82.0,38.0
724,VIDEO,291.0,900.0,44.0,58.0,58.0,1472,manual,100.0,44.0
725,VIDEO,39.0,900.0,42.0,46.0,50.0,300,manual,0.0,0.0
726,VIDEO,39.0,668.0,41.0,45.0,50.0,300,manual,0.0,0.0
727,VIDEO,296.0,875.0,43.0,56.0,57.0,1472,manual,100.0,51.0
728,VIDEO,243.0,893.0,42.0,53.0,53.0,1502,manual,86.0,23.0
729,VIDEO,308.0,875.0,42.0,50.0,53.0,1472,manual,96.0,46.0
730,VIDEO,44.0,668.0,43.0,51.0,53.0,300,manual,0.0,0.0
731,VIDEO,220.0,912.0,43.0,55.0,56.0,1502,manual,83.0,37.0
732,VIDEO,40.0,893.0,41.0,45.0,49.0,300,manual,0.0,0.0
733,VIDEO,283.0,925.0,43.0,56.0,57.0,1430,manual,100.0,50.0
734,VIDEO,280.0,881.0,43.0,57.0,58.0,1472,manual,100.0,41.0
735,VIDEO,292.0,868.0,42.0,53.0,55.0,1472,manual,100.0,51.0
736,VIDEO,308.0,881.0,42.0,52.0,53.0,1472,manual,92.0,29.0
737,VIDEO,222.0,850.0,43.0,57.0,56.0,1502,manual,88.0,36.0
738,VIDEO,293.0,925.0,44.0,57.0,57.0,1502,manual,92.0,47.0
739,VIDEO,287.0,887.0,43.0,57.0,56.0,1472,manual,93.0,38.0
740,VIDEO,271.0,912.0,44.0,57.0,56.0,1472,manual,90.0,29.0
741,VIDEO,317.0,900.0,44.0,58.0,56.0,1472,manual,96.0,35.0
742,VIDEO,251.0,906.0,44.0,58.0,55.0,1502,manual,88.0,38.0
743,VIDEO,218.0,900.0,44.0,58.0,56.0,1502,manual,78.0,34.0
744,VIDEO,237.0,868.0,44.0,58.0,56.0,1502,manual,85.0,22.0
745,VIDEO,340.0,868.0,44.0,58.0,55.0,1472,manual,94.0,43.0
746,VIDEO,288.0,912.0,44.0,58.0,55.0,1502,manual,87.0,25.0
747,VIDEO,325.0,906.0,44.0,58.0,56.0,1430,manual,96.0,44.0
748,VIDEO,331.0,906.0,44.0,58.0,56.0,1472,manual,94.0,46.0
749,VIDEO,259.0,893.0,45.0,58.0,56.0,1502,manual,87.0,24.0
750,VIDEO,121.0,906.0,45.0,59.0,56.0,1502,manual,57.0,12.0
751,VIDEO,312.0,906.0,45.0,59.0,56.0,1472,manual,93.0,38.0
752,VIDEO,233.0,893.0,45.0,58.0,56.0,1502,manual,86.0,23.0
753,VIDEO,277.0,925.0,45.0,58.0,57.0,1502,manual,88.0,27.0
754,VIDEO,329.0,900.0,44.0,59.0,56.0,1472,manual,93.0,44.0
755,VIDEO,327.0,906.0,45.0,59.0,57.0,1502,manual,84.0,41.0
756,VIDEO,325.0,856.0,45.0,59.0,57.0,1472,manual,92.0,45.0
757,VIDEO,317.0,906.0,45.0,59.0,57.0,1472,manual,96.0,33.0
758,VIDEO,235.0,906.0,45.0,59.0,57.0,1502,manual,86.0,27.0
759,VIDEO,284.0,875.0,45.0,59.0,57.0,1472,manual,91.0,29.0
760,VIDEO,310.0,893.0,45.0,59.0,56.0,1472,manual,90.0,29.0
761,VIDEO,320.0,906.0,45.0,59.0,57.0,1472,manual,92.0,44.0
762,VIDEO,324.0,881.0,45.0,59.0,56.0,1472,manual,94.0,31.0
763,VIDEO,262.0,893.0,45.0,59.0,57.0,1502,manual,87.0,26.0
764,VIDEO,238.0,893.0,45.0,59.0,57.0,1502,manual,81.0,26.0
765,VIDEO,40.0,668.0,43.0,47.0,51.0,300,manual,0.0,0.0
766,VIDEO,39.0,662.0,41.0,44.0,47.0,300,manual,0.0,0.0
767,VIDEO,39.0,668.0,40.0,44.0,46.0,300,manual,0.0,0.0
768,VIDEO,39.0,668.0,40.0,43.0,46.0,300,manual,0.0,0.0
