index,power_profile,power_usage,voltage,edge_temperature,junction_temperature,memory_temperature,sclk,performance,gpu_usage,memory_usage
0,COMPUTE,39.0,662.0,39.0,42.0,46.0,300,manual,0.0,0.0
1,COMPUTE,39.0,662.0,39.0,42.0,45.0,300,manual,0.0,0.0
2,COMPUTE,39.0,662.0,38.0,42.0,45.0,300,manual,0.0,0.0
3,COMPUTE,39.0,668.0,38.0,42.0,45.0,300,manual,0.0,0.0
4,COMPUTE,39.0,662.0,37.0,41.0,45.0,300,manual,0.0,0.0
5,COMPUTE,39.0,675.0,37.0,41.0,44.0,300,manual,0.0,0.0
6,COMPUTE,39.0,662.0,37.0,41.0,44.0,300,manual,0.0,0.0
7,COMPUTE,39.0,662.0,37.0,40.0,44.0,300,manual,0.0,0.0
8,COMPUTE,39.0,662.0,36.0,40.0,44.0,300,manual,0.0,0.0
9,COMPUTE,39.0,662.0,36.0,40.0,44.0,300,manual,0.0,0.0
10,COMPUTE,284.0,881.0,39.0,50.0,45.0,1472,manual,99.0,12.0
11,COMPUTE,40.0,881.0,40.0,52.0,46.0,300,manual,0.0,0.0
12,COMPUTE,266.0,881.0,41.0,56.0,48.0,1472,manual,100.0,11.0
13,COMPUTE,331.0,881.0,41.0,57.0,48.0,1430,manual,99.0,11.0
14,COMPUTE,312.0,900.0,41.0,56.0,48.0,1472,manual,100.0,10.0
15,COMPUTE,278.0,881.0,42.0,57.0,49.0,1502,manual,100.0,14.0
16,COMPUTE,292.0,887.0,41.0,55.0,49.0,1472,manual,100.0,11.0
17,COMPUTE,223.0,875.0,41.0,52.0,46.0,1502,manual,97.0,12.0
18,COMPUTE,325.0,856.0,42.0,57.0,48.0,1430,manual,99.0,11.0
19,COMPUTE,298.0,887.0,42.0,57.0,48.0,1472,manual,100.0,12.0
20,COMPUTE,210.0,900.0,42.0,53.0,49.0,1502,manual,99.0,8.0
21,COMPUTE,287.0,875.0,43.0,58.0,50.0,1472,manual,100.0,13.0
22,COMPUTE,43.0,906.0,43.0,56.0,49.0,300,manual,0.0,0.0
23,COMPUTE,280.0,893.0,43.0,58.0,50.0,1472,manual,100.0,11.0
24,COMPUTE,291.0,900.0,44.0,59.0,50.0,1472,manual,100.0,8.0
25,COMPUTE,301.0,881.0,43.0,58.0,50.0,1472,manual,99.0,14.0
26,COMPUTE,288.0,887.0,43.0,58.0,50.0,1472,manual,99.0,11.0
27,COMPUTE,295.0,881.0,43.0,58.0,50.0,1472,manual,99.0,13.0
28,COMPUTE,278.0,900.0,44.0,59.0,50.0,1472,manual,100.0,12.0
29,COMPUTE,219.0,881.0,43.0,58.0,50.0,1502,manual,100.0,13.0
30,COMPUTE,332.0,662.0,44.0,59.0,51.0,1472,manual,100.0,13.0
31,COMPUTE,308.0,881.0,44.0,59.0,50.0,1472,manual,99.0,13.0
32,COMPUTE,287.0,881.0,44.0,58.0,50.0,1472,manual,100.0,11.0
33,COMPUTE,237.0,906.0,44.0,59.0,51.0,1472,manual,100.0,13.0
34,COMPUTE,299.0,881.0,44.0,60.0,51.0,1472,manual,99.0,13.0
35,COMPUTE,326.0,856.0,44.0,60.0,50.0,1472,manual,99.0,12.0
36,COMPUTE,226.0,881.0,44.0,58.0,51.0,1472,manual,100.0,13.0
37,COMPUTE,44.0,887.0,44.0,59.0,50.0,300,manual,0.0,0.0
38,COMPUTE,272.0,881.0,45.0,60.0,51.0,1472,manual,99.0,13.0
39,COMPUTE,281.0,881.0,45.0,60.0,51.0,1472,manual,99.0,9.0
40,COMPUTE,284.0,893.0,45.0,60.0,51.0,1502,manual,100.0,13.0
41,COMPUTE,294.0,881.0,45.0,61.0,51.0,1472,manual,100.0,12.0
42,COMPUTE,318.0,887.0,45.0,59.0,51.0,1430,manual,100.0,11.0
43,COMPUTE,237.0,906.0,45.0,60.0,52.0,1472,manual,100.0,12.0
44,COMPUTE,268.0,881.0,45.0,61.0,52.0,1472,manual,99.0,14.0
45,COMPUTE,283.0,856.0,44.0,58.0,51.0,1472,manual,99.0,12.0
46,COMPUTE,214.0,881.0,45.0,60.0,52.0,1502,manual,100.0,13.0
47,COMPUTE,318.0,881.0,45.0,59.0,51.0,1472,manual,100.0,11.0
48,COMPUTE,266.0,900.0,45.0,61.0,52.0,1502,manual,99.0,12.0
49,COMPUTE,300.0,881.0,45.0,60.0,51.0,1472,manual,99.0,11.0
50,COMPUTE,44.0,868.0,45.0,61.0,51.0,300,manual,0.0,0.0
51,COMPUTE,279.0,881.0,45.0,61.0,52.0,1472,manual,99.0,12.0
52,COMPUTE,283.0,887.0,46.0,61.0,52.0,1472,manual,100.0,12.0
53,COMPUTE,313.0,881.0,44.0,54.0,51.0,1472,manual,99.0,12.0
54,COMPUTE,279.0,881.0,46.0,61.0,52.0,1472,manual,100.0,12.0
55,COMPUTE,44.0,893.0,45.0,56.0,51.0,300,manual,0.0,0.0
56,COMPUTE,280.0,881.0,46.0,61.0,52.0,1472,manual,100.0,13.0
57,COMPUTE,289.0,906.0,46.0,61.0,52.0,1430,manual,100.0,9.0
58,COMPUTE,256.0,875.0,46.0,62.0,52.0,1472,manual,99.0,11.0
59,COMPUTE,265.0,856.0,46.0,62.0,53.0,1472,manual,100.0,12.0
60,COMPUTE,287.0,893.0,46.0,61.0,52.0,1472,manual,100.0,10.0
61,COMPUTE,282.0,856.0,46.0,60.0,52.0,1472,manual,100.0,11.0
62,COMPUTE,319.0,893.0,46.0,62.0,52.0,1472,manual,99.0,11.0
63,COMPUTE,278.0,881.0,46.0,59.0,51.0,1472,manual,99.0,13.0
64,COMPUTE,289.0,881.0,47.0,62.0,53.0,1472,manual,100.0,11.0
65,COMPUTE,288.0,881.0,46.0,61.0,52.0,1472,manual,99.0,11.0
66,COMPUTE,322.0,893.0,47.0,62.0,52.0,1472,manual,100.0,13.0
67,COMPUTE,333.0,881.0,46.0,61.0,53.0,1430,manual,99.0,11.0
68,COMPUTE,297.0,881.0,47.0,62.0,53.0,1472,manual,100.0,8.0
69,COMPUTE,278.0,906.0,46.0,61.0,53.0,1472,manual,100.0,11.0
70,COMPUTE,310.0,893.0,46.0,61.0,53.0,1472,manual,100.0,13.0
71,COMPUTE,256.0,868.0,47.0,62.0,53.0,1472,manual,100.0,11.0
72,COMPUTE,318.0,881.0,47.0,62.0,52.0,1472,manual,100.0,12.0
73,COMPUTE,304.0,906.0,46.0,57.0,51.0,1472,manual,99.0,11.0
74,COMPUTE,291.0,881.0,47.0,62.0,53.0,1430,manual,100.0,11.0
75,COMPUTE,281.0,881.0,46.0,62.0,53.0,1472,manual,100.0,12.0
76,COMPUTE,265.0,912.0,46.0,61.0,53.0,1472,manual,99.0,8.0
77,COMPUTE,303.0,881.0,47.0,62.0,52.0,1472,manual,99.0,13.0
78,COMPUTE,222.0,662.0,47.0,62.0,52.0,1472,manual,99.0,13.0
79,COMPUTE,269.0,856.0,47.0,62.0,53.0,1430,manual,100.0,11.0
80,COMPUTE,290.0,881.0,47.0,61.0,53.0,1472,manual,100.0,11.0
81,COMPUTE,298.0,881.0,47.0,62.0,53.0,1472,manual,100.0,14.0
82,COMPUTE,252.0,881.0,46.0,59.0,53.0,1472,manual,99.0,13.0
83,COMPUTE,219.0,893.0,47.0,62.0,53.0,1502,manual,100.0,13.0
84,COMPUTE,289.0,887.0,47.0,62.0,53.0,1472,manual,100.0,11.0
85,COMPUTE,308.0,881.0,47.0,62.0,53.0,1472,manual,99.0,14.0
86,COMPUTE,279.0,881.0,46.0,58.0,52.0,1472,manual,99.0,10.0
87,COMPUTE,272.0,881.0,47.0,63.0,53.0,1472,manual,100.0,13.0
88,COMPUTE,290.0,893.0,48.0,63.0,52.0,1472,manual,100.0,11.0
89,COMPUTE,303.0,893.0,47.0,61.0,53.0,1430,manual,100.0,12.0
90,COMPUTE,285.0,887.0,47.0,63.0,53.0,1472,manual,100.0,12.0
91,COMPUTE,295.0,868.0,47.0,62.0,53.0,1472,manual,100.0,12.0
92,COMPUTE,315.0,881.0,47.0,63.0,54.0,1472,manual,100.0,13.0
93,COMPUTE,270.0,881.0,47.0,62.0,53.0,1472,manual,100.0,12.0
94,COMPUTE,282.0,881.0,47.0,61.0,53.0,1472,manual,100.0,11.0
95,COMPUTE,292.0,893.0,47.0,63.0,54.0,1472,manual,99.0,11.0
96,COMPUTE,44.0,862.0,48.0,62.0,53.0,300,manual,0.0,0.0
97,COMPUTE,333.0,881.0,47.0,63.0,53.0,1472,manual,100.0,11.0
98,COMPUTE,338.0,881.0,47.0,63.0,53.0,1430,manual,100.0,13.0
99,COMPUTE,300.0,881.0,47.0,59.0,52.0,1472,manual,100.0,13.0
100,COMPUTE,266.0,856.0,48.0,63.0,53.0,1472,manual,100.0,8.0
101,COMPUTE,286.0,850.0,48.0,63.0,52.0,1430,manual,100.0,14.0
102,COMPUTE,298.0,862.0,48.0,63.0,53.0,1430,manual,100.0,13.0
103,COMPUTE,311.0,881.0,47.0,60.0,53.0,1430,manual,100.0,14.0
104,COMPUTE,300.0,893.0,47.0,60.0,53.0,1472,manual,100.0,12.0
105,COMPUTE,208.0,893.0,48.0,61.0,53.0,1502,manual,100.0,11.0
106,COMPUTE,304.0,875.0,48.0,63.0,53.0,1472,manual,99.0,12.0
107,COMPUTE,221.0,856.0,48.0,61.0,53.0,1472,manual,100.0,12.0
108,COMPUTE,336.0,856.0,48.0,63.0,54.0,1472,manual,99.0,10.0
109,COMPUTE,314.0,868.0,48.0,62.0,54.0,1472,manual,100.0,13.0
110,COMPUTE,261.0,881.0,48.0,63.0,53.0,1472,manual,100.0,8.0
111,COMPUTE,263.0,887.0,47.0,62.0,54.0,1472,manual,99.0,10.0
112,COMPUTE,305.0,856.0,48.0,64.0,54.0,1472,manual,100.0,11.0
113,COMPUTE,307.0,893.0,48.0,63.0,54.0,1472,manual,100.0,14.0
114,COMPUTE,44.0,881.0,47.0,61.0,53.0,300,manual,0.0,0.0
115,COMPUTE,323.0,887.0,48.0,63.0,54.0,1472,manual,100.0,12.0
116,COMPUTE,44.0,881.0,48.0,60.0,53.0,300,manual,0.0,0.0
117,COMPUTE,300.0,906.0,48.0,63.0,54.0,1430,manual,100.0,14.0
118,COMPUTE,334.0,668.0,48.0,64.0,54.0,1472,manual,100.0,11.0
119,COMPUTE,136.0,862.0,48.0,63.0,54.0,1502,manual,64.0,5.0
120,COMPUTE,284.0,893.0,48.0,64.0,54.0,1472,manual,100.0,10.0
121,COMPUTE,209.0,875.0,48.0,61.0,53.0,1502,manual,100.0,11.0
122,COMPUTE,332.0,862.0,47.0,62.0,54.0,1430,manual,100.0,13.0
123,COMPUTE,262.0,662.0,48.0,64.0,54.0,1472,manual,99.0,11.0
124,COMPUTE,272.0,856.0,48.0,63.0,54.0,1430,manual,100.0,12.0
125,COMPUTE,280.0,881.0,48.0,63.0,54.0,1430,manual,100.0,11.0
126,COMPUTE,335.0,881.0,48.0,64.0,53.0,1472,manual,100.0,13.0
127,COMPUTE,272.0,881.0,48.0,63.0,54.0,1430,manual,100.0,10.0
128,COMPUTE,295.0,662.0,48.0,64.0,53.0,1472,manual,100.0,14.0
129,COMPUTE,291.0,881.0,48.0,63.0,53.0,1430,manual,99.0,12.0
130,COMPUTE,301.0,893.0,48.0,61.0,54.0,1472,manual,100.0,11.0
131,COMPUTE,302.0,881.0,48.0,64.0,54.0,1472,manual,99.0,11.0
132,COMPUTE,279.0,925.0,48.0,64.0,54.0,1472,manual,100.0,11.0
133,COMPUTE,312.0,856.0,47.0,63.0,53.0,1472,manual,99.0,14.0
134,COMPUTE,291.0,893.0,48.0,64.0,54.0,1472,manual,99.0,13.0
135,COMPUTE,293.0,881.0,48.0,63.0,54.0,1472,manual,100.0,12.0
136,COMPUTE,295.0,906.0,48.0,64.0,54.0,1472,manual,100.0,11.0
137,COMPUTE,286.0,868.0,48.0,63.0,54.0,1430,manual,99.0,13.0
138,COMPUTE,205.0,881.0,48.0,61.0,54.0,1502,manual,99.0,11.0
139,COMPUTE,279.0,887.0,48.0,64.0,54.0,1472,manual,99.0,10.0
140,COMPUTE,270.0,881.0,48.0,63.0,54.0,1430,manual,100.0,13.0
141,COMPUTE,281.0,881.0,48.0,61.0,54.0,1472,manual,100.0,11.0
142,COMPUTE,289.0,862.0,48.0,64.0,54.0,1472,manual,100.0,13.0
143,COMPUTE,263.0,856.0,48.0,63.0,54.0,1430,manual,100.0,10.0
144,COMPUTE,113.0,856.0,47.0,57.0,53.0,1502,manual,42.0,5.0
145,COMPUTE,293.0,887.0,48.0,64.0,54.0,1472,manual,100.0,14.0
146,COMPUTE,280.0,850.0,49.0,64.0,54.0,1430,manual,100.0,10.0
147,COMPUTE,285.0,881.0,48.0,64.0,54.0,1472,manual,100.0,13.0
148,COMPUTE,332.0,881.0,48.0,63.0,54.0,1472,manual,100.0,11.0
149,COMPUTE,306.0,881.0,48.0,64.0,53.0,1472,manual,100.0,14.0
150,COMPUTE,269.0,906.0,48.0,63.0,53.0,1472,manual,100.0,10.0
151,COMPUTE,292.0,893.0,49.0,64.0,54.0,1430,manual,100.0,11.0
152,COMPUTE,246.0,881.0,48.0,64.0,54.0,1472,manual,99.0,9.0
153,COMPUTE,261.0,856.0,49.0,64.0,54.0,1472,manual,99.0,12.0
154,COMPUTE,269.0,862.0,48.0,64.0,55.0,1472,manual,100.0,13.0
155,COMPUTE,266.0,862.0,49.0,64.0,53.0,1472,manual,100.0,14.0
156,COMPUTE,308.0,662.0,49.0,64.0,55.0,1472,manual,100.0,12.0
157,COMPUTE,290.0,862.0,48.0,64.0,54.0,1430,manual,100.0,12.0
158,COMPUTE,291.0,856.0,49.0,63.0,54.0,1472,manual,99.0,14.0
159,COMPUTE,262.0,856.0,49.0,64.0,55.0,1472,manual,100.0,13.0
160,COMPUTE,285.0,906.0,49.0,63.0,53.0,1472,manual,99.0,10.0
161,COMPUTE,329.0,906.0,48.0,62.0,54.0,1430,manual,99.0,11.0
162,COMPUTE,270.0,662.0,49.0,64.0,55.0,1430,manual,99.0,11.0
163,COMPUTE,288.0,893.0,48.0,64.0,54.0,1472,manual,100.0,10.0
164,COMPUTE,296.0,881.0,48.0,62.0,54.0,1472,manual,96.0,12.0
165,COMPUTE,73.0,893.0,48.0,58.0,53.0,1502,manual,27.0,1.0
166,COMPUTE,44.0,875.0,47.0,55.0,53.0,300,manual,0.0,0.0
167,COMPUTE,250.0,881.0,48.0,63.0,54.0,1472,manual,99.0,12.0
168,COMPUTE,286.0,925.0,49.0,64.0,55.0,1472,manual,100.0,10.0
169,COMPUTE,283.0,881.0,48.0,63.0,54.0,1472,manual,100.0,12.0
170,COMPUTE,299.0,662.0,49.0,64.0,55.0,1472,manual,100.0,12.0
171,COMPUTE,297.0,856.0,49.0,64.0,55.0,1430,manual,100.0,11.0
172,COMPUTE,302.0,881.0,49.0,64.0,55.0,1472,manual,100.0,13.0
173,COMPUTE,261.0,881.0,48.0,59.0,54.0,1472,manual,99.0,11.0
174,COMPUTE,285.0,881.0,49.0,65.0,55.0,1472,manual,100.0,13.0
175,COMPUTE,272.0,662.0,48.0,64.0,55.0,1430,manual,100.0,8.0
176,COMPUTE,295.0,881.0,48.0,64.0,55.0,1472,manual,100.0,9.0
177,COMPUTE,271.0,856.0,49.0,65.0,54.0,1430,manual,100.0,10.0
178,COMPUTE,264.0,881.0,48.0,62.0,55.0,1430,manual,99.0,10.0
179,COMPUTE,316.0,881.0,49.0,64.0,54.0,1430,manual,99.0,13.0
180,COMPUTE,337.0,881.0,48.0,63.0,55.0,1472,manual,100.0,8.0
181,COMPUTE,271.0,881.0,48.0,61.0,54.0,1430,manual,99.0,12.0
182,COMPUTE,287.0,856.0,48.0,64.0,55.0,1430,manual,99.0,13.0
183,COMPUTE,280.0,893.0,48.0,64.0,55.0,1430,manual,100.0,11.0
184,COMPUTE,284.0,893.0,49.0,64.0,54.0,1472,manual,100.0,13.0
185,COMPUTE,337.0,881.0,49.0,63.0,54.0,1430,manual,100.0,11.0
186,COMPUTE,260.0,893.0,47.0,59.0,54.0,1472,manual,99.0,13.0
187,COMPUTE,304.0,662.0,48.0,64.0,55.0,1430,manual,100.0,11.0
188,COMPUTE,287.0,881.0,49.0,64.0,55.0,1472,manual,100.0,9.0
189,COMPUTE,315.0,856.0,49.0,63.0,55.0,1430,manual,100.0,13.0
190,COMPUTE,266.0,862.0,49.0,64.0,54.0,1472,manual,100.0,14.0
191,COMPUTE,290.0,881.0,49.0,64.0,55.0,1472,manual,100.0,14.0
192,COMPUTE,268.0,881.0,49.0,65.0,55.0,1472,manual,100.0,11.0
193,COMPUTE,293.0,881.0,49.0,64.0,55.0,1472,manual,100.0,12.0
194,COMPUTE,290.0,881.0,49.0,64.0,55.0,1472,manual,100.0,13.0
195,COMPUTE,336.0,912.0,49.0,64.0,55.0,1472,manual,100.0,12.0
196,COMPUTE,231.0,881.0,48.0,58.0,54.0,1502,manual,99.0,11.0
197,COMPUTE,310.0,912.0,49.0,64.0,55.0,1472,manual,100.0,13.0
198,COMPUTE,291.0,881.0,48.0,63.0,54.0,1472,manual,100.0,11.0
199,COMPUTE,292.0,893.0,49.0,64.0,55.0,1430,manual,99.0,13.0
200,COMPUTE,286.0,887.0,49.0,64.0,55.0,1472,manual,100.0,12.0
201,COMPUTE,277.0,662.0,49.0,64.0,55.0,1430,manual,100.0,10.0
202,COMPUTE,306.0,893.0,49.0,64.0,55.0,1472,manual,100.0,13.0
203,COMPUTE,220.0,906.0,49.0,64.0,55.0,1502,manual,80.0,4.0
204,COMPUTE,306.0,856.0,49.0,64.0,54.0,1430,manual,99.0,9.0
205,COMPUTE,294.0,881.0,49.0,64.0,55.0,1472,manual,99.0,14.0
206,COMPUTE,282.0,887.0,48.0,61.0,54.0,1472,manual,99.0,12.0
