index,power_profile,power_usage,voltage,edge_temperature,junction_temperature,memory_temperature,sclk,performance,gpu_usage,memory_usage
0,VIDEO,39.0,662.0,37.0,41.0,44.0,300,manual,0.0,0.0
1,VIDEO,39.0,662.0,37.0,40.0,44.0,300,manual,0.0,0.0
2,VIDEO,39.0,662.0,37.0,40.0,44.0,300,manual,0.0,0.0
3,VIDEO,39.0,675.0,37.0,40.0,43.0,300,manual,0.0,0.0
4,VIDEO,39.0,662.0,36.0,40.0,43.0,300,manual,0.0,0.0
5,VIDEO,39.0,668.0,36.0,39.0,43.0,300,manual,0.0,0.0
6,VIDEO,39.0,662.0,35.0,39.0,43.0,300,manual,0.0,0.0
7,VIDEO,39.0,662.0,35.0,39.0,42.0,300,manual,0.0,0.0
8,VIDEO,39.0,675.0,35.0,39.0,42.0,300,manual,0.0,0.0
9,VIDEO,39.0,662.0,35.0,39.0,42.0,300,manual,0.0,0.0
10,VIDEO,39.0,662.0,35.0,39.0,42.0,300,manual,0.0,0.0
11,VIDEO,39.0,662.0,34.0,38.0,42.0,300,manual,0.0,0.0
12,VIDEO,39.0,668.0,34.0,38.0,41.0,300,manual,0.0,0.0
13,VIDEO,39.0,662.0,34.0,37.0,42.0,300,manual,0.0,0.0
14,VIDEO,39.0,662.0,33.0,37.0,41.0,300,manual,0.0,0.0
15,VIDEO,39.0,662.0,33.0,37.0,41.0,300,manual,0.0,0.0
16,VIDEO,39.0,662.0,33.0,37.0,41.0,300,manual,0.0,0.0
17,VIDEO,39.0,662.0,33.0,37.0,40.0,300,manual,0.0,0.0
18,VIDEO,39.0,662.0,33.0,36.0,40.0,300,manual,0.0,0.0
19,VIDEO,39.0,662.0,33.0,36.0,40.0,300,manual,0.0,0.0
20,VIDEO,39.0,662.0,32.0,36.0,40.0,300,manual,0.0,0.0
21,VIDEO,38.0,662.0,32.0,36.0,40.0,300,manual,0.0,0.0
22,VIDEO,38.0,918.0,32.0,36.0,40.0,300,manual,0.0,0.0
23,VIDEO,43.0,912.0,32.0,35.0,40.0,1502,manual,0.0,0.0
24,VIDEO,39.0,662.0,32.0,36.0,39.0,300,manual,0.0,0.0
25,VIDEO,39.0,662.0,32.0,35.0,39.0,300,manual,0.0,0.0
26,VIDEO,39.0,662.0,31.0,35.0,38.0,300,manual,0.0,0.0
27,VIDEO,42.0,912.0,31.0,35.0,39.0,1502,manual,0.0,0.0
28,VIDEO,37.0,662.0,31.0,35.0,38.0,300,manual,0.0,0.0
29,VIDEO,44.0,918.0,31.0,35.0,38.0,1502,manual,0.0,0.0
30,VIDEO,67.0,662.0,31.0,35.0,38.0,1502,manual,14.0,2.0
31,VIDEO,51.0,912.0,31.0,35.0,38.0,300,manual,2.0,0.0
32,VIDEO,67.0,662.0,31.0,35.0,38.0,1502,manual,1.0,1.0
33,VIDEO,37.0,918.0,31.0,34.0,38.0,300,manual,0.0,0.0
34,VIDEO,52.0,662.0,31.0,34.0,38.0,300,manual,1.0,1.0
35,VIDEO,53.0,918.0,31.0,34.0,37.0,1502,manual,4.0,2.0
36,VIDEO,43.0,693.0,31.0,34.0,38.0,300,manual,0.0,0.0
37,VIDEO,38.0,918.0,31.0,34.0,38.0,300,manual,0.0,0.0
38,VIDEO,60.0,925.0,30.0,34.0,38.0,1502,manual,2.0,0.0
39,VIDEO,37.0,662.0,30.0,34.0,38.0,300,manual,0.0,0.0
40,VIDEO,46.0,662.0,30.0,34.0,38.0,1502,manual,5.0,0.0
41,VIDEO,38.0,900.0,30.0,33.0,38.0,1502,manual,0.0,0.0
42,VIDEO,49.0,925.0,31.0,35.0,39.0,300,manual,1.0,1.0
43,VIDEO,41.0,918.0,31.0,34.0,39.0,300,manual,0.0,0.0
44,VIDEO,44.0,918.0,30.0,34.0,38.0,1502,manual,0.0,0.0
45,VIDEO,300.0,887.0,30.0,35.0,40.0,1502,manual,99.0,29.0
46,VIDEO,290.0,893.0,33.0,48.0,48.0,1472,manual,100.0,29.0
47,VIDEO,286.0,862.0,34.0,50.0,50.0,1430,manual,100.0,34.0
48,VIDEO,278.0,887.0,35.0,51.0,50.0,1472,manual,100.0,29.0
49,VIDEO,290.0,862.0,35.0,51.0,51.0,1430,manual,100.0,36.0
50,VIDEO,295.0,893.0,35.0,51.0,50.0,1430,manual,100.0,32.0
51,VIDEO,292.0,887.0,36.0,52.0,52.0,1472,manual,100.0,28.0
52,VIDEO,284.0,868.0,36.0,53.0,52.0,1472,manual,100.0,36.0
53,VIDEO,298.0,893.0,37.0,53.0,53.0,1430,manual,100.0,32.0
54,VIDEO,295.0,893.0,37.0,53.0,54.0,1472,manual,100.0,32.0
55,VIDEO,301.0,868.0,37.0,52.0,51.0,1430,manual,100.0,37.0
56,VIDEO,295.0,862.0,38.0,53.0,53.0,1472,manual,100.0,31.0
57,VIDEO,267.0,912.0,38.0,54.0,52.0,1502,manual,100.0,50.0
58,VIDEO,286.0,893.0,39.0,54.0,53.0,1472,manual,100.0,34.0
59,VIDEO,296.0,887.0,39.0,54.0,55.0,1472,manual,100.0,29.0
60,VIDEO,294.0,868.0,39.0,53.0,52.0,1430,manual,100.0,28.0
61,VIDEO,295.0,887.0,39.0,54.0,54.0,1472,manual,100.0,32.0
62,VIDEO,287.0,862.0,39.0,55.0,55.0,1430,manual,100.0,34.0
63,VIDEO,294.0,893.0,39.0,55.0,55.0,1472,manual,100.0,31.0
64,VIDEO,298.0,862.0,39.0,56.0,56.0,1430,manual,100.0,35.0
65,VIDEO,251.0,893.0,40.0,53.0,52.0,1502,manual,100.0,13.0
66,VIDEO,290.0,862.0,40.0,56.0,56.0,1430,manual,100.0,36.0
67,VIDEO,294.0,893.0,40.0,56.0,56.0,1430,manual,100.0,30.0
68,VIDEO,267.0,893.0,41.0,56.0,56.0,1502,manual,100.0,49.0
69,VIDEO,301.0,893.0,41.0,56.0,56.0,1430,manual,100.0,34.0
70,VIDEO,238.0,887.0,41.0,54.0,53.0,1502,manual,100.0,14.0
71,VIDEO,231.0,893.0,41.0,57.0,56.0,1502,manual,100.0,48.0
72,VIDEO,291.0,893.0,41.0,57.0,57.0,1472,manual,100.0,31.0
73,VIDEO,268.0,912.0,41.0,57.0,57.0,1502,manual,100.0,49.0
74,VIDEO,302.0,893.0,42.0,57.0,57.0,1430,manual,100.0,33.0
75,VIDEO,251.0,906.0,42.0,55.0,55.0,1502,manual,100.0,13.0
76,VIDEO,288.0,862.0,42.0,57.0,57.0,1430,manual,100.0,33.0
77,VIDEO,281.0,868.0,42.0,58.0,57.0,1472,manual,100.0,30.0
78,VIDEO,296.0,893.0,42.0,58.0,57.0,1430,manual,100.0,30.0
79,VIDEO,297.0,887.0,42.0,58.0,57.0,1472,manual,100.0,32.0
80,VIDEO,288.0,912.0,42.0,58.0,58.0,1430,manual,100.0,35.0
81,VIDEO,282.0,893.0,42.0,57.0,58.0,1472,manual,100.0,29.0
82,VIDEO,281.0,893.0,43.0,58.0,58.0,1472,manual,100.0,28.0
83,VIDEO,298.0,893.0,43.0,59.0,58.0,1430,manual,100.0,30.0
84,VIDEO,290.0,862.0,43.0,59.0,58.0,1430,manual,100.0,36.0
85,VIDEO,280.0,862.0,43.0,59.0,58.0,1502,manual,99.0,50.0
86,VIDEO,298.0,887.0,43.0,58.0,58.0,1430,manual,100.0,33.0
87,VIDEO,269.0,912.0,43.0,59.0,58.0,1502,manual,100.0,50.0
88,VIDEO,282.0,862.0,43.0,59.0,59.0,1430,manual,100.0,30.0
89,VIDEO,282.0,893.0,43.0,59.0,58.0,1472,manual,100.0,33.0
90,VIDEO,299.0,893.0,44.0,60.0,59.0,1430,manual,100.0,30.0
91,VIDEO,282.0,868.0,43.0,58.0,57.0,1472,manual,100.0,29.0
92,VIDEO,304.0,868.0,44.0,58.0,56.0,1472,manual,99.0,35.0
93,VIDEO,267.0,906.0,44.0,60.0,59.0,1502,manual,100.0,48.0
94,VIDEO,284.0,893.0,44.0,60.0,60.0,1430,manual,100.0,31.0
95,VIDEO,297.0,925.0,44.0,60.0,59.0,1472,manual,100.0,32.0
96,VIDEO,250.0,887.0,44.0,57.0,56.0,1502,manual,100.0,15.0
97,VIDEO,290.0,862.0,44.0,60.0,60.0,1430,manual,100.0,38.0
98,VIDEO,272.0,893.0,44.0,60.0,60.0,1502,manual,100.0,50.0
99,VIDEO,299.0,893.0,44.0,59.0,60.0,1472,manual,100.0,30.0
100,VIDEO,286.0,862.0,44.0,61.0,61.0,1430,manual,100.0,37.0
101,VIDEO,272.0,912.0,45.0,61.0,61.0,1502,manual,100.0,50.0
102,VIDEO,283.0,862.0,45.0,61.0,60.0,1430,manual,100.0,31.0
103,VIDEO,284.0,893.0,45.0,61.0,60.0,1472,manual,100.0,33.0
104,VIDEO,300.0,862.0,45.0,61.0,60.0,1430,manual,100.0,34.0
105,VIDEO,283.0,868.0,45.0,61.0,61.0,1472,manual,100.0,29.0
106,VIDEO,285.0,868.0,45.0,61.0,60.0,1430,manual,100.0,30.0
107,VIDEO,274.0,912.0,45.0,60.0,59.0,1502,manual,100.0,50.0
108,VIDEO,138.0,862.0,45.0,61.0,60.0,1502,manual,100.0,0.0
109,VIDEO,283.0,862.0,45.0,61.0,61.0,1472,manual,100.0,31.0
110,VIDEO,288.0,868.0,45.0,61.0,61.0,1430,manual,100.0,35.0
111,VIDEO,299.0,912.0,45.0,61.0,61.0,1472,manual,99.0,30.0
112,VIDEO,259.0,893.0,45.0,58.0,57.0,1502,manual,100.0,15.0
113,VIDEO,288.0,862.0,45.0,61.0,61.0,1430,manual,100.0,34.0
114,VIDEO,272.0,912.0,46.0,61.0,61.0,1502,manual,100.0,50.0
115,VIDEO,272.0,912.0,46.0,61.0,61.0,1502,manual,100.0,50.0
116,VIDEO,294.0,887.0,45.0,62.0,61.0,1472,manual,100.0,30.0
117,VIDEO,254.0,912.0,46.0,60.0,59.0,1502,manual,100.0,14.0
118,VIDEO,298.0,893.0,46.0,61.0,61.0,1472,manual,100.0,30.0
119,VIDEO,296.0,887.0,46.0,62.0,61.0,1430,manual,100.0,32.0
120,VIDEO,299.0,893.0,46.0,62.0,60.0,1430,manual,100.0,29.0
121,VIDEO,281.0,868.0,46.0,61.0,61.0,1472,manual,100.0,33.0
122,VIDEO,286.0,912.0,46.0,62.0,62.0,1472,manual,100.0,35.0
123,VIDEO,66.0,925.0,45.0,56.0,56.0,1502,manual,2.0,0.0
124,VIDEO,45.0,662.0,42.0,46.0,50.0,300,manual,0.0,0.0
125,VIDEO,45.0,662.0,41.0,45.0,49.0,300,manual,0.0,2.0
126,VIDEO,39.0,668.0,41.0,44.0,48.0,300,manual,0.0,0.0
127,VIDEO,39.0,662.0,40.0,43.0,47.0,300,manual,0.0,0.0
128,VIDEO,39.0,662.0,40.0,44.0,46.0,300,manual,0.0,0.0
129,VIDEO,39.0,662.0,40.0,43.0,46.0,300,manual,0.0,0.0
130,VIDEO,39.0,668.0,39.0,43.0,46.0,300,manual,0.0,0.0
131,VIDEO,39.0,662.0,38.0,42.0,45.0,300,manual,0.0,0.0
132,VIDEO,39.0,662.0,38.0,42.0,45.0,300,manual,0.0,0.0
133,VIDEO,39.0,662.0,38.0,41.0,44.0,300,manual,0.0,0.0
134,VIDEO,39.0,662.0,37.0,41.0,44.0,300,manual,0.0,0.0
135,VIDEO,39.0,662.0,37.0,41.0,44.0,300,manual,0.0,0.0
136,VIDEO,39.0,662.0,37.0,40.0,44.0,300,manual,0.0,0.0
137,VIDEO,39.0,662.0,37.0,40.0,43.0,300,manual,0.0,0.0
138,VIDEO,39.0,662.0,36.0,39.0,43.0,300,manual,0.0,0.0
139,VIDEO,39.0,662.0,36.0,39.0,43.0,300,manual,0.0,0.0
140,VIDEO,39.0,668.0,35.0,39.0,42.0,300,manual,0.0,0.0
141,VIDEO,39.0,662.0,35.0,39.0,43.0,300,manual,0.0,0.0
142,VIDEO,39.0,662.0,35.0,38.0,42.0,300,manual,0.0,1.0
143,VIDEO,65.0,918.0,35.0,38.0,42.0,1502,manual,2.0,0.0
144,VIDEO,39.0,662.0,35.0,38.0,42.0,300,manual,0.0,0.0
145,VIDEO,39.0,662.0,34.0,38.0,42.0,300,manual,0.0,0.0
146,VIDEO,39.0,662.0,34.0,37.0,41.0,300,manual,0.0,0.0
147,VIDEO,39.0,918.0,33.0,37.0,41.0,300,manual,0.0,0.0
148,VIDEO,114.0,662.0,34.0,37.0,41.0,1502,manual,20.0,1.0
149,VIDEO,62.0,662.0,33.0,37.0,41.0,1502,manual,2.0,1.0
150,VIDEO,66.0,662.0,33.0,37.0,41.0,1502,manual,2.0,1.0
151,VIDEO,47.0,918.0,33.0,37.0,41.0,1502,manual,5.0,2.0
152,VIDEO,51.0,843.0,33.0,36.0,41.0,300,manual,1.0,0.0
153,VIDEO,39.0,925.0,33.0,37.0,41.0,300,manual,0.0,0.0
154,VIDEO,66.0,662.0,33.0,36.0,40.0,1502,manual,1.0,1.0
155,VIDEO,39.0,662.0,32.0,36.0,41.0,300,manual,1.0,0.0
156,VIDEO,59.0,756.0,32.0,36.0,40.0,1502,manual,3.0,1.0
157,VIDEO,39.0,662.0,32.0,36.0,40.0,300,manual,1.0,0.0
158,VIDEO,41.0,925.0,32.0,35.0,40.0,300,manual,0.0,0.0
159,VIDEO,64.0,668.0,32.0,35.0,40.0,1502,manual,2.0,0.0
160,VIDEO,42.0,918.0,31.0,35.0,39.0,300,manual,0.0,2.0
161,VIDEO,62.0,662.0,31.0,35.0,39.0,1502,manual,2.0,0.0
162,VIDEO,235.0,906.0,33.0,42.0,40.0,1502,manual,99.0,10.0
163,VIDEO,38.0,668.0,32.0,35.0,40.0,300,manual,0.0,0.0
164,VIDEO,263.0,912.0,34.0,47.0,52.0,1502,manual,100.0,44.0
165,VIDEO,38.0,662.0,32.0,36.0,41.0,300,manual,0.0,0.0
166,VIDEO,290.0,850.0,33.0,45.0,45.0,1404,manual,100.0,26.0
167,VIDEO,293.0,887.0,35.0,52.0,48.0,1472,manual,100.0,22.0
168,VIDEO,299.0,906.0,36.0,53.0,48.0,1472,manual,100.0,23.0
169,VIDEO,294.0,900.0,36.0,54.0,48.0,1472,manual,100.0,21.0
170,VIDEO,287.0,862.0,37.0,54.0,48.0,1502,manual,100.0,16.0
171,VIDEO,279.0,887.0,38.0,55.0,49.0,1502,manual,100.0,17.0
172,VIDEO,292.0,906.0,38.0,55.0,50.0,1472,manual,100.0,22.0
173,VIDEO,266.0,906.0,38.0,56.0,49.0,1502,manual,100.0,49.0
174,VIDEO,298.0,887.0,38.0,56.0,49.0,1472,manual,100.0,18.0
175,VIDEO,290.0,893.0,38.0,56.0,50.0,1502,manual,100.0,17.0
176,VIDEO,283.0,887.0,39.0,57.0,50.0,1502,manual,100.0,17.0
177,VIDEO,292.0,912.0,39.0,57.0,51.0,1502,manual,100.0,18.0
178,VIDEO,299.0,906.0,39.0,57.0,51.0,1430,manual,100.0,24.0
179,VIDEO,291.0,906.0,39.0,57.0,51.0,1472,manual,100.0,19.0
180,VIDEO,287.0,862.0,39.0,56.0,50.0,1472,manual,100.0,18.0
181,VIDEO,283.0,912.0,40.0,57.0,52.0,1502,manual,100.0,20.0
182,VIDEO,299.0,893.0,40.0,57.0,52.0,1430,manual,100.0,24.0
183,VIDEO,288.0,906.0,40.0,58.0,51.0,1472,manual,100.0,19.0
184,VIDEO,278.0,918.0,40.0,56.0,58.0,1502,manual,100.0,43.0
185,VIDEO,293.0,862.0,39.0,53.0,50.0,1472,manual,100.0,16.0
186,VIDEO,279.0,893.0,40.0,57.0,52.0,1502,manual,100.0,18.0
187,VIDEO,299.0,893.0,41.0,58.0,52.0,1430,manual,100.0,24.0
188,VIDEO,281.0,881.0,41.0,59.0,52.0,1502,manual,100.0,17.0
189,VIDEO,286.0,906.0,41.0,59.0,52.0,1502,manual,100.0,18.0
190,VIDEO,282.0,912.0,41.0,59.0,53.0,1502,manual,100.0,19.0
191,VIDEO,296.0,906.0,42.0,59.0,53.0,1472,manual,100.0,23.0
192,VIDEO,286.0,906.0,42.0,59.0,53.0,1472,manual,100.0,19.0
193,VIDEO,287.0,862.0,42.0,60.0,53.0,1502,manual,100.0,16.0
194,VIDEO,286.0,906.0,42.0,60.0,54.0,1502,manual,100.0,19.0
195,VIDEO,296.0,906.0,42.0,59.0,54.0,1430,manual,100.0,24.0
196,VIDEO,294.0,862.0,42.0,59.0,53.0,1472,manual,100.0,17.0
197,VIDEO,299.0,912.0,42.0,60.0,54.0,1472,manual,99.0,20.0
198,VIDEO,283.0,893.0,42.0,60.0,53.0,1472,manual,99.0,22.0
199,VIDEO,287.0,893.0,43.0,60.0,54.0,1502,manual,100.0,22.0
200,VIDEO,287.0,862.0,43.0,60.0,54.0,1472,manual,100.0,19.0
201,VIDEO,174.0,893.0,43.0,60.0,55.0,1502,manual,100.0,27.0
202,VIDEO,298.0,893.0,43.0,61.0,55.0,1430,manual,100.0,21.0
203,VIDEO,290.0,925.0,43.0,61.0,54.0,1472,manual,100.0,20.0
204,VIDEO,266.0,662.0,42.0,56.0,54.0,1502,manual,100.0,43.0
205,VIDEO,295.0,862.0,43.0,59.0,54.0,1472,manual,100.0,17.0
206,VIDEO,302.0,893.0,43.0,60.0,55.0,1430,manual,100.0,22.0
207,VIDEO,297.0,906.0,43.0,60.0,55.0,1472,manual,100.0,20.0
208,VIDEO,286.0,906.0,43.0,62.0,55.0,1472,manual,100.0,21.0
209,VIDEO,284.0,893.0,44.0,61.0,55.0,1502,manual,100.0,18.0
210,VIDEO,282.0,893.0,44.0,61.0,55.0,1472,manual,100.0,21.0
211,VIDEO,268.0,906.0,44.0,62.0,55.0,1502,manual,100.0,49.0
212,VIDEO,297.0,862.0,44.0,61.0,54.0,1472,manual,100.0,18.0
213,VIDEO,283.0,893.0,44.0,62.0,56.0,1430,manual,100.0,24.0
214,VIDEO,297.0,906.0,45.0,62.0,56.0,1472,manual,99.0,20.0
215,VIDEO,287.0,893.0,44.0,62.0,56.0,1472,manual,100.0,19.0
216,VIDEO,295.0,862.0,44.0,62.0,56.0,1472,manual,100.0,16.0
217,VIDEO,287.0,887.0,45.0,62.0,56.0,1430,manual,100.0,24.0
218,VIDEO,302.0,893.0,45.0,62.0,57.0,1430,manual,100.0,21.0
219,VIDEO,137.0,887.0,45.0,63.0,55.0,1502,manual,100.0,0.0
220,VIDEO,288.0,893.0,45.0,62.0,56.0,1472,manual,100.0,18.0
221,VIDEO,300.0,881.0,45.0,62.0,57.0,1430,manual,100.0,23.0
222,VIDEO,294.0,887.0,45.0,63.0,56.0,1472,manual,100.0,18.0
223,VIDEO,280.0,912.0,45.0,61.0,58.0,1502,manual,100.0,43.0
224,VIDEO,56.0,862.0,43.0,48.0,52.0,300,manual,1.0,1.0
225,VIDEO,295.0,893.0,45.0,62.0,56.0,1472,manual,100.0,19.0
226,VIDEO,281.0,906.0,45.0,63.0,57.0,1472,manual,100.0,22.0
227,VIDEO,289.0,893.0,45.0,63.0,56.0,1472,manual,100.0,20.0
228,VIDEO,291.0,862.0,45.0,62.0,56.0,1472,manual,100.0,21.0
229,VIDEO,287.0,893.0,45.0,63.0,57.0,1430,manual,100.0,24.0
230,VIDEO,295.0,887.0,45.0,63.0,56.0,1472,manual,100.0,16.0
231,VIDEO,284.0,862.0,46.0,64.0,57.0,1472,manual,100.0,17.0
232,VIDEO,283.0,862.0,46.0,64.0,57.0,1502,manual,100.0,19.0
233,VIDEO,300.0,887.0,46.0,63.0,57.0,1430,manual,100.0,22.0
234,VIDEO,293.0,887.0,46.0,64.0,56.0,1472,manual,100.0,21.0
235,VIDEO,287.0,862.0,46.0,64.0,56.0,1472,manual,100.0,16.0
236,VIDEO,286.0,893.0,46.0,63.0,58.0,1430,manual,100.0,23.0
237,VIDEO,300.0,887.0,46.0,63.0,58.0,1430,manual,100.0,20.0
238,VIDEO,291.0,893.0,46.0,64.0,57.0,1472,manual,100.0,20.0
239,VIDEO,289.0,862.0,46.0,63.0,57.0,1472,manual,100.0,19.0
240,VIDEO,286.0,887.0,46.0,64.0,57.0,1430,manual,100.0,23.0
241,VIDEO,289.0,893.0,47.0,64.0,57.0,1472,manual,100.0,20.0
242,VIDEO,283.0,887.0,47.0,64.0,57.0,1502,manual,100.0,18.0
243,VIDEO,291.0,912.0,46.0,61.0,57.0,1430,manual,100.0,41.0
244,VIDEO,58.0,662.0,44.0,53.0,55.0,1502,manual,2.0,0.0
245,VIDEO,287.0,893.0,46.0,62.0,56.0,1472,manual,100.0,18.0
246,VIDEO,289.0,862.0,46.0,63.0,56.0,1472,manual,100.0,19.0
247,VIDEO,300.0,862.0,46.0,64.0,58.0,1472,manual,100.0,18.0
248,VIDEO,285.0,887.0,46.0,64.0,58.0,1430,manual,100.0,24.0
249,VIDEO,285.0,900.0,46.0,64.0,57.0,1502,manual,100.0,20.0
250,VIDEO,287.0,862.0,47.0,64.0,58.0,1472,manual,100.0,18.0
251,VIDEO,288.0,862.0,47.0,64.0,58.0,1472,manual,100.0,18.0
252,VIDEO,289.0,887.0,47.0,64.0,58.0,1430,manual,100.0,24.0
253,VIDEO,286.0,893.0,47.0,64.0,58.0,1472,manual,100.0,19.0
254,VIDEO,283.0,906.0,47.0,65.0,57.0,1502,manual,100.0,18.0
255,VIDEO,284.0,862.0,47.0,64.0,58.0,1502,manual,100.0,20.0
256,VIDEO,287.0,893.0,47.0,65.0,58.0,1430,manual,100.0,23.0
257,VIDEO,277.0,887.0,47.0,65.0,58.0,1502,manual,100.0,41.0
258,VIDEO,287.0,906.0,47.0,65.0,57.0,1472,manual,100.0,20.0
259,VIDEO,287.0,893.0,47.0,63.0,57.0,1472,manual,100.0,23.0
260,VIDEO,269.0,893.0,47.0,65.0,57.0,1502,manual,100.0,49.0
261,VIDEO,289.0,893.0,48.0,65.0,58.0,1472,manual,100.0,19.0
262,VIDEO,286.0,912.0,47.0,65.0,58.0,1472,manual,100.0,19.0
263,VIDEO,282.0,912.0,47.0,63.0,63.0,1502,manual,100.0,44.0
264,VIDEO,281.0,906.0,45.0,52.0,55.0,1472,manual,99.0,24.0
265,VIDEO,299.0,893.0,47.0,64.0,57.0,1472,manual,100.0,19.0
266,VIDEO,292.0,862.0,47.0,65.0,58.0,1502,manual,100.0,18.0
267,VIDEO,297.0,887.0,47.0,65.0,59.0,1472,manual,100.0,19.0
268,VIDEO,286.0,906.0,47.0,65.0,58.0,1430,manual,100.0,24.0
269,VIDEO,289.0,906.0,47.0,65.0,58.0,1472,manual,100.0,19.0
270,VIDEO,288.0,862.0,48.0,65.0,58.0,1502,manual,100.0,17.0
271,VIDEO,297.0,887.0,48.0,65.0,59.0,1472,manual,100.0,17.0
272,VIDEO,286.0,887.0,48.0,65.0,59.0,1430,manual,100.0,24.0
273,VIDEO,285.0,906.0,48.0,65.0,58.0,1472,manual,100.0,19.0
274,VIDEO,296.0,862.0,48.0,65.0,58.0,1472,manual,100.0,18.0
275,VIDEO,289.0,893.0,48.0,63.0,58.0,1430,manual,100.0,23.0
276,VIDEO,286.0,887.0,48.0,65.0,58.0,1502,manual,100.0,49.0
277,VIDEO,290.0,887.0,48.0,65.0,58.0,1472,manual,100.0,19.0
278,VIDEO,292.0,862.0,48.0,65.0,59.0,1472,manual,100.0,19.0
279,VIDEO,289.0,906.0,48.0,65.0,59.0,1430,manual,100.0,25.0
280,VIDEO,297.0,893.0,48.0,65.0,58.0,1472,manual,100.0,17.0
281,VIDEO,287.0,906.0,48.0,65.0,59.0,1472,manual,100.0,19.0
282,VIDEO,291.0,862.0,48.0,65.0,59.0,1472,manual,99.0,20.0
283,VIDEO,286.0,662.0,48.0,63.0,65.0,1502,manual,100.0,43.0
284,VIDEO,54.0,675.0,44.0,48.0,52.0,300,manual,1.0,0.0
285,VIDEO,47.0,662.0,43.0,47.0,51.0,300,manual,0.0,2.0
286,VIDEO,39.0,668.0,43.0,46.0,49.0,300,manual,0.0,0.0
287,VIDEO,39.0,662.0,42.0,46.0,49.0,300,manual,0.0,0.0
288,VIDEO,39.0,662.0,42.0,45.0,48.0,300,manual,0.0,0.0
289,VIDEO,40.0,662.0,41.0,45.0,48.0,300,manual,0.0,0.0
290,VIDEO,39.0,662.0,41.0,44.0,46.0,300,manual,0.0,0.0
291,VIDEO,39.0,662.0,41.0,44.0,46.0,300,manual,0.0,0.0
292,VIDEO,39.0,675.0,40.0,43.0,46.0,300,manual,0.0,0.0
293,VIDEO,65.0,662.0,39.0,43.0,46.0,1502,manual,2.0,1.0
294,VIDEO,39.0,668.0,39.0,43.0,46.0,300,manual,0.0,0.0
295,VIDEO,39.0,662.0,39.0,43.0,45.0,300,manual,0.0,0.0
296,VIDEO,39.0,668.0,38.0,42.0,45.0,300,manual,0.0,0.0
297,VIDEO,39.0,668.0,38.0,41.0,45.0,300,manual,0.0,0.0
298,VIDEO,39.0,662.0,38.0,41.0,45.0,300,manual,0.0,0.0
299,VIDEO,39.0,668.0,37.0,41.0,44.0,300,manual,0.0,0.0
300,VIDEO,39.0,662.0,37.0,40.0,44.0,300,manual,0.0,0.0
301,VIDEO,39.0,662.0,37.0,40.0,43.0,300,manual,0.0,0.0
302,VIDEO,39.0,668.0,36.0,40.0,43.0,300,manual,0.0,0.0
303,VIDEO,39.0,668.0,36.0,39.0,43.0,300,manual,0.0,0.0
304,VIDEO,39.0,662.0,36.0,39.0,43.0,300,manual,0.0,0.0
305,VIDEO,39.0,662.0,35.0,39.0,43.0,300,manual,0.0,0.0
306,VIDEO,39.0,662.0,35.0,38.0,42.0,300,manual,0.0,0.0
307,VIDEO,39.0,662.0,35.0,38.0,42.0,300,manual,0.0,0.0
308,VIDEO,39.0,662.0,34.0,38.0,42.0,300,manual,0.0,0.0
309,VIDEO,39.0,662.0,34.0,38.0,42.0,300,manual,0.0,0.0
310,VIDEO,39.0,668.0,34.0,38.0,42.0,300,manual,0.0,0.0
311,VIDEO,39.0,668.0,34.0,38.0,41.0,300,manual,0.0,0.0
312,VIDEO,39.0,662.0,34.0,37.0,41.0,300,manual,0.0,0.0
313,VIDEO,39.0,668.0,33.0,37.0,41.0,300,manual,0.0,0.0
314,VIDEO,39.0,668.0,33.0,37.0,41.0,300,manual,0.0,0.0
315,VIDEO,39.0,662.0,33.0,37.0,40.0,300,manual,0.0,0.0
316,VIDEO,39.0,662.0,33.0,36.0,40.0,300,manual,0.0,0.0
317,VIDEO,39.0,675.0,33.0,36.0,40.0,300,manual,0.0,0.0
318,VIDEO,39.0,668.0,32.0,36.0,40.0,300,manual,0.0,0.0
319,VIDEO,39.0,662.0,32.0,35.0,40.0,300,manual,0.0,0.0
320,VIDEO,38.0,668.0,32.0,36.0,39.0,300,manual,0.0,0.0
321,VIDEO,39.0,675.0,32.0,36.0,39.0,300,manual,0.0,0.0
322,VIDEO,39.0,668.0,31.0,35.0,39.0,300,manual,0.0,0.0
323,VIDEO,39.0,662.0,31.0,35.0,39.0,300,manual,0.0,0.0
324,VIDEO,39.0,662.0,31.0,35.0,39.0,300,manual,0.0,0.0
325,VIDEO,39.0,668.0,31.0,35.0,39.0,300,manual,0.0,0.0
326,VIDEO,39.0,675.0,31.0,34.0,38.0,300,manual,0.0,0.0
327,VIDEO,38.0,662.0,30.0,34.0,39.0,300,manual,0.0,0.0
328,VIDEO,39.0,668.0,31.0,34.0,38.0,300,manual,0.0,0.0
329,VIDEO,39.0,668.0,31.0,34.0,38.0,300,manual,0.0,0.0
330,VIDEO,39.0,662.0,30.0,34.0,38.0,300,manual,0.0,0.0
331,VIDEO,39.0,662.0,30.0,34.0,38.0,300,manual,0.0,0.0
332,VIDEO,39.0,662.0,30.0,33.0,38.0,300,manual,0.0,0.0
333,VIDEO,37.0,662.0,30.0,33.0,37.0,300,manual,0.0,0.0
334,VIDEO,38.0,662.0,30.0,33.0,37.0,300,manual,0.0,0.0
335,VIDEO,38.0,668.0,29.0,33.0,37.0,300,manual,0.0,0.0
336,VIDEO,38.0,662.0,29.0,32.0,37.0,300,manual,0.0,0.0
337,VIDEO,38.0,675.0,29.0,33.0,37.0,300,manual,0.0,0.0
338,VIDEO,39.0,668.0,29.0,33.0,37.0,300,manual,0.0,0.0
339,VIDEO,43.0,925.0,29.0,33.0,37.0,1502,manual,6.0,0.0
340,VIDEO,38.0,668.0,29.0,32.0,36.0,300,manual,0.0,0.0
341,VIDEO,46.0,918.0,29.0,32.0,36.0,1502,manual,6.0,0.0
342,VIDEO,62.0,918.0,28.0,33.0,37.0,1502,manual,3.0,1.0
343,VIDEO,59.0,918.0,29.0,32.0,36.0,1502,manual,2.0,0.0
344,VIDEO,40.0,881.0,28.0,32.0,36.0,300,manual,0.0,0.0
345,VIDEO,57.0,918.0,28.0,32.0,36.0,300,manual,0.0,0.0
346,VIDEO,38.0,662.0,28.0,32.0,36.0,300,manual,0.0,0.0
347,VIDEO,38.0,662.0,29.0,33.0,36.0,300,manual,0.0,0.0
348,VIDEO,36.0,662.0,29.0,32.0,37.0,300,manual,0.0,0.0
349,VIDEO,56.0,862.0,28.0,32.0,36.0,300,manual,1.0,2.0
350,VIDEO,36.0,662.0,28.0,32.0,36.0,300,manual,0.0,0.0
351,VIDEO,35.0,668.0,28.0,32.0,36.0,300,manual,0.0,0.0
352,VIDEO,36.0,662.0,28.0,32.0,36.0,300,manual,0.0,0.0
353,VIDEO,35.0,662.0,27.0,32.0,35.0,300,manual,0.0,0.0
354,VIDEO,35.0,662.0,27.0,31.0,35.0,300,manual,0.0,0.0
355,VIDEO,35.0,662.0,27.0,31.0,35.0,300,manual,0.0,0.0
356,VIDEO,35.0,662.0,27.0,31.0,35.0,300,manual,0.0,0.0
357,VIDEO,35.0,662.0,27.0,31.0,35.0,300,manual,0.0,0.0
358,VIDEO,35.0,662.0,27.0,31.0,35.0,300,manual,0.0,0.0
359,VIDEO,35.0,668.0,27.0,30.0,35.0,300,manual,0.0,0.0
360,VIDEO,35.0,662.0,27.0,31.0,34.0,300,manual,0.0,0.0
361,VIDEO,35.0,662.0,27.0,31.0,34.0,300,manual,0.0,0.0
362,VIDEO,35.0,662.0,27.0,30.0,34.0,300,manual,0.0,0.0
363,VIDEO,35.0,900.0,27.0,30.0,34.0,300,manual,0.0,0.0
364,VIDEO,41.0,918.0,26.0,30.0,34.0,1502,manual,0.0,0.0
365,VIDEO,54.0,918.0,27.0,31.0,35.0,1502,manual,1.0,1.0
366,VIDEO,38.0,693.0,27.0,31.0,35.0,300,manual,0.0,0.0
367,VIDEO,54.0,662.0,27.0,30.0,35.0,1502,manual,1.0,1.0
368,VIDEO,64.0,925.0,26.0,31.0,34.0,1502,manual,1.0,0.0
369,VIDEO,51.0,912.0,26.0,31.0,34.0,300,manual,1.0,1.0
370,VIDEO,35.0,662.0,26.0,31.0,34.0,300,manual,0.0,0.0
371,VIDEO,37.0,906.0,27.0,30.0,34.0,300,manual,0.0,0.0
372,VIDEO,217.0,668.0,26.0,30.0,34.0,1502,manual,93.0,14.0
373,VIDEO,44.0,925.0,26.0,30.0,34.0,300,manual,0.0,2.0
374,VIDEO,44.0,912.0,26.0,30.0,34.0,300,manual,0.0,0.0
375,VIDEO,62.0,662.0,26.0,30.0,34.0,1502,manual,2.0,0.0
376,VIDEO,38.0,918.0,26.0,30.0,34.0,1502,manual,0.0,0.0
377,VIDEO,40.0,668.0,26.0,30.0,34.0,300,manual,0.0,0.0
378,VIDEO,42.0,668.0,26.0,30.0,34.0,300,manual,0.0,0.0
379,VIDEO,52.0,668.0,26.0,30.0,34.0,300,manual,1.0,1.0
380,VIDEO,37.0,668.0,26.0,30.0,34.0,300,manual,0.0,0.0
381,VIDEO,38.0,662.0,26.0,30.0,34.0,300,manual,0.0,0.0
382,VIDEO,37.0,662.0,26.0,30.0,34.0,300,manual,0.0,0.0
383,VIDEO,63.0,912.0,26.0,30.0,34.0,1502,manual,2.0,0.0
384,VIDEO,40.0,925.0,26.0,30.0,34.0,300,manual,0.0,1.0
385,VIDEO,51.0,950.0,26.0,30.0,34.0,300,manual,1.0,1.0
386,VIDEO,44.0,918.0,26.0,30.0,34.0,1502,manual,6.0,0.0
387,VIDEO,36.0,662.0,26.0,30.0,34.0,300,manual,0.0,0.0
388,VIDEO,43.0,731.0,26.0,30.0,34.0,1502,manual,0.0,0.0
389,VIDEO,63.0,675.0,26.0,29.0,34.0,1502,manual,2.0,0.0
390,VIDEO,214.0,906.0,26.0,33.0,34.0,1502,manual,100.0,2.0
391,VIDEO,44.0,918.0,28.0,35.0,35.0,1502,manual,4.0,0.0
392,VIDEO,37.0,662.0,27.0,30.0,34.0,300,manual,0.0,0.0
393,VIDEO,41.0,662.0,26.0,30.0,35.0,300,manual,0.0,0.0
394,VIDEO,253.0,906.0,28.0,39.0,40.0,1502,manual,100.0,23.0
395,VIDEO,52.0,662.0,27.0,32.0,36.0,300,manual,1.0,0.0
396,VIDEO,41.0,918.0,27.0,31.0,35.0,300,manual,0.0,0.0
397,VIDEO,63.0,662.0,27.0,30.0,35.0,1502,manual,2.0,1.0
398,VIDEO,36.0,918.0,27.0,30.0,34.0,300,manual,0.0,0.0
399,VIDEO,39.0,918.0,26.0,30.0,35.0,300,manual,0.0,0.0
400,VIDEO,37.0,925.0,26.0,30.0,34.0,300,manual,0.0,0.0
401,VIDEO,43.0,825.0,26.0,30.0,34.0,1502,manual,0.0,0.0
402,VIDEO,284.0,812.0,30.0,43.0,48.0,1363,manual,100.0,43.0
403,VIDEO,270.0,831.0,31.0,44.0,49.0,1502,manual,100.0,54.0
404,VIDEO,286.0,812.0,32.0,45.0,51.0,1319,manual,100.0,42.0
405,VIDEO,284.0,812.0,32.0,46.0,53.0,1502,manual,100.0,56.0
406,VIDEO,299.0,906.0,33.0,46.0,52.0,1319,manual,100.0,43.0
407,VIDEO,285.0,812.0,33.0,47.0,53.0,1319,manual,100.0,42.0
408,VIDEO,288.0,831.0,34.0,47.0,51.0,1319,manual,100.0,42.0
409,VIDEO,298.0,800.0,34.0,47.0,53.0,1319,manual,100.0,42.0
410,VIDEO,255.0,806.0,35.0,48.0,53.0,1430,manual,100.0,55.0
411,VIDEO,287.0,812.0,35.0,48.0,54.0,1319,manual,100.0,42.0
412,VIDEO,286.0,812.0,35.0,49.0,54.0,1502,manual,100.0,60.0
413,VIDEO,292.0,906.0,35.0,48.0,54.0,1319,manual,100.0,43.0
414,VIDEO,290.0,800.0,35.0,50.0,56.0,1319,manual,100.0,43.0
415,VIDEO,289.0,906.0,36.0,49.0,55.0,1319,manual,100.0,43.0
416,VIDEO,288.0,806.0,36.0,50.0,56.0,1319,manual,100.0,42.0
417,VIDEO,291.0,812.0,36.0,50.0,55.0,1319,manual,100.0,42.0
418,VIDEO,289.0,806.0,37.0,50.0,56.0,1319,manual,100.0,42.0
419,VIDEO,265.0,806.0,37.0,51.0,56.0,1502,manual,100.0,56.0
420,VIDEO,290.0,875.0,37.0,51.0,56.0,1319,manual,100.0,42.0
421,VIDEO,286.0,806.0,37.0,51.0,58.0,1502,manual,100.0,57.0
422,VIDEO,291.0,906.0,38.0,51.0,56.0,1319,manual,100.0,43.0
423,VIDEO,291.0,812.0,38.0,52.0,57.0,1319,manual,100.0,43.0
424,VIDEO,292.0,812.0,38.0,52.0,57.0,1319,manual,100.0,42.0
425,VIDEO,292.0,806.0,39.0,52.0,57.0,1319,manual,100.0,43.0
426,VIDEO,266.0,912.0,39.0,52.0,58.0,1502,manual,99.0,49.0
427,VIDEO,229.0,906.0,39.0,51.0,46.0,1502,manual,100.0,2.0
428,VIDEO,229.0,925.0,38.0,51.0,44.0,1502,manual,100.0,2.0
429,VIDEO,300.0,912.0,38.0,50.0,54.0,1319,manual,100.0,43.0
430,VIDEO,287.0,825.0,39.0,53.0,57.0,1502,manual,100.0,53.0
431,VIDEO,287.0,806.0,40.0,53.0,57.0,1363,manual,100.0,42.0
432,VIDEO,286.0,831.0,40.0,53.0,58.0,1363,manual,100.0,41.0
433,VIDEO,286.0,812.0,40.0,53.0,58.0,1363,manual,100.0,40.0
434,VIDEO,296.0,912.0,40.0,54.0,58.0,1319,manual,100.0,40.0
435,VIDEO,285.0,831.0,40.0,54.0,60.0,1502,manual,100.0,52.0
436,VIDEO,41.0,831.0,40.0,54.0,56.0,300,manual,0.0,0.0
437,VIDEO,287.0,912.0,41.0,54.0,58.0,1404,manual,100.0,39.0
438,VIDEO,300.0,831.0,41.0,55.0,59.0,1363,manual,100.0,36.0
439,VIDEO,302.0,831.0,41.0,55.0,58.0,1363,manual,100.0,36.0
440,VIDEO,282.0,843.0,41.0,55.0,58.0,1404,manual,100.0,36.0
441,VIDEO,295.0,831.0,41.0,55.0,59.0,1363,manual,100.0,34.0
442,VIDEO,286.0,831.0,42.0,55.0,58.0,1363,manual,100.0,36.0
443,VIDEO,282.0,831.0,42.0,55.0,58.0,1404,manual,100.0,34.0
444,VIDEO,298.0,825.0,42.0,56.0,61.0,1404,manual,99.0,36.0
445,VIDEO,286.0,850.0,42.0,56.0,58.0,1404,manual,100.0,36.0
446,VIDEO,294.0,912.0,42.0,56.0,58.0,1404,manual,100.0,36.0
447,VIDEO,267.0,825.0,42.0,56.0,59.0,1502,manual,99.0,50.0
448,VIDEO,279.0,850.0,42.0,57.0,60.0,1404,manual,100.0,33.0
449,VIDEO,281.0,831.0,42.0,57.0,59.0,1404,manual,100.0,34.0
450,VIDEO,294.0,912.0,43.0,56.0,58.0,1363,manual,100.0,33.0
451,VIDEO,269.0,850.0,43.0,56.0,58.0,1502,manual,99.0,49.0
452,VIDEO,289.0,831.0,42.0,57.0,60.0,1404,manual,99.0,33.0
453,VIDEO,293.0,831.0,43.0,57.0,59.0,1404,manual,100.0,35.0
454,VIDEO,284.0,912.0,43.0,57.0,58.0,1363,manual,100.0,34.0
455,VIDEO,284.0,850.0,43.0,57.0,58.0,1502,manual,100.0,57.0
456,VIDEO,293.0,850.0,43.0,56.0,60.0,1404,manual,99.0,35.0
457,VIDEO,291.0,850.0,43.0,58.0,59.0,1404,manual,100.0,33.0
458,VIDEO,278.0,831.0,44.0,58.0,59.0,1404,manual,100.0,33.0
459,VIDEO,293.0,662.0,44.0,58.0,58.0,1404,manual,100.0,33.0
460,VIDEO,226.0,906.0,43.0,56.0,49.0,1502,manual,100.0,2.0
461,VIDEO,291.0,912.0,44.0,58.0,57.0,1404,manual,100.0,33.0
462,VIDEO,271.0,850.0,44.0,58.0,58.0,1502,manual,99.0,51.0
463,VIDEO,282.0,850.0,44.0,58.0,61.0,1502,manual,100.0,51.0
464,VIDEO,289.0,850.0,44.0,58.0,59.0,1404,manual,100.0,32.0
465,VIDEO,297.0,831.0,44.0,59.0,59.0,1363,manual,100.0,33.0
466,VIDEO,298.0,912.0,44.0,59.0,59.0,1363,manual,100.0,34.0
467,VIDEO,275.0,831.0,45.0,59.0,59.0,1472,manual,99.0,51.0
468,VIDEO,279.0,850.0,44.0,59.0,62.0,1502,manual,100.0,50.0
469,VIDEO,284.0,850.0,45.0,59.0,60.0,1404,manual,100.0,35.0
470,VIDEO,290.0,850.0,45.0,59.0,60.0,1404,manual,100.0,33.0
471,VIDEO,283.0,912.0,45.0,59.0,60.0,1363,manual,100.0,35.0
472,VIDEO,286.0,831.0,45.0,59.0,61.0,1502,manual,100.0,53.0
473,VIDEO,292.0,831.0,45.0,59.0,61.0,1404,manual,100.0,35.0
474,VIDEO,283.0,825.0,45.0,59.0,60.0,1404,manual,100.0,36.0
475,VIDEO,282.0,912.0,45.0,59.0,60.0,1363,manual,100.0,35.0
476,VIDEO,285.0,850.0,45.0,59.0,62.0,1502,manual,100.0,52.0
477,VIDEO,294.0,831.0,45.0,60.0,63.0,1404,manual,100.0,35.0
478,VIDEO,287.0,831.0,45.0,59.0,61.0,1363,manual,100.0,36.0
479,VIDEO,296.0,912.0,46.0,59.0,61.0,1363,manual,100.0,36.0
480,VIDEO,274.0,831.0,45.0,60.0,64.0,1502,manual,100.0,49.0
481,VIDEO,284.0,831.0,46.0,60.0,63.0,1404,manual,100.0,36.0
482,VIDEO,286.0,912.0,46.0,60.0,62.0,1363,manual,100.0,36.0
483,VIDEO,271.0,831.0,46.0,60.0,63.0,1502,manual,100.0,49.0
484,VIDEO,287.0,831.0,46.0,60.0,62.0,1363,manual,100.0,37.0
485,VIDEO,43.0,831.0,46.0,60.0,61.0,300,manual,0.0,0.0
486,VIDEO,291.0,906.0,46.0,60.0,63.0,1363,manual,100.0,38.0
487,VIDEO,321.0,831.0,45.0,60.0,65.0,1472,manual,99.0,42.0
488,VIDEO,294.0,831.0,46.0,60.0,63.0,1319,manual,100.0,38.0
489,VIDEO,280.0,912.0,46.0,60.0,63.0,1363,manual,100.0,37.0
490,VIDEO,283.0,831.0,46.0,60.0,66.0,1502,manual,100.0,50.0
491,VIDEO,298.0,831.0,46.0,60.0,64.0,1319,manual,100.0,40.0
492,VIDEO,292.0,912.0,47.0,60.0,64.0,1363,manual,100.0,41.0
493,VIDEO,229.0,906.0,46.0,59.0,53.0,1502,manual,100.0,2.0
494,VIDEO,281.0,831.0,46.0,60.0,62.0,1363,manual,100.0,40.0
495,VIDEO,138.0,831.0,46.0,60.0,63.0,1502,manual,75.0,24.0
496,VIDEO,286.0,831.0,47.0,60.0,64.0,1319,manual,100.0,42.0
497,VIDEO,235.0,812.0,47.0,60.0,64.0,1430,manual,100.0,45.0
498,VIDEO,284.0,806.0,46.0,61.0,65.0,1319,manual,100.0,41.0
499,VIDEO,287.0,912.0,47.0,60.0,64.0,1319,manual,100.0,42.0
500,VIDEO,279.0,812.0,47.0,60.0,66.0,1502,manual,100.0,51.0
501,VIDEO,285.0,812.0,47.0,60.0,65.0,1363,manual,100.0,42.0
502,VIDEO,288.0,906.0,47.0,60.0,65.0,1319,manual,100.0,41.0
503,VIDEO,288.0,806.0,47.0,61.0,66.0,1319,manual,100.0,42.0
504,VIDEO,290.0,812.0,47.0,60.0,65.0,1319,manual,100.0,41.0
505,VIDEO,272.0,812.0,47.0,60.0,65.0,1502,manual,99.0,49.0
506,VIDEO,292.0,793.0,47.0,60.0,66.0,1319,manual,100.0,42.0
507,VIDEO,289.0,912.0,47.0,60.0,65.0,1319,manual,100.0,43.0
508,VIDEO,283.0,806.0,47.0,61.0,67.0,1502,manual,100.0,51.0
509,VIDEO,289.0,812.0,48.0,60.0,66.0,1319,manual,100.0,44.0
510,VIDEO,283.0,806.0,47.0,61.0,65.0,1502,manual,100.0,56.0
511,VIDEO,293.0,787.0,47.0,60.0,66.0,1319,manual,100.0,41.0
512,VIDEO,291.0,912.0,48.0,60.0,66.0,1283,manual,100.0,42.0
513,VIDEO,281.0,793.0,47.0,61.0,67.0,1502,manual,100.0,50.0
514,VIDEO,283.0,812.0,47.0,59.0,64.0,1319,manual,100.0,42.0
515,VIDEO,295.0,912.0,48.0,60.0,66.0,1319,manual,100.0,43.0
516,VIDEO,294.0,787.0,47.0,61.0,67.0,1319,manual,99.0,43.0
517,VIDEO,286.0,818.0,48.0,61.0,66.0,1319,manual,100.0,43.0
518,VIDEO,272.0,812.0,47.0,61.0,66.0,1502,manual,99.0,49.0
519,VIDEO,294.0,806.0,47.0,61.0,66.0,1283,manual,100.0,43.0
520,VIDEO,291.0,906.0,48.0,61.0,66.0,1319,manual,100.0,43.0
521,VIDEO,278.0,793.0,47.0,62.0,67.0,1502,manual,100.0,49.0
522,VIDEO,289.0,812.0,47.0,61.0,66.0,1319,manual,100.0,43.0
523,VIDEO,229.0,912.0,47.0,60.0,55.0,1502,manual,100.0,2.0
524,VIDEO,296.0,925.0,47.0,60.0,63.0,1283,manual,100.0,43.0
525,VIDEO,287.0,800.0,48.0,61.0,66.0,1502,manual,100.0,52.0
526,VIDEO,293.0,806.0,47.0,61.0,65.0,1283,manual,100.0,43.0
527,VIDEO,266.0,793.0,48.0,61.0,66.0,1472,manual,100.0,57.0
528,VIDEO,292.0,812.0,47.0,61.0,66.0,1319,manual,100.0,43.0
529,VIDEO,293.0,893.0,48.0,61.0,66.0,1283,manual,100.0,42.0
530,VIDEO,296.0,812.0,48.0,62.0,66.0,1283,manual,100.0,42.0
531,VIDEO,297.0,912.0,48.0,61.0,66.0,1283,manual,100.0,43.0
532,VIDEO,286.0,812.0,48.0,61.0,68.0,1502,manual,100.0,52.0
533,VIDEO,289.0,837.0,48.0,61.0,66.0,1319,manual,100.0,43.0
534,VIDEO,313.0,806.0,48.0,61.0,67.0,1472,manual,100.0,63.0
535,VIDEO,294.0,812.0,48.0,61.0,66.0,1283,manual,100.0,42.0
536,VIDEO,291.0,793.0,48.0,61.0,66.0,1319,manual,100.0,43.0
537,VIDEO,292.0,812.0,48.0,61.0,67.0,1319,manual,100.0,42.0
538,VIDEO,281.0,906.0,48.0,61.0,66.0,1319,manual,100.0,41.0
539,VIDEO,281.0,806.0,48.0,62.0,68.0,1502,manual,100.0,52.0
540,VIDEO,292.0,818.0,48.0,61.0,66.0,1319,manual,100.0,43.0
541,VIDEO,271.0,812.0,48.0,62.0,66.0,1502,manual,99.0,50.0
542,VIDEO,287.0,812.0,48.0,62.0,66.0,1319,manual,100.0,41.0
543,VIDEO,290.0,806.0,48.0,61.0,66.0,1319,manual,100.0,41.0
544,VIDEO,291.0,812.0,48.0,62.0,67.0,1319,manual,100.0,41.0
545,VIDEO,290.0,912.0,48.0,61.0,66.0,1319,manual,100.0,40.0
546,VIDEO,289.0,812.0,48.0,62.0,68.0,1502,manual,100.0,51.0
547,VIDEO,284.0,812.0,48.0,62.0,66.0,1319,manual,100.0,41.0
548,VIDEO,271.0,825.0,48.0,62.0,66.0,1502,manual,100.0,51.0
549,VIDEO,296.0,806.0,48.0,62.0,66.0,1319,manual,100.0,40.0
550,VIDEO,288.0,912.0,49.0,62.0,66.0,1319,manual,100.0,39.0
551,VIDEO,305.0,825.0,48.0,63.0,68.0,1363,manual,99.0,39.0
552,VIDEO,233.0,906.0,48.0,60.0,57.0,1502,manual,100.0,2.0
553,VIDEO,282.0,812.0,48.0,61.0,62.0,1363,manual,100.0,39.0
554,VIDEO,289.0,906.0,48.0,62.0,65.0,1319,manual,100.0,42.0
555,VIDEO,280.0,812.0,48.0,62.0,67.0,1502,manual,100.0,52.0
556,VIDEO,295.0,812.0,49.0,62.0,66.0,1319,manual,100.0,40.0
557,VIDEO,300.0,806.0,48.0,62.0,66.0,1319,manual,100.0,39.0
558,VIDEO,285.0,825.0,48.0,63.0,67.0,1363,manual,100.0,38.0
559,VIDEO,294.0,812.0,48.0,62.0,66.0,1319,manual,100.0,38.0
560,VIDEO,274.0,806.0,49.0,62.0,66.0,1502,manual,100.0,50.0
561,VIDEO,290.0,812.0,49.0,62.0,66.0,1363,manual,100.0,41.0
562,VIDEO,283.0,912.0,49.0,62.0,66.0,1319,manual,100.0,38.0
563,VIDEO,285.0,812.0,48.0,63.0,68.0,1502,manual,100.0,51.0
564,VIDEO,295.0,812.0,49.0,63.0,66.0,1363,manual,100.0,37.0
565,VIDEO,294.0,831.0,49.0,62.0,66.0,1319,manual,100.0,39.0
566,VIDEO,293.0,831.0,49.0,63.0,67.0,1319,manual,100.0,37.0
567,VIDEO,287.0,862.0,49.0,62.0,66.0,1363,manual,100.0,38.0
568,VIDEO,273.0,825.0,49.0,62.0,66.0,1502,manual,99.0,49.0
569,VIDEO,290.0,825.0,48.0,63.0,66.0,1363,manual,100.0,36.0
570,VIDEO,293.0,912.0,49.0,62.0,66.0,1363,manual,100.0,39.0
571,VIDEO,285.0,831.0,49.0,63.0,67.0,1502,manual,100.0,53.0
572,VIDEO,279.0,831.0,49.0,63.0,66.0,1363,manual,100.0,36.0
573,VIDEO,291.0,893.0,49.0,62.0,66.0,1363,manual,100.0,37.0
574,VIDEO,284.0,831.0,48.0,63.0,68.0,1502,manual,100.0,50.0
575,VIDEO,292.0,825.0,49.0,63.0,66.0,1363,manual,100.0,38.0
576,VIDEO,293.0,912.0,49.0,62.0,65.0,1363,manual,100.0,37.0
577,VIDEO,282.0,831.0,49.0,63.0,68.0,1502,manual,100.0,50.0
578,VIDEO,288.0,831.0,49.0,62.0,66.0,1363,manual,100.0,38.0
579,VIDEO,292.0,912.0,49.0,62.0,65.0,1363,manual,100.0,37.0
580,VIDEO,290.0,831.0,49.0,63.0,68.0,1363,manual,99.0,37.0
581,VIDEO,278.0,806.0,49.0,63.0,66.0,1363,manual,100.0,37.0
582,VIDEO,292.0,912.0,49.0,63.0,65.0,1363,manual,100.0,37.0
583,VIDEO,229.0,912.0,48.0,61.0,55.0,1502,manual,100.0,2.0
584,VIDEO,292.0,831.0,49.0,62.0,63.0,1363,manual,100.0,33.0
585,VIDEO,289.0,831.0,49.0,63.0,66.0,1363,manual,100.0,37.0
586,VIDEO,292.0,831.0,49.0,62.0,66.0,1363,manual,100.0,39.0
587,VIDEO,290.0,825.0,49.0,63.0,65.0,1363,manual,100.0,37.0
588,VIDEO,293.0,806.0,49.0,63.0,67.0,1319,manual,100.0,36.0
589,VIDEO,290.0,831.0,49.0,62.0,66.0,1363,manual,100.0,38.0
590,VIDEO,263.0,825.0,49.0,62.0,65.0,1430,manual,100.0,55.0
591,VIDEO,290.0,831.0,49.0,63.0,67.0,1363,manual,100.0,37.0
592,VIDEO,293.0,812.0,49.0,63.0,66.0,1319,manual,100.0,36.0
593,VIDEO,289.0,831.0,49.0,63.0,66.0,1363,manual,100.0,37.0
594,VIDEO,288.0,831.0,48.0,63.0,67.0,1363,manual,100.0,38.0
595,VIDEO,295.0,825.0,50.0,63.0,66.0,1319,manual,100.0,39.0
596,VIDEO,293.0,825.0,49.0,62.0,66.0,1363,manual,100.0,41.0
597,VIDEO,290.0,831.0,49.0,63.0,67.0,1363,manual,100.0,37.0
598,VIDEO,290.0,812.0,49.0,63.0,66.0,1363,manual,100.0,38.0
599,VIDEO,278.0,825.0,49.0,63.0,66.0,1502,manual,100.0,56.0
600,VIDEO,281.0,812.0,49.0,63.0,67.0,1363,manual,100.0,36.0
601,VIDEO,291.0,831.0,49.0,63.0,66.0,1363,manual,100.0,37.0
602,VIDEO,232.0,825.0,49.0,63.0,66.0,1363,manual,100.0,38.0
603,VIDEO,282.0,831.0,49.0,63.0,67.0,1363,manual,100.0,39.0
604,VIDEO,290.0,868.0,49.0,63.0,65.0,1363,manual,100.0,39.0
605,VIDEO,275.0,825.0,49.0,63.0,67.0,1502,manual,99.0,50.0
606,VIDEO,296.0,812.0,49.0,63.0,66.0,1319,manual,100.0,39.0
607,VIDEO,296.0,912.0,49.0,63.0,67.0,1319,manual,100.0,39.0
608,VIDEO,289.0,812.0,49.0,63.0,66.0,1502,manual,100.0,53.0
609,VIDEO,284.0,831.0,49.0,63.0,66.0,1363,manual,100.0,39.0
610,VIDEO,289.0,912.0,49.0,63.0,65.0,1363,manual,100.0,38.0
611,VIDEO,285.0,831.0,49.0,63.0,68.0,1502,manual,100.0,50.0
612,VIDEO,293.0,818.0,49.0,63.0,67.0,1319,manual,100.0,37.0
613,VIDEO,294.0,912.0,49.0,63.0,65.0,1319,manual,100.0,39.0
614,VIDEO,229.0,912.0,48.0,61.0,55.0,1502,manual,100.0,2.0
615,VIDEO,292.0,831.0,49.0,62.0,64.0,1319,manual,100.0,38.0
616,VIDEO,284.0,831.0,48.0,63.0,66.0,1319,manual,100.0,38.0
617,VIDEO,286.0,812.0,49.0,62.0,65.0,1319,manual,100.0,39.0
618,VIDEO,273.0,806.0,50.0,62.0,65.0,1502,manual,100.0,50.0
619,VIDEO,285.0,831.0,49.0,63.0,66.0,1319,manual,100.0,39.0
620,VIDEO,286.0,912.0,49.0,63.0,66.0,1319,manual,100.0,40.0
621,VIDEO,274.0,812.0,49.0,63.0,66.0,1502,manual,100.0,50.0
622,VIDEO,297.0,812.0,49.0,63.0,66.0,1319,manual,100.0,39.0
623,VIDEO,294.0,912.0,49.0,63.0,67.0,1319,manual,100.0,39.0
624,VIDEO,280.0,812.0,49.0,63.0,67.0,1502,manual,100.0,50.0
625,VIDEO,299.0,825.0,49.0,63.0,66.0,1319,manual,100.0,39.0
626,VIDEO,286.0,912.0,49.0,63.0,67.0,1363,manual,100.0,39.0
627,VIDEO,280.0,812.0,49.0,64.0,67.0,1363,manual,99.0,38.0
628,VIDEO,293.0,875.0,49.0,63.0,66.0,1363,manual,100.0,38.0
629,VIDEO,274.0,906.0,50.0,62.0,66.0,1502,manual,99.0,50.0
630,VIDEO,127.0,912.0,48.0,63.0,58.0,1502,manual,100.0,0.0
631,VIDEO,52.0,668.0,46.0,50.0,52.0,1502,manual,0.0,0.0
632,VIDEO,40.0,925.0,44.0,48.0,52.0,300,manual,0.0,0.0
633,VIDEO,40.0,931.0,44.0,47.0,51.0,300,manual,0.0,1.0
634,VIDEO,55.0,662.0,43.0,47.0,49.0,300,manual,1.0,0.0
635,VIDEO,59.0,662.0,43.0,46.0,50.0,300,manual,1.0,2.0
636,VIDEO,49.0,662.0,42.0,46.0,48.0,300,manual,0.0,2.0
637,VIDEO,39.0,662.0,42.0,45.0,48.0,300,manual,0.0,0.0
638,VIDEO,39.0,662.0,41.0,45.0,47.0,300,manual,0.0,0.0
639,VIDEO,39.0,662.0,41.0,44.0,48.0,300,manual,0.0,0.0
640,VIDEO,39.0,662.0,41.0,44.0,46.0,300,manual,0.0,0.0
641,VIDEO,39.0,925.0,40.0,43.0,46.0,300,manual,0.0,0.0
642,VIDEO,60.0,925.0,40.0,43.0,47.0,1502,manual,1.0,0.0
643,VIDEO,39.0,662.0,40.0,43.0,47.0,300,manual,0.0,0.0
644,VIDEO,39.0,925.0,39.0,43.0,45.0,300,manual,0.0,0.0
645,VIDEO,47.0,662.0,39.0,43.0,45.0,300,manual,0.0,0.0
646,VIDEO,69.0,743.0,38.0,43.0,46.0,1502,manual,2.0,1.0
647,VIDEO,60.0,662.0,38.0,42.0,44.0,1502,manual,2.0,1.0
648,VIDEO,203.0,912.0,39.0,47.0,46.0,1502,manual,100.0,13.0
649,VIDEO,325.0,806.0,41.0,53.0,60.0,1319,manual,100.0,59.0
650,VIDEO,236.0,912.0,42.0,55.0,51.0,1502,manual,100.0,5.0
651,VIDEO,54.0,831.0,41.0,49.0,49.0,300,manual,1.0,0.0
652,VIDEO,324.0,812.0,42.0,54.0,62.0,1319,manual,99.0,59.0
653,VIDEO,249.0,850.0,42.0,55.0,53.0,1502,manual,100.0,23.0
654,VIDEO,311.0,793.0,43.0,55.0,64.0,1283,manual,99.0,60.0
655,VIDEO,248.0,812.0,42.0,55.0,53.0,1502,manual,100.0,23.0
656,VIDEO,309.0,843.0,43.0,57.0,66.0,1283,manual,99.0,55.0
657,VIDEO,299.0,831.0,43.0,56.0,61.0,1283,manual,99.0,42.0
658,VIDEO,246.0,812.0,43.0,56.0,56.0,1283,manual,98.0,48.0
659,VIDEO,314.0,793.0,43.0,56.0,54.0,1283,manual,100.0,56.0
660,VIDEO,281.0,806.0,43.0,58.0,55.0,1363,manual,100.0,30.0
661,VIDEO,250.0,812.0,43.0,55.0,53.0,1502,manual,100.0,23.0
662,VIDEO,208.0,806.0,43.0,57.0,53.0,1502,manual,100.0,3.0
663,VIDEO,212.0,912.0,44.0,56.0,54.0,1502,manual,100.0,12.0
664,VIDEO,247.0,912.0,44.0,57.0,55.0,1502,manual,100.0,13.0
665,VIDEO,243.0,912.0,44.0,58.0,55.0,1502,manual,100.0,10.0
666,VIDEO,235.0,912.0,44.0,58.0,55.0,1502,manual,100.0,13.0
667,VIDEO,208.0,912.0,44.0,58.0,55.0,1502,manual,100.0,15.0
668,VIDEO,43.0,912.0,44.0,58.0,56.0,300,manual,11.0,0.0
669,VIDEO,266.0,912.0,45.0,58.0,56.0,1502,manual,100.0,12.0
670,VIDEO,243.0,912.0,44.0,58.0,57.0,1404,manual,100.0,13.0
671,VIDEO,220.0,912.0,45.0,57.0,59.0,1502,manual,100.0,11.0
672,VIDEO,253.0,906.0,44.0,58.0,58.0,1363,manual,100.0,15.0
673,VIDEO,238.0,906.0,44.0,57.0,60.0,1430,manual,100.0,7.0
674,VIDEO,324.0,881.0,44.0,58.0,63.0,1319,manual,99.0,74.0
675,VIDEO,310.0,900.0,44.0,57.0,64.0,1283,manual,99.0,75.0
676,VIDEO,324.0,868.0,44.0,57.0,61.0,1283,manual,99.0,74.0
677,VIDEO,44.0,850.0,44.0,57.0,61.0,300,manual,4.0,1.0
678,VIDEO,316.0,831.0,44.0,57.0,59.0,1319,manual,99.0,61.0
679,VIDEO,183.0,862.0,45.0,58.0,60.0,1319,manual,99.0,52.0
680,VIDEO,313.0,856.0,45.0,58.0,60.0,1283,manual,99.0,60.0
681,VIDEO,313.0,781.0,45.0,58.0,59.0,1283,manual,99.0,60.0
682,VIDEO,292.0,812.0,44.0,59.0,56.0,1363,manual,100.0,30.0
683,VIDEO,253.0,825.0,44.0,58.0,55.0,1502,manual,99.0,24.0
684,VIDEO,254.0,831.0,44.0,58.0,55.0,1502,manual,100.0,24.0
685,VIDEO,208.0,793.0,45.0,58.0,55.0,1502,manual,100.0,3.0
686,VIDEO,207.0,806.0,44.0,58.0,54.0,1502,manual,100.0,3.0
687,VIDEO,202.0,843.0,45.0,58.0,56.0,1502,manual,100.0,4.0
688,VIDEO,300.0,906.0,45.0,58.0,55.0,1502,manual,99.0,46.0
689,VIDEO,260.0,912.0,45.0,58.0,54.0,1502,manual,99.0,37.0
690,VIDEO,212.0,918.0,45.0,58.0,56.0,1502,manual,100.0,5.0
691,VIDEO,256.0,912.0,45.0,59.0,56.0,1502,manual,100.0,15.0
692,VIDEO,213.0,912.0,45.0,59.0,56.0,1502,manual,100.0,12.0
693,VIDEO,84.0,912.0,46.0,58.0,56.0,1502,manual,45.0,0.0
694,VIDEO,310.0,893.0,46.0,60.0,58.0,1363,manual,100.0,16.0
695,VIDEO,245.0,912.0,46.0,59.0,58.0,1430,manual,100.0,13.0
696,VIDEO,253.0,912.0,46.0,60.0,58.0,1404,manual,100.0,9.0
697,VIDEO,382.0,912.0,45.0,59.0,64.0,1430,manual,99.0,25.0
698,VIDEO,324.0,862.0,45.0,59.0,65.0,1283,manual,100.0,74.0
699,VIDEO,314.0,868.0,45.0,58.0,62.0,1283,manual,100.0,60.0
700,VIDEO,324.0,881.0,45.0,58.0,63.0,1283,manual,99.0,74.0
701,VIDEO,313.0,868.0,45.0,58.0,62.0,1283,manual,99.0,60.0
702,VIDEO,323.0,831.0,45.0,58.0,62.0,1319,manual,100.0,74.0
703,VIDEO,298.0,793.0,45.0,59.0,59.0,1283,manual,100.0,42.0
704,VIDEO,296.0,812.0,45.0,59.0,56.0,1319,manual,100.0,30.0
705,VIDEO,298.0,806.0,45.0,60.0,56.0,1319,manual,100.0,30.0
706,VIDEO,277.0,806.0,45.0,59.0,56.0,1502,manual,100.0,32.0
707,VIDEO,226.0,806.0,45.0,59.0,54.0,1502,manual,100.0,30.0
708,VIDEO,255.0,793.0,45.0,59.0,55.0,1502,manual,100.0,24.0
709,VIDEO,262.0,800.0,45.0,59.0,54.0,1502,manual,100.0,38.0
710,VIDEO,258.0,793.0,45.0,59.0,54.0,1502,manual,100.0,28.0
711,VIDEO,157.0,800.0,45.0,59.0,55.0,1502,manual,100.0,2.0
712,VIDEO,210.0,812.0,45.0,59.0,56.0,1502,manual,100.0,3.0
713,VIDEO,210.0,806.0,45.0,59.0,55.0,1502,manual,100.0,3.0
714,VIDEO,203.0,825.0,45.0,58.0,57.0,1502,manual,100.0,4.0
715,VIDEO,243.0,912.0,46.0,59.0,57.0,1502,manual,98.0,47.0
716,VIDEO,261.0,906.0,46.0,59.0,56.0,1502,manual,100.0,38.0
717,VIDEO,247.0,912.0,46.0,59.0,57.0,1502,manual,100.0,12.0
718,VIDEO,211.0,912.0,46.0,60.0,57.0,1502,manual,100.0,10.0
719,VIDEO,227.0,912.0,46.0,59.0,56.0,1502,manual,100.0,10.0
720,VIDEO,239.0,912.0,46.0,59.0,56.0,1502,manual,100.0,13.0
721,VIDEO,210.0,912.0,46.0,60.0,56.0,1502,manual,100.0,10.0
722,VIDEO,136.0,893.0,47.0,60.0,57.0,1502,manual,100.0,0.0
723,VIDEO,336.0,912.0,47.0,61.0,57.0,1472,manual,100.0,15.0
724,VIDEO,252.0,912.0,47.0,60.0,58.0,1404,manual,100.0,11.0
725,VIDEO,366.0,912.0,46.0,60.0,60.0,1363,manual,100.0,21.0
726,VIDEO,356.0,912.0,46.0,59.0,62.0,1363,manual,100.0,21.0
727,VIDEO,223.0,906.0,46.0,59.0,63.0,1404,manual,99.0,8.0
728,VIDEO,304.0,906.0,46.0,60.0,66.0,1319,manual,99.0,31.0
729,VIDEO,278.0,912.0,46.0,60.0,66.0,1283,manual,100.0,65.0
730,VIDEO,315.0,881.0,46.0,59.0,65.0,1283,manual,100.0,75.0
731,VIDEO,315.0,831.0,46.0,59.0,64.0,1283,manual,99.0,75.0
732,VIDEO,278.0,850.0,46.0,59.0,62.0,1363,manual,99.0,56.0
733,VIDEO,318.0,850.0,46.0,60.0,61.0,1319,manual,100.0,59.0
734,VIDEO,314.0,893.0,47.0,60.0,60.0,1283,manual,100.0,60.0
735,VIDEO,315.0,806.0,46.0,60.0,61.0,1283,manual,100.0,60.0
736,VIDEO,297.0,793.0,46.0,60.0,57.0,1363,manual,99.0,30.0
737,VIDEO,257.0,787.0,46.0,60.0,56.0,1502,manual,100.0,25.0
738,VIDEO,262.0,793.0,46.0,60.0,54.0,1502,manual,100.0,41.0
739,VIDEO,209.0,787.0,46.0,59.0,56.0,1502,manual,100.0,3.0
740,VIDEO,160.0,787.0,46.0,60.0,54.0,1502,manual,100.0,2.0
741,VIDEO,209.0,806.0,46.0,59.0,57.0,1502,manual,99.0,5.0
742,VIDEO,335.0,906.0,46.0,60.0,56.0,1472,manual,100.0,31.0
743,VIDEO,183.0,906.0,47.0,60.0,55.0,1502,manual,100.0,24.0
744,VIDEO,230.0,912.0,46.0,60.0,57.0,1502,manual,100.0,9.0
745,VIDEO,240.0,912.0,46.0,60.0,56.0,1502,manual,100.0,10.0
746,VIDEO,212.0,906.0,47.0,60.0,57.0,1502,manual,100.0,11.0
747,VIDEO,243.0,912.0,47.0,60.0,57.0,1502,manual,100.0,11.0
748,VIDEO,247.0,912.0,46.0,61.0,57.0,1502,manual,100.0,14.0
749,VIDEO,230.0,912.0,47.0,60.0,57.0,1502,manual,100.0,9.0
750,VIDEO,113.0,912.0,47.0,61.0,59.0,1502,manual,100.0,0.0
751,VIDEO,271.0,912.0,47.0,61.0,59.0,1363,manual,100.0,15.0
752,VIDEO,301.0,912.0,47.0,60.0,60.0,1363,manual,100.0,17.0
753,VIDEO,308.0,912.0,47.0,61.0,60.0,1363,manual,100.0,21.0
754,VIDEO,320.0,906.0,47.0,60.0,61.0,1472,manual,100.0,14.0
755,VIDEO,367.0,912.0,47.0,59.0,62.0,1430,manual,100.0,19.0
756,VIDEO,353.0,912.0,47.0,60.0,61.0,1363,manual,100.0,24.0
757,VIDEO,242.0,906.0,46.0,60.0,65.0,1502,manual,99.0,4.0
758,VIDEO,69.0,806.0,45.0,59.0,55.0,1502,manual,3.0,0.0
759,VIDEO,209.0,806.0,46.0,59.0,55.0,1502,manual,100.0,3.0
760,VIDEO,234.0,825.0,46.0,59.0,58.0,1502,manual,99.0,27.0
761,VIDEO,208.0,812.0,46.0,59.0,58.0,1502,manual,100.0,7.0
762,VIDEO,210.0,906.0,46.0,59.0,58.0,1502,manual,99.0,33.0
763,VIDEO,247.0,912.0,47.0,60.0,57.0,1502,manual,100.0,13.0
764,VIDEO,252.0,912.0,46.0,60.0,57.0,1502,manual,100.0,13.0
765,VIDEO,251.0,912.0,47.0,60.0,57.0,1502,manual,100.0,13.0
766,VIDEO,230.0,912.0,47.0,60.0,58.0,1502,manual,100.0,14.0
767,VIDEO,253.0,906.0,47.0,61.0,60.0,1404,manual,100.0,10.0
768,VIDEO,260.0,912.0,47.0,61.0,59.0,1404,manual,100.0,12.0
769,VIDEO,308.0,906.0,48.0,60.0,61.0,1363,manual,100.0,15.0
770,VIDEO,310.0,912.0,47.0,60.0,65.0,1363,manual,100.0,16.0
771,VIDEO,233.0,912.0,47.0,60.0,61.0,1404,manual,100.0,9.0
772,VIDEO,312.0,912.0,47.0,60.0,63.0,1363,manual,100.0,15.0
773,VIDEO,208.0,912.0,47.0,60.0,60.0,1430,manual,100.0,5.0
774,VIDEO,253.0,912.0,47.0,60.0,62.0,1363,manual,100.0,13.0
775,VIDEO,380.0,906.0,47.0,60.0,63.0,1430,manual,100.0,23.0
776,VIDEO,244.0,912.0,47.0,59.0,64.0,1404,manual,100.0,8.0
777,VIDEO,361.0,912.0,47.0,60.0,64.0,1363,manual,100.0,20.0
778,VIDEO,249.0,825.0,45.0,56.0,56.0,1502,manual,99.0,28.0
779,VIDEO,227.0,825.0,47.0,59.0,59.0,1502,manual,99.0,25.0
780,VIDEO,227.0,906.0,47.0,60.0,56.0,1502,manual,100.0,30.0
781,VIDEO,246.0,912.0,47.0,60.0,57.0,1502,manual,100.0,10.0
782,VIDEO,241.0,912.0,47.0,60.0,57.0,1502,manual,100.0,11.0
783,VIDEO,230.0,912.0,47.0,60.0,57.0,1502,manual,100.0,10.0
784,VIDEO,216.0,912.0,47.0,60.0,57.0,1502,manual,100.0,10.0
785,VIDEO,221.0,912.0,47.0,60.0,57.0,1502,manual,100.0,12.0
786,VIDEO,224.0,912.0,47.0,60.0,57.0,1502,manual,100.0,10.0
787,VIDEO,241.0,906.0,47.0,60.0,57.0,1502,manual,100.0,14.0
788,VIDEO,259.0,912.0,48.0,60.0,57.0,1502,manual,100.0,12.0
789,VIDEO,114.0,912.0,48.0,61.0,57.0,1502,manual,100.0,5.0
790,VIDEO,279.0,912.0,47.0,61.0,57.0,1502,manual,99.0,21.0
791,VIDEO,216.0,912.0,48.0,61.0,59.0,1430,manual,100.0,7.0
792,VIDEO,300.0,912.0,47.0,60.0,61.0,1472,manual,100.0,18.0
793,VIDEO,374.0,906.0,46.0,60.0,63.0,1363,manual,100.0,20.0
794,VIDEO,202.0,912.0,47.0,60.0,60.0,1472,manual,100.0,10.0
795,VIDEO,296.0,912.0,47.0,60.0,60.0,1363,manual,100.0,17.0
796,VIDEO,231.0,906.0,47.0,60.0,60.0,1404,manual,100.0,9.0
797,VIDEO,253.0,912.0,47.0,60.0,60.0,1502,manual,100.0,10.0
798,VIDEO,308.0,912.0,47.0,60.0,65.0,1363,manual,99.0,16.0
799,VIDEO,182.0,918.0,47.0,60.0,65.0,1363,manual,99.0,29.0
800,VIDEO,324.0,881.0,47.0,60.0,65.0,1319,manual,100.0,72.0
801,VIDEO,272.0,881.0,47.0,60.0,65.0,1235,manual,100.0,48.0
802,VIDEO,291.0,868.0,47.0,60.0,63.0,1235,manual,100.0,41.0
803,VIDEO,323.0,850.0,46.0,60.0,61.0,1283,manual,99.0,62.0
804,VIDEO,294.0,806.0,46.0,60.0,62.0,1235,manual,100.0,46.0
805,VIDEO,285.0,806.0,47.0,61.0,57.0,1363,manual,100.0,27.0
806,VIDEO,267.0,787.0,46.0,60.0,56.0,1502,manual,100.0,29.0
807,VIDEO,267.0,793.0,46.0,60.0,57.0,1502,manual,100.0,29.0
808,VIDEO,266.0,793.0,46.0,60.0,56.0,1502,manual,100.0,35.0
809,VIDEO,326.0,806.0,46.0,60.0,56.0,1404,manual,100.0,32.0
810,VIDEO,242.0,768.0,46.0,61.0,55.0,1502,manual,100.0,30.0
811,VIDEO,210.0,812.0,46.0,60.0,56.0,1502,manual,100.0,3.0
812,VIDEO,210.0,781.0,46.0,60.0,57.0,1502,manual,100.0,3.0
813,VIDEO,184.0,806.0,47.0,60.0,59.0,1502,manual,100.0,7.0
814,VIDEO,185.0,825.0,47.0,59.0,58.0,1502,manual,100.0,19.0
815,VIDEO,209.0,800.0,46.0,59.0,58.0,1502,manual,100.0,5.0
816,VIDEO,205.0,787.0,46.0,59.0,56.0,1502,manual,100.0,4.0
817,VIDEO,237.0,806.0,47.0,60.0,58.0,1502,manual,100.0,26.0
818,VIDEO,262.0,912.0,47.0,60.0,56.0,1502,manual,99.0,39.0
819,VIDEO,217.0,825.0,47.0,60.0,58.0,1502,manual,100.0,15.0
820,VIDEO,277.0,906.0,46.0,59.0,57.0,1502,manual,100.0,56.0
821,VIDEO,262.0,906.0,46.0,60.0,57.0,1502,manual,100.0,39.0
822,VIDEO,214.0,912.0,47.0,60.0,57.0,1502,manual,100.0,4.0
823,VIDEO,235.0,912.0,47.0,60.0,57.0,1502,manual,100.0,12.0
824,VIDEO,236.0,912.0,47.0,60.0,57.0,1502,manual,100.0,13.0
825,VIDEO,244.0,912.0,47.0,60.0,58.0,1502,manual,100.0,12.0
826,VIDEO,200.0,912.0,47.0,61.0,58.0,1502,manual,99.0,11.0
827,VIDEO,338.0,925.0,47.0,61.0,59.0,1472,manual,100.0,18.0
828,VIDEO,337.0,906.0,47.0,61.0,59.0,1404,manual,100.0,17.0
829,VIDEO,221.0,906.0,47.0,60.0,60.0,1430,manual,100.0,7.0
830,VIDEO,262.0,912.0,47.0,60.0,61.0,1363,manual,100.0,11.0
831,VIDEO,295.0,912.0,47.0,61.0,59.0,1363,manual,100.0,11.0
832,VIDEO,255.0,912.0,47.0,59.0,63.0,1363,manual,100.0,15.0
833,VIDEO,324.0,893.0,47.0,61.0,66.0,1283,manual,99.0,74.0
834,VIDEO,157.0,925.0,47.0,60.0,65.0,1404,manual,100.0,31.0
835,VIDEO,324.0,850.0,47.0,60.0,65.0,1283,manual,99.0,74.0
836,VIDEO,324.0,881.0,47.0,59.0,64.0,1319,manual,99.0,74.0
837,VIDEO,215.0,825.0,47.0,60.0,62.0,1363,manual,97.0,58.0
838,VIDEO,311.0,831.0,47.0,60.0,62.0,1363,manual,99.0,59.0
839,VIDEO,328.0,825.0,47.0,60.0,62.0,1319,manual,99.0,62.0
840,VIDEO,323.0,825.0,46.0,60.0,62.0,1319,manual,100.0,61.0
841,VIDEO,310.0,793.0,46.0,60.0,59.0,1283,manual,100.0,61.0
842,VIDEO,286.0,806.0,46.0,61.0,57.0,1319,manual,100.0,31.0
843,VIDEO,286.0,812.0,46.0,60.0,57.0,1319,manual,99.0,31.0
844,VIDEO,260.0,793.0,46.0,60.0,57.0,1502,manual,100.0,26.0
845,VIDEO,205.0,806.0,46.0,59.0,57.0,1502,manual,100.0,4.0
846,VIDEO,205.0,831.0,46.0,59.0,58.0,1502,manual,100.0,4.0
847,VIDEO,238.0,806.0,47.0,60.0,58.0,1502,manual,100.0,26.0
848,VIDEO,206.0,825.0,46.0,60.0,57.0,1502,manual,100.0,4.0
849,VIDEO,258.0,906.0,47.0,59.0,57.0,1502,manual,99.0,48.0
850,VIDEO,216.0,912.0,47.0,60.0,57.0,1502,manual,100.0,8.0
851,VIDEO,244.0,912.0,47.0,60.0,57.0,1502,manual,100.0,13.0
852,VIDEO,238.0,912.0,47.0,60.0,58.0,1502,manual,100.0,10.0
853,VIDEO,283.0,912.0,47.0,61.0,58.0,1502,manual,100.0,21.0
854,VIDEO,255.0,912.0,47.0,60.0,57.0,1502,manual,100.0,15.0
855,VIDEO,264.0,912.0,47.0,61.0,58.0,1502,manual,100.0,16.0
856,VIDEO,340.0,912.0,47.0,62.0,59.0,1430,manual,100.0,17.0
857,VIDEO,252.0,925.0,47.0,61.0,58.0,1404,manual,100.0,7.0
858,VIDEO,237.0,925.0,47.0,61.0,59.0,1430,manual,100.0,7.0
859,VIDEO,360.0,912.0,47.0,61.0,60.0,1363,manual,100.0,16.0
860,VIDEO,356.0,906.0,47.0,60.0,63.0,1363,manual,100.0,19.0
861,VIDEO,248.0,918.0,47.0,61.0,58.0,1502,manual,100.0,4.0
862,VIDEO,188.0,781.0,46.0,58.0,56.0,1404,manual,100.0,55.0
863,VIDEO,336.0,806.0,46.0,60.0,57.0,1404,manual,99.0,33.0
864,VIDEO,159.0,793.0,46.0,60.0,56.0,1502,manual,100.0,2.0
865,VIDEO,210.0,787.0,46.0,60.0,56.0,1502,manual,100.0,4.0
866,VIDEO,206.0,793.0,47.0,59.0,56.0,1502,manual,100.0,4.0
867,VIDEO,210.0,781.0,46.0,60.0,56.0,1502,manual,100.0,4.0
868,VIDEO,211.0,806.0,47.0,60.0,57.0,1502,manual,100.0,7.0
869,VIDEO,227.0,806.0,46.0,60.0,58.0,1502,manual,100.0,16.0
870,VIDEO,258.0,912.0,47.0,60.0,56.0,1502,manual,100.0,39.0
871,VIDEO,228.0,918.0,47.0,60.0,57.0,1502,manual,100.0,6.0
872,VIDEO,223.0,912.0,47.0,60.0,57.0,1502,manual,100.0,10.0
873,VIDEO,236.0,912.0,47.0,61.0,57.0,1502,manual,100.0,13.0
874,VIDEO,216.0,912.0,47.0,60.0,57.0,1502,manual,100.0,10.0
875,VIDEO,221.0,912.0,47.0,60.0,57.0,1502,manual,100.0,10.0
876,VIDEO,195.0,912.0,47.0,61.0,57.0,1502,manual,100.0,14.0
877,VIDEO,259.0,912.0,47.0,61.0,58.0,1502,manual,100.0,14.0
878,VIDEO,115.0,912.0,47.0,61.0,57.0,1502,manual,100.0,12.0
879,VIDEO,243.0,912.0,48.0,62.0,59.0,1430,manual,100.0,7.0
880,VIDEO,348.0,893.0,48.0,61.0,59.0,1430,manual,100.0,18.0
881,VIDEO,298.0,912.0,47.0,61.0,60.0,1363,manual,100.0,16.0
882,VIDEO,247.0,912.0,47.0,61.0,61.0,1404,manual,100.0,9.0
883,VIDEO,367.0,906.0,47.0,60.0,63.0,1404,manual,100.0,23.0
884,VIDEO,270.0,850.0,47.0,60.0,66.0,1319,manual,100.0,69.0
885,VIDEO,324.0,875.0,47.0,60.0,65.0,1283,manual,100.0,72.0
886,VIDEO,323.0,825.0,47.0,60.0,63.0,1283,manual,100.0,61.0
887,VIDEO,297.0,881.0,47.0,60.0,63.0,1319,manual,100.0,69.0
888,VIDEO,234.0,831.0,46.0,59.0,62.0,1283,manual,100.0,57.0
889,VIDEO,323.0,881.0,47.0,59.0,62.0,1319,manual,100.0,60.0
890,VIDEO,311.0,793.0,47.0,60.0,60.0,1283,manual,100.0,61.0
891,VIDEO,285.0,812.0,47.0,60.0,57.0,1319,manual,100.0,30.0
892,VIDEO,286.0,793.0,46.0,61.0,58.0,1319,manual,100.0,31.0
893,VIDEO,304.0,793.0,46.0,61.0,57.0,1363,manual,100.0,31.0
894,VIDEO,259.0,812.0,46.0,60.0,56.0,1502,manual,100.0,25.0
895,VIDEO,259.0,793.0,46.0,60.0,57.0,1502,manual,100.0,25.0
896,VIDEO,259.0,787.0,46.0,60.0,56.0,1502,manual,100.0,25.0
897,VIDEO,265.0,806.0,46.0,60.0,56.0,1502,manual,100.0,43.0
898,VIDEO,161.0,768.0,46.0,60.0,55.0,1502,manual,100.0,10.0
899,VIDEO,212.0,768.0,47.0,60.0,57.0,1502,manual,100.0,4.0
900,VIDEO,234.0,825.0,47.0,60.0,59.0,1502,manual,100.0,24.0
901,VIDEO,238.0,806.0,46.0,60.0,58.0,1502,manual,100.0,27.0
902,VIDEO,263.0,906.0,47.0,60.0,56.0,1502,manual,100.0,39.0
903,VIDEO,178.0,875.0,46.0,58.0,63.0,1319,manual,100.0,58.0
904,VIDEO,294.0,831.0,46.0,60.0,60.0,1283,manual,99.0,54.0
905,VIDEO,294.0,831.0,46.0,60.0,61.0,1319,manual,99.0,58.0
906,VIDEO,314.0,818.0,47.0,60.0,60.0,1283,manual,100.0,59.0
907,VIDEO,317.0,787.0,47.0,60.0,57.0,1319,manual,100.0,60.0
908,VIDEO,293.0,806.0,46.0,61.0,57.0,1363,manual,100.0,30.0
909,VIDEO,293.0,812.0,46.0,61.0,58.0,1319,manual,100.0,30.0
910,VIDEO,297.0,793.0,46.0,61.0,57.0,1319,manual,100.0,30.0
911,VIDEO,259.0,806.0,46.0,60.0,56.0,1502,manual,100.0,26.0
912,VIDEO,212.0,812.0,47.0,60.0,56.0,1502,manual,100.0,4.0
913,VIDEO,239.0,825.0,47.0,60.0,58.0,1502,manual,100.0,26.0
914,VIDEO,233.0,812.0,47.0,60.0,58.0,1502,manual,100.0,26.0
915,VIDEO,235.0,806.0,47.0,60.0,58.0,1502,manual,100.0,27.0
916,VIDEO,294.0,912.0,47.0,60.0,57.0,1502,manual,99.0,56.0
917,VIDEO,304.0,925.0,47.0,60.0,57.0,1472,manual,100.0,56.0
918,VIDEO,214.0,912.0,47.0,60.0,57.0,1502,manual,100.0,5.0
919,VIDEO,212.0,912.0,47.0,61.0,57.0,1502,manual,100.0,10.0
920,VIDEO,241.0,912.0,47.0,60.0,57.0,1502,manual,100.0,10.0
921,VIDEO,255.0,912.0,47.0,61.0,57.0,1502,manual,100.0,14.0
922,VIDEO,198.0,912.0,47.0,62.0,58.0,1502,manual,100.0,3.0
923,VIDEO,307.0,925.0,47.0,61.0,59.0,1404,manual,100.0,16.0
924,VIDEO,242.0,912.0,48.0,62.0,58.0,1430,manual,100.0,10.0
925,VIDEO,209.0,912.0,47.0,61.0,62.0,1430,manual,100.0,7.0
926,VIDEO,286.0,906.0,47.0,60.0,66.0,1319,manual,99.0,21.0
927,VIDEO,321.0,856.0,47.0,59.0,65.0,1319,manual,100.0,70.0
928,VIDEO,228.0,843.0,47.0,60.0,64.0,1283,manual,100.0,57.0
929,VIDEO,314.0,918.0,46.0,60.0,65.0,1283,manual,99.0,65.0
930,VIDEO,310.0,862.0,47.0,60.0,66.0,1235,manual,99.0,70.0
931,VIDEO,175.0,906.0,47.0,60.0,64.0,1502,manual,99.0,6.0
932,VIDEO,304.0,918.0,47.0,61.0,66.0,1235,manual,99.0,50.0
933,VIDEO,323.0,850.0,47.0,60.0,65.0,1283,manual,100.0,74.0
934,VIDEO,314.0,825.0,46.0,60.0,64.0,1319,manual,100.0,60.0
935,VIDEO,192.0,831.0,47.0,60.0,63.0,1363,manual,99.0,64.0
936,VIDEO,281.0,831.0,46.0,60.0,63.0,1363,manual,100.0,57.0
937,VIDEO,328.0,831.0,47.0,60.0,64.0,1319,manual,100.0,68.0
938,VIDEO,272.0,843.0,47.0,60.0,63.0,1363,manual,99.0,51.0
939,VIDEO,160.0,881.0,47.0,60.0,63.0,1319,manual,99.0,62.0
940,VIDEO,304.0,893.0,47.0,60.0,63.0,1283,manual,100.0,60.0
941,VIDEO,315.0,806.0,46.0,60.0,61.0,1283,manual,99.0,60.0
942,VIDEO,337.0,812.0,47.0,61.0,58.0,1319,manual,100.0,59.0
943,VIDEO,242.0,843.0,47.0,61.0,58.0,1319,manual,100.0,50.0
944,VIDEO,315.0,856.0,47.0,61.0,60.0,1319,manual,100.0,59.0
945,VIDEO,304.0,793.0,47.0,60.0,60.0,1283,manual,100.0,59.0
946,VIDEO,242.0,812.0,46.0,60.0,57.0,1502,manual,99.0,33.0
947,VIDEO,260.0,806.0,46.0,61.0,55.0,1502,manual,100.0,26.0
948,VIDEO,259.0,818.0,46.0,60.0,55.0,1502,manual,100.0,25.0
949,VIDEO,205.0,825.0,46.0,60.0,58.0,1502,manual,100.0,4.0
950,VIDEO,238.0,831.0,47.0,60.0,59.0,1502,manual,100.0,25.0
951,VIDEO,236.0,825.0,47.0,60.0,58.0,1502,manual,100.0,27.0
952,VIDEO,260.0,912.0,47.0,60.0,57.0,1502,manual,100.0,39.0
953,VIDEO,261.0,906.0,47.0,60.0,57.0,1502,manual,100.0,39.0
954,VIDEO,236.0,912.0,47.0,61.0,57.0,1502,manual,100.0,12.0
955,VIDEO,255.0,912.0,47.0,61.0,58.0,1502,manual,100.0,13.0
956,VIDEO,232.0,912.0,47.0,61.0,57.0,1502,manual,100.0,14.0
957,VIDEO,118.0,918.0,48.0,62.0,58.0,1502,manual,100.0,0.0
958,VIDEO,353.0,912.0,48.0,61.0,60.0,1430,manual,100.0,18.0
959,VIDEO,286.0,912.0,47.0,61.0,59.0,1472,manual,100.0,12.0
960,VIDEO,340.0,912.0,47.0,61.0,59.0,1363,manual,100.0,20.0
961,VIDEO,307.0,912.0,48.0,61.0,58.0,1472,manual,100.0,12.0
962,VIDEO,238.0,912.0,47.0,61.0,61.0,1430,manual,100.0,7.0
963,VIDEO,196.0,912.0,47.0,60.0,64.0,1472,manual,100.0,6.0
964,VIDEO,352.0,912.0,47.0,61.0,62.0,1363,manual,100.0,20.0
965,VIDEO,274.0,906.0,47.0,60.0,67.0,1502,manual,99.0,5.0
966,VIDEO,45.0,668.0,46.0,60.0,57.0,300,manual,1.0,0.0
967,VIDEO,47.0,662.0,43.0,47.0,51.0,300,manual,0.0,2.0
968,VIDEO,46.0,662.0,43.0,46.0,50.0,300,manual,0.0,2.0
969,VIDEO,39.0,662.0,42.0,45.0,49.0,300,manual,0.0,0.0
970,VIDEO,116.0,912.0,43.0,53.0,49.0,1502,manual,100.0,1.0
971,VIDEO,197.0,868.0,45.0,61.0,49.0,1472,manual,100.0,0.0
972,VIDEO,210.0,893.0,45.0,60.0,49.0,1502,manual,99.0,4.0
973,VIDEO,206.0,868.0,45.0,62.0,49.0,1430,manual,100.0,0.0
974,VIDEO,306.0,843.0,45.0,62.0,49.0,1404,manual,99.0,0.0
975,VIDEO,217.0,906.0,46.0,62.0,49.0,1502,manual,99.0,1.0
976,VIDEO,293.0,912.0,46.0,62.0,49.0,1404,manual,100.0,0.0
977,VIDEO,305.0,893.0,46.0,61.0,49.0,1502,manual,100.0,0.0
978,VIDEO,234.0,818.0,46.0,63.0,49.0,1430,manual,100.0,0.0
979,VIDEO,295.0,843.0,46.0,63.0,49.0,1404,manual,100.0,0.0
980,VIDEO,217.0,900.0,46.0,63.0,49.0,1502,manual,99.0,1.0
981,VIDEO,293.0,818.0,46.0,63.0,49.0,1363,manual,100.0,0.0
982,VIDEO,305.0,893.0,46.0,63.0,49.0,1430,manual,99.0,0.0
983,VIDEO,293.0,843.0,46.0,62.0,49.0,1404,manual,100.0,0.0
984,VIDEO,296.0,843.0,46.0,62.0,50.0,1404,manual,99.0,0.0
985,VIDEO,218.0,925.0,46.0,63.0,49.0,1502,manual,100.0,1.0
986,VIDEO,294.0,843.0,46.0,63.0,49.0,1404,manual,100.0,0.0
987,VIDEO,309.0,856.0,46.0,63.0,50.0,1430,manual,99.0,0.0
988,VIDEO,211.0,843.0,47.0,63.0,50.0,1502,manual,100.0,0.0
989,VIDEO,305.0,912.0,46.0,63.0,49.0,1404,manual,99.0,0.0
990,VIDEO,276.0,843.0,47.0,62.0,50.0,1404,manual,100.0,0.0
991,VIDEO,330.0,850.0,47.0,63.0,50.0,1430,manual,99.0,0.0
992,VIDEO,60.0,843.0,47.0,63.0,49.0,300,manual,23.0,0.0
993,VIDEO,334.0,912.0,47.0,63.0,50.0,1472,manual,99.0,0.0
994,VIDEO,276.0,843.0,47.0,63.0,50.0,1404,manual,100.0,0.0
995,VIDEO,310.0,856.0,47.0,64.0,50.0,1430,manual,99.0,0.0
996,VIDEO,294.0,825.0,47.0,63.0,50.0,1404,manual,100.0,0.0
997,VIDEO,328.0,906.0,47.0,63.0,50.0,1472,manual,99.0,1.0
998,VIDEO,263.0,843.0,47.0,63.0,50.0,1404,manual,100.0,0.0
999,VIDEO,306.0,856.0,47.0,63.0,50.0,1430,manual,99.0,0.0
1000,VIDEO,275.0,843.0,47.0,63.0,50.0,1404,manual,100.0,0.0
1001,VIDEO,306.0,856.0,47.0,63.0,50.0,1430,manual,99.0,0.0
1002,VIDEO,43.0,662.0,45.0,52.0,50.0,1502,manual,0.0,0.0
1003,VIDEO,41.0,662.0,43.0,46.0,49.0,300,manual,0.0,0.0
