index,power_profile,power_usage,voltage,edge_temperature,junction_temperature,memory_temperature,sclk,performance,gpu_usage,memory_usage
0,COMPUTE,39.0,662.0,37.0,41.0,44.0,300,auto,0.0,0.0
1,COMPUTE,39.0,662.0,37.0,41.0,44.0,300,auto,0.0,0.0
2,COMPUTE,39.0,662.0,37.0,41.0,44.0,300,auto,0.0,0.0
3,COMPUTE,39.0,662.0,37.0,40.0,44.0,300,auto,0.0,0.0
4,COMPUTE,39.0,668.0,36.0,40.0,43.0,300,auto,0.0,0.0
5,COMPUTE,39.0,662.0,36.0,40.0,43.0,300,auto,0.0,0.0
6,COMPUTE,39.0,662.0,36.0,39.0,43.0,300,auto,0.0,0.0
7,COMPUTE,39.0,662.0,35.0,39.0,43.0,300,auto,0.0,0.0
8,COMPUTE,39.0,662.0,35.0,39.0,43.0,300,auto,0.0,0.0
9,COMPUTE,39.0,662.0,35.0,39.0,43.0,300,auto,0.0,0.0
10,COMPUTE,39.0,668.0,35.0,38.0,42.0,300,auto,0.0,0.0
11,COMPUTE,39.0,662.0,34.0,38.0,42.0,300,auto,0.0,0.0
12,COMPUTE,39.0,662.0,34.0,38.0,42.0,300,auto,0.0,0.0
13,COMPUTE,39.0,662.0,34.0,38.0,42.0,300,auto,0.0,0.0
14,COMPUTE,39.0,662.0,33.0,37.0,41.0,300,auto,0.0,0.0
15,COMPUTE,39.0,668.0,33.0,38.0,41.0,300,auto,0.0,0.0
16,COMPUTE,39.0,662.0,33.0,37.0,41.0,300,auto,0.0,0.0
17,COMPUTE,39.0,662.0,33.0,37.0,41.0,300,auto,0.0,0.0
18,COMPUTE,39.0,662.0,33.0,36.0,40.0,300,auto,0.0,0.0
19,COMPUTE,39.0,662.0,32.0,36.0,41.0,300,auto,0.0,0.0
20,COMPUTE,39.0,662.0,32.0,36.0,40.0,300,auto,0.0,0.0
21,COMPUTE,39.0,662.0,32.0,36.0,40.0,300,auto,0.0,0.0
22,COMPUTE,39.0,662.0,32.0,36.0,40.0,300,auto,0.0,0.0
23,COMPUTE,43.0,912.0,32.0,36.0,40.0,300,auto,0.0,1.0
24,COMPUTE,39.0,662.0,32.0,36.0,39.0,300,auto,0.0,0.0
25,COMPUTE,38.0,668.0,32.0,35.0,39.0,300,auto,0.0,0.0
26,COMPUTE,38.0,668.0,31.0,35.0,39.0,300,auto,0.0,0.0
27,COMPUTE,54.0,662.0,31.0,35.0,39.0,300,auto,1.0,1.0
28,COMPUTE,39.0,668.0,31.0,35.0,39.0,300,auto,0.0,0.0
29,COMPUTE,64.0,925.0,31.0,35.0,39.0,1502,auto,2.0,1.0
30,COMPUTE,37.0,668.0,31.0,35.0,39.0,300,auto,0.0,8.0
31,COMPUTE,65.0,925.0,31.0,35.0,39.0,1502,auto,2.0,1.0
32,COMPUTE,52.0,662.0,31.0,35.0,39.0,300,auto,1.0,1.0
33,COMPUTE,51.0,925.0,31.0,34.0,39.0,300,auto,1.0,1.0
34,COMPUTE,64.0,662.0,31.0,34.0,39.0,1502,auto,2.0,1.0
35,COMPUTE,44.0,925.0,31.0,34.0,38.0,300,auto,0.0,2.0
36,COMPUTE,50.0,918.0,30.0,34.0,38.0,300,auto,1.0,1.0
37,COMPUTE,39.0,912.0,30.0,34.0,38.0,300,auto,0.0,0.0
38,COMPUTE,53.0,662.0,30.0,34.0,38.0,300,auto,1.0,1.0
39,COMPUTE,36.0,668.0,30.0,34.0,38.0,300,auto,0.0,0.0
40,COMPUTE,65.0,662.0,30.0,33.0,38.0,1502,auto,2.0,0.0
41,COMPUTE,39.0,906.0,29.0,34.0,38.0,300,auto,0.0,0.0
42,COMPUTE,39.0,743.0,31.0,35.0,39.0,300,auto,0.0,0.0
43,COMPUTE,44.0,862.0,31.0,34.0,39.0,1502,auto,0.0,0.0
44,COMPUTE,49.0,893.0,30.0,34.0,38.0,1502,auto,4.0,0.0
45,COMPUTE,293.0,893.0,33.0,48.0,49.0,1472,auto,100.0,27.0
46,COMPUTE,300.0,893.0,34.0,50.0,50.0,1472,auto,99.0,28.0
47,COMPUTE,300.0,887.0,35.0,51.0,51.0,1472,auto,100.0,28.0
48,COMPUTE,294.0,868.0,36.0,52.0,52.0,1472,auto,100.0,30.0
49,COMPUTE,302.0,893.0,36.0,50.0,50.0,1502,auto,83.0,29.0
50,COMPUTE,291.0,893.0,36.0,52.0,52.0,1472,auto,100.0,28.0
51,COMPUTE,294.0,893.0,37.0,53.0,52.0,1472,auto,100.0,33.0
52,COMPUTE,298.0,893.0,37.0,53.0,52.0,1502,auto,100.0,39.0
53,COMPUTE,293.0,887.0,37.0,54.0,51.0,1430,auto,100.0,27.0
54,COMPUTE,292.0,868.0,38.0,52.0,51.0,1472,auto,100.0,29.0
55,COMPUTE,267.0,893.0,38.0,54.0,53.0,1502,auto,100.0,49.0
56,COMPUTE,284.0,868.0,38.0,54.0,54.0,1430,auto,100.0,36.0
57,COMPUTE,296.0,893.0,38.0,54.0,53.0,1472,auto,100.0,29.0
58,COMPUTE,265.0,912.0,38.0,55.0,54.0,1502,auto,100.0,50.0
59,COMPUTE,238.0,862.0,39.0,52.0,50.0,1502,auto,100.0,12.0
60,COMPUTE,295.0,893.0,39.0,54.0,54.0,1430,auto,100.0,29.0
61,COMPUTE,250.0,918.0,39.0,55.0,53.0,1502,auto,100.0,50.0
62,COMPUTE,297.0,893.0,39.0,56.0,54.0,1472,auto,100.0,30.0
63,COMPUTE,297.0,893.0,40.0,55.0,55.0,1472,auto,100.0,28.0
64,COMPUTE,251.0,893.0,40.0,53.0,51.0,1502,auto,100.0,15.0
65,COMPUTE,313.0,887.0,40.0,56.0,54.0,1472,auto,99.0,41.0
66,COMPUTE,290.0,868.0,40.0,56.0,55.0,1430,auto,100.0,36.0
67,COMPUTE,280.0,893.0,40.0,56.0,55.0,1472,auto,100.0,29.0
68,COMPUTE,267.0,912.0,41.0,56.0,55.0,1502,auto,99.0,50.0
69,COMPUTE,248.0,906.0,41.0,54.0,54.0,1502,auto,100.0,14.0
70,COMPUTE,294.0,887.0,41.0,56.0,57.0,1472,auto,100.0,29.0
71,COMPUTE,294.0,893.0,40.0,57.0,56.0,1472,auto,100.0,29.0
72,COMPUTE,294.0,868.0,41.0,57.0,57.0,1430,auto,100.0,30.0
73,COMPUTE,293.0,887.0,42.0,57.0,57.0,1430,auto,100.0,37.0
74,COMPUTE,257.0,912.0,42.0,57.0,55.0,1502,auto,90.0,32.0
75,COMPUTE,283.0,862.0,42.0,57.0,56.0,1472,auto,100.0,33.0
76,COMPUTE,297.0,893.0,42.0,57.0,58.0,1472,auto,99.0,29.0
77,COMPUTE,301.0,893.0,42.0,58.0,57.0,1430,auto,100.0,31.0
78,COMPUTE,282.0,893.0,42.0,58.0,57.0,1472,auto,100.0,30.0
79,COMPUTE,301.0,912.0,42.0,58.0,57.0,1430,auto,100.0,34.0
80,COMPUTE,281.0,862.0,42.0,58.0,57.0,1472,auto,100.0,29.0
81,COMPUTE,293.0,887.0,42.0,59.0,57.0,1472,auto,100.0,28.0
82,COMPUTE,288.0,887.0,43.0,58.0,58.0,1430,auto,100.0,35.0
83,COMPUTE,292.0,868.0,43.0,58.0,57.0,1430,auto,100.0,37.0
84,COMPUTE,297.0,893.0,43.0,59.0,59.0,1472,auto,99.0,31.0
85,COMPUTE,287.0,868.0,43.0,58.0,56.0,1430,auto,100.0,34.0
86,COMPUTE,298.0,893.0,43.0,59.0,58.0,1430,auto,100.0,29.0
87,COMPUTE,296.0,887.0,43.0,59.0,58.0,1430,auto,100.0,30.0
88,COMPUTE,300.0,887.0,43.0,60.0,58.0,1472,auto,100.0,29.0
89,COMPUTE,297.0,862.0,43.0,60.0,58.0,1430,auto,100.0,34.0
90,COMPUTE,250.0,912.0,44.0,57.0,55.0,1502,auto,100.0,27.0
91,COMPUTE,296.0,862.0,44.0,60.0,58.0,1472,auto,100.0,33.0
92,COMPUTE,271.0,912.0,44.0,60.0,58.0,1502,auto,100.0,50.0
93,COMPUTE,284.0,862.0,44.0,60.0,58.0,1472,auto,100.0,31.0
94,COMPUTE,281.0,893.0,44.0,60.0,58.0,1502,auto,100.0,50.0
95,COMPUTE,254.0,893.0,44.0,58.0,55.0,1502,auto,100.0,16.0
96,COMPUTE,290.0,862.0,44.0,60.0,60.0,1430,auto,100.0,37.0
97,COMPUTE,297.0,893.0,44.0,60.0,60.0,1472,auto,99.0,31.0
98,COMPUTE,286.0,887.0,44.0,60.0,60.0,1430,auto,100.0,36.0
99,COMPUTE,253.0,868.0,45.0,60.0,61.0,1502,auto,100.0,45.0
100,COMPUTE,44.0,912.0,44.0,60.0,61.0,300,auto,0.0,0.0
101,COMPUTE,301.0,862.0,44.0,60.0,60.0,1430,auto,100.0,33.0
102,COMPUTE,281.0,893.0,45.0,60.0,61.0,1472,auto,100.0,29.0
103,COMPUTE,284.0,862.0,45.0,61.0,59.0,1472,auto,100.0,34.0
104,COMPUTE,286.0,887.0,45.0,61.0,60.0,1472,auto,100.0,32.0
105,COMPUTE,300.0,912.0,45.0,61.0,60.0,1472,auto,99.0,32.0
106,COMPUTE,294.0,862.0,45.0,60.0,60.0,1430,auto,100.0,30.0
107,COMPUTE,271.0,893.0,45.0,61.0,59.0,1472,auto,100.0,50.0
108,COMPUTE,300.0,887.0,45.0,61.0,61.0,1430,auto,100.0,34.0
109,COMPUTE,288.0,862.0,45.0,61.0,60.0,1430,auto,100.0,36.0
110,COMPUTE,299.0,893.0,45.0,61.0,60.0,1472,auto,99.0,34.0
111,COMPUTE,299.0,893.0,46.0,60.0,58.0,1430,auto,100.0,34.0
112,COMPUTE,285.0,868.0,45.0,61.0,60.0,1430,auto,100.0,33.0
113,COMPUTE,296.0,662.0,46.0,61.0,61.0,1472,auto,100.0,30.0
114,COMPUTE,301.0,862.0,46.0,61.0,60.0,1430,auto,100.0,31.0
115,COMPUTE,298.0,862.0,46.0,62.0,60.0,1430,auto,100.0,32.0
116,COMPUTE,252.0,887.0,46.0,59.0,58.0,1502,auto,100.0,15.0
117,COMPUTE,293.0,862.0,46.0,62.0,61.0,1430,auto,100.0,30.0
118,COMPUTE,296.0,893.0,46.0,61.0,61.0,1430,auto,100.0,29.0
119,COMPUTE,295.0,893.0,46.0,62.0,61.0,1430,auto,99.0,30.0
120,COMPUTE,288.0,868.0,46.0,62.0,61.0,1430,auto,100.0,36.0
121,COMPUTE,283.0,912.0,46.0,62.0,61.0,1502,auto,100.0,50.0
122,COMPUTE,51.0,668.0,44.0,49.0,52.0,1502,auto,6.0,1.0
123,COMPUTE,46.0,662.0,42.0,46.0,49.0,300,auto,0.0,2.0
124,COMPUTE,39.0,662.0,42.0,45.0,47.0,300,auto,0.0,0.0
125,COMPUTE,39.0,662.0,41.0,45.0,46.0,300,auto,0.0,0.0
126,COMPUTE,39.0,662.0,40.0,43.0,46.0,300,auto,0.0,0.0
127,COMPUTE,39.0,662.0,40.0,43.0,45.0,300,auto,0.0,0.0
128,COMPUTE,39.0,662.0,39.0,43.0,45.0,300,auto,0.0,0.0
129,COMPUTE,39.0,662.0,39.0,42.0,45.0,300,auto,0.0,0.0
130,COMPUTE,39.0,675.0,38.0,42.0,44.0,300,auto,0.0,0.0
131,COMPUTE,39.0,662.0,38.0,41.0,44.0,300,auto,0.0,0.0
132,COMPUTE,39.0,662.0,37.0,42.0,44.0,300,auto,0.0,0.0
133,COMPUTE,39.0,662.0,37.0,41.0,43.0,300,auto,0.0,0.0
134,COMPUTE,39.0,662.0,37.0,40.0,43.0,300,auto,0.0,0.0
135,COMPUTE,39.0,662.0,36.0,40.0,44.0,300,auto,0.0,0.0
136,COMPUTE,39.0,662.0,36.0,40.0,43.0,300,auto,0.0,0.0
137,COMPUTE,39.0,662.0,36.0,40.0,42.0,300,auto,0.0,0.0
138,COMPUTE,39.0,668.0,35.0,39.0,42.0,300,auto,0.0,0.0
139,COMPUTE,39.0,662.0,35.0,39.0,43.0,300,auto,0.0,0.0
140,COMPUTE,64.0,925.0,35.0,39.0,41.0,1502,auto,2.0,1.0
141,COMPUTE,46.0,918.0,35.0,39.0,41.0,1502,auto,0.0,0.0
142,COMPUTE,39.0,662.0,35.0,39.0,41.0,300,auto,0.0,0.0
143,COMPUTE,39.0,668.0,34.0,38.0,41.0,300,auto,0.0,0.0
144,COMPUTE,39.0,662.0,34.0,38.0,41.0,300,auto,0.0,0.0
145,COMPUTE,59.0,662.0,34.0,37.0,41.0,1502,auto,3.0,0.0
146,COMPUTE,45.0,906.0,34.0,38.0,41.0,1502,auto,6.0,0.0
147,COMPUTE,52.0,762.0,33.0,38.0,41.0,300,auto,1.0,0.0
148,COMPUTE,58.0,662.0,33.0,37.0,40.0,1502,auto,1.0,0.0
149,COMPUTE,55.0,662.0,33.0,37.0,40.0,300,auto,1.0,2.0
150,COMPUTE,58.0,675.0,33.0,37.0,40.0,1502,auto,3.0,0.0
151,COMPUTE,39.0,668.0,33.0,37.0,40.0,300,auto,0.0,0.0
152,COMPUTE,47.0,662.0,33.0,36.0,41.0,1502,auto,4.0,0.0
153,COMPUTE,39.0,662.0,32.0,36.0,39.0,300,auto,0.0,0.0
154,COMPUTE,59.0,750.0,32.0,36.0,39.0,1502,auto,2.0,0.0
155,COMPUTE,39.0,662.0,32.0,37.0,39.0,300,auto,0.0,0.0
156,COMPUTE,64.0,918.0,31.0,36.0,40.0,1502,auto,2.0,0.0
157,COMPUTE,44.0,662.0,32.0,35.0,40.0,1502,auto,0.0,0.0
158,COMPUTE,57.0,668.0,32.0,35.0,40.0,1502,auto,1.0,0.0
159,COMPUTE,38.0,662.0,31.0,35.0,39.0,300,auto,0.0,0.0
160,COMPUTE,228.0,918.0,33.0,44.0,41.0,1502,auto,100.0,7.0
161,COMPUTE,39.0,906.0,32.0,36.0,40.0,300,auto,0.0,0.0
162,COMPUTE,50.0,918.0,33.0,43.0,45.0,1502,auto,4.0,0.0
163,COMPUTE,39.0,662.0,32.0,36.0,40.0,300,auto,0.0,1.0
164,COMPUTE,290.0,906.0,35.0,49.0,48.0,1430,auto,100.0,25.0
165,COMPUTE,286.0,906.0,36.0,53.0,48.0,1430,auto,100.0,24.0
166,COMPUTE,293.0,906.0,37.0,54.0,49.0,1472,auto,99.0,20.0
167,COMPUTE,294.0,906.0,37.0,55.0,48.0,1472,auto,100.0,20.0
168,COMPUTE,279.0,862.0,37.0,55.0,49.0,1502,auto,100.0,17.0
169,COMPUTE,283.0,893.0,38.0,55.0,49.0,1502,auto,99.0,16.0
170,COMPUTE,282.0,906.0,38.0,56.0,50.0,1472,auto,100.0,23.0
171,COMPUTE,305.0,887.0,38.0,56.0,50.0,1472,auto,100.0,23.0
172,COMPUTE,287.0,906.0,39.0,56.0,50.0,1472,auto,100.0,20.0
173,COMPUTE,293.0,906.0,39.0,57.0,50.0,1472,auto,100.0,17.0
174,COMPUTE,285.0,862.0,39.0,57.0,51.0,1502,auto,100.0,18.0
175,COMPUTE,295.0,887.0,40.0,57.0,51.0,1472,auto,100.0,18.0
176,COMPUTE,281.0,906.0,40.0,57.0,51.0,1472,auto,100.0,21.0
177,COMPUTE,61.0,912.0,40.0,57.0,53.0,1502,auto,21.0,2.0
178,COMPUTE,286.0,862.0,40.0,57.0,51.0,1472,auto,100.0,21.0
179,COMPUTE,294.0,887.0,40.0,57.0,52.0,1502,auto,99.0,19.0
180,COMPUTE,284.0,893.0,41.0,58.0,52.0,1430,auto,100.0,25.0
181,COMPUTE,299.0,912.0,41.0,58.0,52.0,1472,auto,100.0,20.0
182,COMPUTE,40.0,662.0,39.0,53.0,51.0,300,auto,0.0,1.0
183,COMPUTE,137.0,893.0,40.0,56.0,52.0,1502,auto,100.0,0.0
184,COMPUTE,296.0,912.0,41.0,58.0,53.0,1472,auto,99.0,17.0
185,COMPUTE,295.0,906.0,41.0,58.0,53.0,1472,auto,100.0,23.0
186,COMPUTE,285.0,906.0,41.0,59.0,53.0,1472,auto,100.0,23.0
187,COMPUTE,295.0,862.0,42.0,59.0,53.0,1472,auto,100.0,19.0
188,COMPUTE,282.0,887.0,42.0,59.0,53.0,1502,auto,100.0,18.0
189,COMPUTE,286.0,893.0,42.0,59.0,54.0,1430,auto,100.0,25.0
190,COMPUTE,286.0,893.0,42.0,59.0,53.0,1502,auto,100.0,22.0
191,COMPUTE,299.0,862.0,42.0,59.0,53.0,1472,auto,100.0,19.0
192,COMPUTE,281.0,893.0,42.0,59.0,54.0,1502,auto,100.0,17.0
193,COMPUTE,253.0,906.0,42.0,59.0,53.0,1502,auto,95.0,18.0
194,COMPUTE,284.0,893.0,42.0,60.0,53.0,1502,auto,100.0,19.0
195,COMPUTE,299.0,912.0,43.0,60.0,54.0,1472,auto,100.0,18.0
196,COMPUTE,302.0,887.0,42.0,60.0,55.0,1430,auto,100.0,23.0
197,COMPUTE,290.0,893.0,43.0,60.0,54.0,1472,auto,100.0,22.0
198,COMPUTE,285.0,862.0,43.0,61.0,54.0,1472,auto,100.0,19.0
199,COMPUTE,295.0,887.0,43.0,61.0,55.0,1472,auto,99.0,18.0
200,COMPUTE,297.0,906.0,43.0,60.0,55.0,1472,auto,100.0,20.0
201,COMPUTE,282.0,912.0,43.0,59.0,58.0,1502,auto,100.0,44.0
202,COMPUTE,55.0,906.0,41.0,46.0,50.0,300,auto,1.0,1.0
203,COMPUTE,298.0,862.0,43.0,61.0,54.0,1472,auto,100.0,17.0
204,COMPUTE,293.0,912.0,43.0,61.0,55.0,1502,auto,99.0,18.0
205,COMPUTE,283.0,893.0,44.0,61.0,55.0,1472,auto,100.0,24.0
206,COMPUTE,299.0,887.0,44.0,61.0,55.0,1472,auto,100.0,21.0
207,COMPUTE,294.0,868.0,44.0,62.0,55.0,1472,auto,100.0,18.0
208,COMPUTE,309.0,912.0,44.0,61.0,56.0,1472,auto,99.0,22.0
209,COMPUTE,268.0,906.0,44.0,61.0,55.0,1502,auto,100.0,49.0
210,COMPUTE,287.0,862.0,44.0,61.0,55.0,1472,auto,100.0,19.0
211,COMPUTE,287.0,887.0,44.0,62.0,56.0,1472,auto,100.0,24.0
212,COMPUTE,272.0,906.0,44.0,62.0,55.0,1502,auto,100.0,57.0
213,COMPUTE,287.0,893.0,44.0,62.0,55.0,1472,auto,100.0,20.0
214,COMPUTE,296.0,862.0,44.0,62.0,56.0,1472,auto,100.0,18.0
215,COMPUTE,288.0,893.0,44.0,62.0,56.0,1430,auto,100.0,23.0
216,COMPUTE,300.0,893.0,45.0,63.0,55.0,1472,auto,100.0,24.0
217,COMPUTE,292.0,893.0,45.0,63.0,55.0,1502,auto,100.0,17.0
218,COMPUTE,298.0,862.0,45.0,63.0,56.0,1472,auto,100.0,16.0
219,COMPUTE,287.0,906.0,45.0,62.0,57.0,1430,auto,100.0,23.0
220,COMPUTE,298.0,893.0,45.0,63.0,56.0,1472,auto,100.0,20.0
221,COMPUTE,280.0,918.0,45.0,60.0,62.0,1502,auto,100.0,43.0
222,COMPUTE,286.0,893.0,43.0,60.0,55.0,1502,auto,100.0,20.0
223,COMPUTE,295.0,862.0,45.0,62.0,56.0,1472,auto,100.0,17.0
224,COMPUTE,291.0,906.0,45.0,63.0,56.0,1502,auto,100.0,18.0
225,COMPUTE,249.0,906.0,45.0,62.0,56.0,1502,auto,99.0,10.0
226,COMPUTE,287.0,868.0,45.0,63.0,56.0,1472,auto,100.0,18.0
227,COMPUTE,285.0,887.0,45.0,63.0,56.0,1472,auto,100.0,18.0
228,COMPUTE,293.0,893.0,46.0,63.0,57.0,1430,auto,100.0,24.0
229,COMPUTE,272.0,893.0,45.0,63.0,56.0,1502,auto,100.0,50.0
230,COMPUTE,294.0,906.0,46.0,63.0,56.0,1472,auto,100.0,17.0
231,COMPUTE,289.0,887.0,46.0,63.0,56.0,1472,auto,100.0,17.0
232,COMPUTE,287.0,912.0,46.0,63.0,57.0,1430,auto,100.0,24.0
233,COMPUTE,283.0,887.0,46.0,63.0,58.0,1472,auto,100.0,22.0
234,COMPUTE,283.0,893.0,46.0,64.0,57.0,1472,auto,100.0,17.0
235,COMPUTE,292.0,887.0,46.0,64.0,57.0,1430,auto,100.0,21.0
236,COMPUTE,285.0,912.0,46.0,64.0,57.0,1430,auto,100.0,23.0
237,COMPUTE,286.0,906.0,46.0,64.0,58.0,1430,auto,100.0,23.0
238,COMPUTE,293.0,887.0,46.0,64.0,57.0,1472,auto,100.0,20.0
239,COMPUTE,288.0,862.0,46.0,64.0,57.0,1472,auto,100.0,18.0
240,COMPUTE,248.0,906.0,46.0,61.0,56.0,1502,auto,100.0,7.0
241,COMPUTE,282.0,662.0,46.0,61.0,62.0,1502,auto,100.0,43.0
242,COMPUTE,283.0,906.0,45.0,61.0,56.0,1472,auto,100.0,23.0
243,COMPUTE,293.0,893.0,46.0,64.0,56.0,1472,auto,100.0,17.0
244,COMPUTE,299.0,887.0,46.0,64.0,57.0,1472,auto,100.0,19.0
245,COMPUTE,288.0,893.0,46.0,64.0,57.0,1502,auto,99.0,18.0
246,COMPUTE,296.0,887.0,46.0,64.0,57.0,1430,auto,100.0,22.0
247,COMPUTE,288.0,906.0,47.0,64.0,57.0,1472,auto,100.0,20.0
248,COMPUTE,294.0,862.0,47.0,64.0,57.0,1472,auto,100.0,18.0
249,COMPUTE,298.0,893.0,47.0,64.0,57.0,1472,auto,100.0,18.0
250,COMPUTE,287.0,906.0,46.0,64.0,57.0,1430,auto,100.0,24.0
251,COMPUTE,281.0,887.0,47.0,65.0,57.0,1502,auto,100.0,17.0
252,COMPUTE,292.0,862.0,47.0,65.0,58.0,1502,auto,100.0,19.0
253,COMPUTE,295.0,887.0,47.0,64.0,57.0,1472,auto,99.0,18.0
254,COMPUTE,299.0,893.0,47.0,65.0,57.0,1430,auto,100.0,22.0
255,COMPUTE,286.0,906.0,47.0,65.0,56.0,1472,auto,100.0,19.0
256,COMPUTE,239.0,862.0,47.0,61.0,55.0,1502,auto,100.0,8.0
257,COMPUTE,290.0,893.0,47.0,64.0,57.0,1430,auto,100.0,23.0
258,COMPUTE,294.0,893.0,47.0,65.0,57.0,1472,auto,100.0,22.0
259,COMPUTE,294.0,862.0,47.0,65.0,57.0,1472,auto,100.0,23.0
260,COMPUTE,147.0,912.0,46.0,64.0,60.0,1502,auto,100.0,3.0
261,COMPUTE,57.0,862.0,45.0,52.0,54.0,300,auto,1.0,1.0
262,COMPUTE,317.0,912.0,47.0,63.0,57.0,1472,auto,100.0,20.0
263,COMPUTE,284.0,893.0,47.0,64.0,58.0,1472,auto,99.0,23.0
264,COMPUTE,294.0,906.0,48.0,65.0,57.0,1472,auto,100.0,22.0
265,COMPUTE,284.0,862.0,47.0,65.0,57.0,1472,auto,100.0,18.0
266,COMPUTE,286.0,887.0,47.0,65.0,58.0,1430,auto,100.0,24.0
267,COMPUTE,281.0,887.0,47.0,65.0,57.0,1502,auto,100.0,49.0
268,COMPUTE,289.0,893.0,48.0,65.0,57.0,1472,auto,100.0,22.0
269,COMPUTE,289.0,862.0,48.0,65.0,58.0,1472,auto,100.0,18.0
270,COMPUTE,302.0,893.0,47.0,65.0,58.0,1430,auto,100.0,23.0
271,COMPUTE,280.0,906.0,48.0,65.0,59.0,1502,auto,100.0,48.0
272,COMPUTE,245.0,862.0,47.0,62.0,55.0,1502,auto,100.0,9.0
273,COMPUTE,285.0,887.0,48.0,64.0,59.0,1430,auto,100.0,23.0
274,COMPUTE,273.0,893.0,48.0,65.0,58.0,1502,auto,100.0,52.0
275,COMPUTE,286.0,900.0,47.0,65.0,58.0,1472,auto,100.0,18.0
276,COMPUTE,286.0,862.0,47.0,65.0,59.0,1502,auto,100.0,18.0
277,COMPUTE,276.0,881.0,48.0,65.0,59.0,1472,auto,100.0,22.0
278,COMPUTE,289.0,906.0,48.0,65.0,58.0,1502,auto,100.0,36.0
279,COMPUTE,289.0,893.0,48.0,65.0,58.0,1472,auto,100.0,20.0
280,COMPUTE,283.0,912.0,47.0,63.0,64.0,1502,auto,100.0,44.0
281,COMPUTE,54.0,925.0,45.0,49.0,52.0,300,auto,0.0,0.0
282,COMPUTE,47.0,668.0,43.0,47.0,51.0,300,auto,0.0,2.0
283,COMPUTE,39.0,668.0,42.0,46.0,49.0,300,auto,0.0,0.0
284,COMPUTE,40.0,662.0,42.0,45.0,49.0,300,auto,0.0,0.0
285,COMPUTE,40.0,662.0,42.0,45.0,48.0,300,auto,0.0,0.0
286,COMPUTE,39.0,662.0,41.0,45.0,48.0,300,auto,0.0,0.0
287,COMPUTE,40.0,662.0,41.0,44.0,47.0,300,auto,0.0,0.0
288,COMPUTE,39.0,662.0,40.0,44.0,47.0,300,auto,0.0,0.0
289,COMPUTE,39.0,662.0,40.0,43.0,46.0,300,auto,0.0,0.0
290,COMPUTE,58.0,662.0,39.0,43.0,46.0,300,auto,1.0,0.0
291,COMPUTE,39.0,662.0,39.0,43.0,46.0,300,auto,0.0,0.0
292,COMPUTE,39.0,662.0,39.0,42.0,46.0,300,auto,0.0,0.0
293,COMPUTE,39.0,668.0,38.0,42.0,45.0,300,auto,0.0,0.0
294,COMPUTE,39.0,662.0,38.0,41.0,45.0,300,auto,0.0,0.0
295,COMPUTE,39.0,662.0,37.0,41.0,45.0,300,auto,0.0,0.0
296,COMPUTE,39.0,662.0,37.0,41.0,44.0,300,auto,0.0,0.0
297,COMPUTE,39.0,662.0,37.0,40.0,44.0,300,auto,0.0,0.0
298,COMPUTE,39.0,662.0,37.0,40.0,43.0,300,auto,0.0,0.0
299,COMPUTE,39.0,662.0,36.0,40.0,43.0,300,auto,0.0,0.0
300,COMPUTE,39.0,668.0,36.0,39.0,43.0,300,auto,0.0,0.0
301,COMPUTE,39.0,662.0,36.0,39.0,43.0,300,auto,0.0,0.0
302,COMPUTE,39.0,662.0,35.0,39.0,43.0,300,auto,0.0,0.0
303,COMPUTE,38.0,662.0,35.0,39.0,43.0,300,auto,0.0,0.0
304,COMPUTE,39.0,662.0,35.0,38.0,42.0,300,auto,0.0,0.0
305,COMPUTE,39.0,662.0,34.0,38.0,42.0,300,auto,0.0,0.0
306,COMPUTE,39.0,662.0,34.0,38.0,42.0,300,auto,0.0,0.0
307,COMPUTE,38.0,668.0,34.0,38.0,41.0,300,auto,0.0,0.0
308,COMPUTE,39.0,662.0,33.0,37.0,41.0,300,auto,0.0,0.0
309,COMPUTE,39.0,668.0,34.0,37.0,41.0,300,auto,0.0,0.0
310,COMPUTE,38.0,675.0,33.0,37.0,41.0,300,auto,0.0,0.0
311,COMPUTE,39.0,662.0,33.0,37.0,40.0,300,auto,0.0,0.0
312,COMPUTE,39.0,656.0,33.0,36.0,40.0,300,auto,0.0,0.0
313,COMPUTE,38.0,662.0,32.0,36.0,40.0,300,auto,0.0,0.0
314,COMPUTE,37.0,668.0,32.0,36.0,40.0,300,auto,0.0,0.0
315,COMPUTE,38.0,668.0,32.0,36.0,39.0,300,auto,0.0,0.0
316,COMPUTE,38.0,662.0,32.0,36.0,39.0,300,auto,0.0,0.0
317,COMPUTE,39.0,662.0,32.0,35.0,39.0,300,auto,0.0,0.0
318,COMPUTE,38.0,662.0,31.0,35.0,39.0,300,auto,0.0,0.0
319,COMPUTE,37.0,662.0,32.0,35.0,39.0,300,auto,0.0,0.0
320,COMPUTE,38.0,662.0,31.0,35.0,39.0,300,auto,0.0,0.0
321,COMPUTE,37.0,662.0,31.0,35.0,39.0,300,auto,0.0,0.0
322,COMPUTE,38.0,662.0,31.0,34.0,38.0,300,auto,0.0,0.0
323,COMPUTE,39.0,662.0,31.0,34.0,39.0,300,auto,0.0,0.0
324,COMPUTE,39.0,662.0,30.0,34.0,38.0,300,auto,0.0,0.0
325,COMPUTE,39.0,662.0,31.0,34.0,38.0,300,auto,0.0,0.0
326,COMPUTE,38.0,662.0,30.0,34.0,38.0,300,auto,0.0,0.0
327,COMPUTE,38.0,668.0,30.0,34.0,38.0,300,auto,0.0,0.0
328,COMPUTE,38.0,662.0,30.0,34.0,38.0,300,auto,0.0,0.0
329,COMPUTE,39.0,668.0,30.0,33.0,37.0,300,auto,0.0,0.0
330,COMPUTE,38.0,662.0,30.0,33.0,37.0,300,auto,0.0,0.0
331,COMPUTE,38.0,668.0,30.0,33.0,37.0,300,auto,0.0,0.0
332,COMPUTE,38.0,662.0,29.0,33.0,37.0,300,auto,0.0,0.0
333,COMPUTE,37.0,662.0,29.0,33.0,37.0,300,auto,0.0,0.0
334,COMPUTE,38.0,668.0,29.0,33.0,37.0,300,auto,0.0,0.0
335,COMPUTE,39.0,662.0,29.0,33.0,37.0,300,auto,0.0,0.0
336,COMPUTE,37.0,918.0,29.0,32.0,36.0,300,auto,0.0,0.0
337,COMPUTE,38.0,668.0,28.0,32.0,36.0,300,auto,0.0,0.0
338,COMPUTE,38.0,668.0,28.0,32.0,37.0,300,auto,0.0,0.0
339,COMPUTE,37.0,925.0,28.0,32.0,36.0,300,auto,0.0,0.0
340,COMPUTE,49.0,662.0,28.0,33.0,36.0,300,auto,0.0,0.0
341,COMPUTE,58.0,668.0,28.0,32.0,37.0,1502,auto,3.0,0.0
342,COMPUTE,57.0,925.0,28.0,32.0,37.0,1502,auto,3.0,0.0
343,COMPUTE,65.0,668.0,28.0,32.0,36.0,1502,auto,2.0,0.0
344,COMPUTE,36.0,668.0,28.0,32.0,36.0,300,auto,0.0,0.0
345,COMPUTE,35.0,662.0,28.0,32.0,36.0,300,auto,0.0,0.0
346,COMPUTE,54.0,668.0,28.0,32.0,36.0,300,auto,1.0,2.0
347,COMPUTE,54.0,925.0,28.0,32.0,36.0,1502,auto,4.0,0.0
348,COMPUTE,36.0,668.0,27.0,31.0,35.0,300,auto,0.0,0.0
349,COMPUTE,34.0,662.0,27.0,31.0,35.0,300,auto,0.0,0.0
350,COMPUTE,35.0,662.0,27.0,31.0,35.0,300,auto,0.0,0.0
351,COMPUTE,35.0,668.0,27.0,31.0,36.0,300,auto,0.0,0.0
352,COMPUTE,35.0,662.0,27.0,31.0,35.0,300,auto,0.0,0.0
353,COMPUTE,34.0,662.0,27.0,31.0,35.0,300,auto,0.0,0.0
354,COMPUTE,36.0,668.0,27.0,31.0,35.0,300,auto,0.0,0.0
355,COMPUTE,36.0,668.0,27.0,31.0,35.0,300,auto,0.0,0.0
356,COMPUTE,35.0,662.0,26.0,30.0,35.0,300,auto,0.0,0.0
357,COMPUTE,35.0,662.0,27.0,31.0,34.0,300,auto,0.0,0.0
358,COMPUTE,35.0,668.0,26.0,30.0,34.0,300,auto,0.0,0.0
359,COMPUTE,35.0,662.0,26.0,30.0,34.0,300,auto,0.0,0.0
360,COMPUTE,36.0,668.0,26.0,30.0,34.0,300,auto,0.0,0.0
361,COMPUTE,59.0,668.0,26.0,30.0,34.0,1502,auto,2.0,0.0
362,COMPUTE,54.0,675.0,26.0,31.0,36.0,1502,auto,1.0,0.0
363,COMPUTE,60.0,918.0,26.0,30.0,34.0,1502,auto,2.0,1.0
364,COMPUTE,49.0,918.0,27.0,31.0,34.0,300,auto,1.0,0.0
365,COMPUTE,36.0,918.0,26.0,30.0,34.0,300,auto,0.0,0.0
366,COMPUTE,49.0,925.0,26.0,30.0,34.0,300,auto,1.0,0.0
367,COMPUTE,40.0,662.0,26.0,30.0,34.0,300,auto,0.0,0.0
368,COMPUTE,35.0,662.0,26.0,30.0,35.0,300,auto,0.0,0.0
369,COMPUTE,37.0,662.0,26.0,30.0,34.0,300,auto,0.0,0.0
370,COMPUTE,36.0,668.0,26.0,30.0,35.0,300,auto,0.0,0.0
371,COMPUTE,58.0,918.0,26.0,30.0,34.0,1502,auto,3.0,0.0
372,COMPUTE,52.0,668.0,26.0,30.0,35.0,300,auto,1.0,0.0
373,COMPUTE,50.0,918.0,26.0,30.0,34.0,1502,auto,4.0,0.0
374,COMPUTE,58.0,662.0,26.0,30.0,35.0,1502,auto,3.0,0.0
375,COMPUTE,40.0,681.0,26.0,30.0,34.0,1502,auto,6.0,0.0
376,COMPUTE,54.0,925.0,26.0,30.0,34.0,1502,auto,2.0,0.0
377,COMPUTE,35.0,662.0,26.0,30.0,34.0,300,auto,0.0,0.0
378,COMPUTE,36.0,906.0,26.0,30.0,34.0,300,auto,0.0,0.0
379,COMPUTE,219.0,662.0,26.0,29.0,34.0,1502,auto,99.0,11.0
380,COMPUTE,44.0,925.0,26.0,30.0,34.0,300,auto,0.0,2.0
381,COMPUTE,41.0,900.0,26.0,30.0,34.0,300,auto,0.0,0.0
382,COMPUTE,62.0,918.0,26.0,31.0,36.0,1502,auto,2.0,1.0
383,COMPUTE,38.0,925.0,26.0,30.0,34.0,300,auto,0.0,0.0
384,COMPUTE,52.0,925.0,26.0,30.0,34.0,300,auto,1.0,1.0
385,COMPUTE,37.0,668.0,26.0,30.0,33.0,300,auto,0.0,0.0
386,COMPUTE,37.0,662.0,26.0,30.0,33.0,300,auto,0.0,0.0
387,COMPUTE,50.0,756.0,25.0,29.0,33.0,300,auto,1.0,0.0
388,COMPUTE,36.0,906.0,26.0,29.0,33.0,300,auto,0.0,0.0
389,COMPUTE,56.0,918.0,29.0,40.0,35.0,300,auto,30.0,6.0
390,COMPUTE,50.0,925.0,26.0,30.0,35.0,300,auto,1.0,0.0
391,COMPUTE,53.0,743.0,26.0,30.0,34.0,1502,auto,3.0,0.0
392,COMPUTE,253.0,906.0,28.0,38.0,40.0,1502,auto,100.0,23.0
393,COMPUTE,55.0,662.0,28.0,34.0,36.0,1502,auto,0.0,1.0
394,COMPUTE,37.0,662.0,27.0,30.0,35.0,300,auto,0.0,0.0
395,COMPUTE,54.0,818.0,26.0,30.0,34.0,1502,auto,3.0,0.0
396,COMPUTE,62.0,925.0,26.0,30.0,34.0,1502,auto,2.0,1.0
397,COMPUTE,66.0,787.0,26.0,30.0,34.0,1502,auto,3.0,1.0
398,COMPUTE,49.0,662.0,26.0,30.0,34.0,300,auto,1.0,0.0
399,COMPUTE,295.0,818.0,28.0,40.0,44.0,1319,auto,100.0,43.0
400,COMPUTE,283.0,812.0,31.0,44.0,50.0,1502,auto,100.0,54.0
401,COMPUTE,286.0,906.0,31.0,45.0,50.0,1363,auto,100.0,43.0
402,COMPUTE,285.0,812.0,32.0,46.0,52.0,1319,auto,100.0,42.0
403,COMPUTE,302.0,806.0,32.0,46.0,51.0,1319,auto,100.0,43.0
404,COMPUTE,288.0,806.0,33.0,47.0,52.0,1319,auto,100.0,43.0
405,COMPUTE,261.0,812.0,33.0,47.0,53.0,1502,auto,99.0,49.0
406,COMPUTE,288.0,906.0,33.0,47.0,53.0,1319,auto,100.0,43.0
407,COMPUTE,286.0,812.0,34.0,48.0,55.0,1502,auto,100.0,56.0
408,COMPUTE,287.0,893.0,34.0,48.0,53.0,1319,auto,100.0,42.0
409,COMPUTE,289.0,812.0,34.0,49.0,55.0,1319,auto,100.0,42.0
410,COMPUTE,288.0,806.0,35.0,48.0,54.0,1319,auto,100.0,42.0
411,COMPUTE,287.0,812.0,35.0,49.0,55.0,1319,auto,100.0,42.0
412,COMPUTE,265.0,812.0,36.0,49.0,55.0,1502,auto,99.0,50.0
413,COMPUTE,290.0,806.0,36.0,50.0,55.0,1319,auto,100.0,43.0
414,COMPUTE,286.0,812.0,36.0,50.0,57.0,1502,auto,100.0,57.0
415,COMPUTE,292.0,906.0,37.0,50.0,56.0,1319,auto,100.0,42.0
416,COMPUTE,291.0,806.0,36.0,51.0,57.0,1319,auto,100.0,42.0
417,COMPUTE,291.0,831.0,37.0,51.0,56.0,1319,auto,100.0,42.0
418,COMPUTE,280.0,800.0,37.0,51.0,57.0,1319,auto,100.0,42.0
419,COMPUTE,262.0,812.0,38.0,51.0,56.0,1319,auto,100.0,48.0
420,COMPUTE,289.0,812.0,38.0,52.0,57.0,1319,auto,100.0,42.0
421,COMPUTE,283.0,812.0,38.0,52.0,58.0,1502,auto,100.0,57.0
422,COMPUTE,290.0,912.0,39.0,52.0,57.0,1319,auto,100.0,42.0
423,COMPUTE,289.0,806.0,38.0,53.0,59.0,1319,auto,99.0,42.0
424,COMPUTE,229.0,906.0,38.0,51.0,48.0,1502,auto,100.0,2.0
425,COMPUTE,229.0,912.0,38.0,51.0,44.0,1502,auto,100.0,2.0
426,COMPUTE,45.0,812.0,36.0,42.0,44.0,300,auto,0.0,2.0
427,COMPUTE,287.0,812.0,38.0,52.0,56.0,1319,auto,100.0,42.0
428,COMPUTE,285.0,912.0,39.0,53.0,57.0,1319,auto,100.0,43.0
429,COMPUTE,333.0,812.0,39.0,54.0,59.0,1404,auto,100.0,43.0
430,COMPUTE,296.0,912.0,40.0,54.0,58.0,1319,auto,100.0,39.0
431,COMPUTE,288.0,825.0,40.0,54.0,58.0,1502,auto,100.0,54.0
432,COMPUTE,292.0,812.0,40.0,54.0,58.0,1363,auto,100.0,38.0
433,COMPUTE,290.0,912.0,41.0,54.0,57.0,1363,auto,100.0,37.0
434,COMPUTE,289.0,831.0,40.0,55.0,59.0,1363,auto,100.0,37.0
435,COMPUTE,286.0,831.0,41.0,54.0,58.0,1363,auto,100.0,38.0
436,COMPUTE,282.0,850.0,41.0,55.0,57.0,1502,auto,100.0,57.0
437,COMPUTE,300.0,850.0,41.0,55.0,59.0,1363,auto,100.0,36.0
438,COMPUTE,289.0,893.0,42.0,55.0,58.0,1363,auto,100.0,36.0
439,COMPUTE,285.0,831.0,42.0,55.0,58.0,1502,auto,100.0,57.0
440,COMPUTE,297.0,825.0,42.0,56.0,59.0,1363,auto,100.0,35.0
441,COMPUTE,282.0,831.0,42.0,56.0,58.0,1363,auto,100.0,34.0
442,COMPUTE,295.0,831.0,42.0,56.0,58.0,1363,auto,100.0,34.0
443,COMPUTE,293.0,831.0,42.0,57.0,60.0,1363,auto,100.0,34.0
444,COMPUTE,279.0,831.0,42.0,56.0,58.0,1404,auto,100.0,34.0
445,COMPUTE,292.0,906.0,42.0,56.0,58.0,1404,auto,100.0,34.0
446,COMPUTE,280.0,831.0,42.0,57.0,59.0,1502,auto,100.0,50.0
447,COMPUTE,295.0,850.0,42.0,57.0,59.0,1363,auto,100.0,35.0
448,COMPUTE,295.0,850.0,43.0,57.0,59.0,1363,auto,100.0,35.0
449,COMPUTE,295.0,912.0,43.0,57.0,58.0,1363,auto,100.0,33.0
450,COMPUTE,288.0,850.0,43.0,57.0,60.0,1502,auto,100.0,53.0
451,COMPUTE,294.0,843.0,43.0,57.0,59.0,1404,auto,100.0,34.0
452,COMPUTE,295.0,843.0,43.0,58.0,59.0,1404,auto,100.0,34.0
453,COMPUTE,281.0,893.0,43.0,58.0,58.0,1404,auto,100.0,33.0
454,COMPUTE,272.0,850.0,44.0,58.0,59.0,1502,auto,100.0,50.0
455,COMPUTE,292.0,850.0,43.0,58.0,61.0,1404,auto,100.0,33.0
456,COMPUTE,295.0,850.0,44.0,58.0,59.0,1363,auto,100.0,33.0
457,COMPUTE,229.0,906.0,43.0,56.0,51.0,1502,auto,100.0,2.0
458,COMPUTE,283.0,850.0,43.0,57.0,57.0,1404,auto,100.0,33.0
459,COMPUTE,292.0,831.0,44.0,58.0,59.0,1363,auto,100.0,35.0
460,COMPUTE,295.0,912.0,44.0,58.0,59.0,1363,auto,100.0,33.0
461,COMPUTE,272.0,850.0,44.0,58.0,60.0,1502,auto,99.0,50.0
462,COMPUTE,295.0,831.0,43.0,58.0,63.0,1404,auto,100.0,36.0
463,COMPUTE,280.0,850.0,44.0,59.0,60.0,1404,auto,100.0,34.0
464,COMPUTE,297.0,831.0,44.0,59.0,60.0,1404,auto,100.0,34.0
465,COMPUTE,279.0,912.0,44.0,58.0,60.0,1404,auto,100.0,35.0
466,COMPUTE,272.0,850.0,44.0,59.0,61.0,1502,auto,100.0,50.0
467,COMPUTE,292.0,831.0,44.0,60.0,63.0,1363,auto,100.0,34.0
468,COMPUTE,296.0,831.0,45.0,59.0,61.0,1363,auto,100.0,36.0
469,COMPUTE,292.0,843.0,45.0,59.0,60.0,1363,auto,100.0,34.0
470,COMPUTE,286.0,862.0,44.0,59.0,61.0,1404,auto,100.0,36.0
471,COMPUTE,274.0,850.0,45.0,59.0,64.0,1502,auto,100.0,49.0
472,COMPUTE,282.0,831.0,45.0,59.0,62.0,1404,auto,100.0,37.0
473,COMPUTE,282.0,912.0,45.0,59.0,61.0,1404,auto,100.0,35.0
474,COMPUTE,298.0,831.0,45.0,59.0,61.0,1363,auto,100.0,36.0
475,COMPUTE,321.0,831.0,44.0,59.0,64.0,1472,auto,100.0,40.0
476,COMPUTE,299.0,831.0,45.0,60.0,62.0,1363,auto,100.0,37.0
477,COMPUTE,289.0,906.0,45.0,60.0,62.0,1363,auto,100.0,37.0
478,COMPUTE,286.0,831.0,45.0,59.0,62.0,1404,auto,100.0,36.0
479,COMPUTE,286.0,831.0,45.0,60.0,64.0,1363,auto,100.0,35.0
480,COMPUTE,300.0,831.0,45.0,60.0,62.0,1363,auto,100.0,36.0
481,COMPUTE,288.0,912.0,46.0,59.0,62.0,1363,auto,100.0,38.0
482,COMPUTE,284.0,850.0,46.0,60.0,64.0,1502,auto,100.0,51.0
483,COMPUTE,290.0,831.0,45.0,59.0,63.0,1363,auto,100.0,36.0
484,COMPUTE,292.0,912.0,46.0,60.0,63.0,1363,auto,100.0,40.0
485,COMPUTE,271.0,831.0,46.0,60.0,63.0,1502,auto,100.0,49.0
486,COMPUTE,281.0,831.0,46.0,60.0,64.0,1363,auto,100.0,39.0
487,COMPUTE,288.0,912.0,46.0,60.0,63.0,1363,auto,100.0,38.0
488,COMPUTE,272.0,812.0,46.0,60.0,64.0,1502,auto,99.0,50.0
489,COMPUTE,293.0,812.0,46.0,60.0,64.0,1363,auto,100.0,40.0
490,COMPUTE,229.0,912.0,46.0,58.0,54.0,1502,auto,100.0,2.0
491,COMPUTE,285.0,812.0,46.0,60.0,59.0,1363,auto,100.0,40.0
492,COMPUTE,297.0,912.0,46.0,60.0,63.0,1319,auto,100.0,39.0
493,COMPUTE,275.0,812.0,46.0,60.0,65.0,1502,auto,100.0,50.0
494,COMPUTE,285.0,812.0,46.0,60.0,64.0,1319,auto,100.0,41.0
495,COMPUTE,289.0,912.0,46.0,60.0,64.0,1319,auto,100.0,40.0
496,COMPUTE,300.0,812.0,46.0,60.0,66.0,1319,auto,99.0,42.0
497,COMPUTE,287.0,806.0,46.0,60.0,64.0,1319,auto,100.0,43.0
498,COMPUTE,272.0,806.0,46.0,60.0,65.0,1502,auto,99.0,50.0
499,COMPUTE,288.0,812.0,46.0,60.0,65.0,1363,auto,100.0,43.0
500,COMPUTE,290.0,912.0,47.0,60.0,65.0,1319,auto,100.0,43.0
501,COMPUTE,279.0,806.0,47.0,61.0,66.0,1502,auto,100.0,50.0
502,COMPUTE,292.0,812.0,47.0,60.0,65.0,1319,auto,100.0,44.0
503,COMPUTE,290.0,862.0,47.0,60.0,65.0,1283,auto,100.0,42.0
504,COMPUTE,293.0,812.0,46.0,61.0,66.0,1319,auto,100.0,43.0
505,COMPUTE,288.0,893.0,47.0,60.0,65.0,1319,auto,100.0,42.0
506,COMPUTE,272.0,806.0,47.0,60.0,66.0,1502,auto,100.0,50.0
507,COMPUTE,286.0,806.0,47.0,61.0,66.0,1319,auto,100.0,44.0
508,COMPUTE,291.0,912.0,47.0,60.0,65.0,1319,auto,100.0,43.0
509,COMPUTE,277.0,812.0,47.0,61.0,67.0,1502,auto,100.0,50.0
510,COMPUTE,295.0,812.0,47.0,60.0,66.0,1319,auto,100.0,43.0
511,COMPUTE,283.0,806.0,48.0,60.0,66.0,1319,auto,100.0,43.0
512,COMPUTE,289.0,812.0,47.0,61.0,66.0,1319,auto,100.0,43.0
513,COMPUTE,293.0,912.0,47.0,61.0,66.0,1283,auto,100.0,43.0
514,COMPUTE,280.0,793.0,47.0,61.0,67.0,1502,auto,100.0,50.0
515,COMPUTE,291.0,793.0,47.0,60.0,66.0,1319,auto,100.0,44.0
516,COMPUTE,295.0,912.0,47.0,61.0,66.0,1283,auto,100.0,44.0
517,COMPUTE,287.0,787.0,47.0,60.0,65.0,1319,auto,99.0,44.0
518,COMPUTE,294.0,806.0,47.0,61.0,66.0,1319,auto,100.0,43.0
519,COMPUTE,276.0,806.0,48.0,61.0,66.0,1502,auto,99.0,52.0
520,COMPUTE,230.0,906.0,47.0,59.0,60.0,1502,auto,100.0,2.0
521,COMPUTE,289.0,812.0,47.0,60.0,57.0,1502,auto,100.0,51.0
522,COMPUTE,285.0,806.0,47.0,60.0,64.0,1319,auto,100.0,43.0
523,COMPUTE,283.0,793.0,48.0,60.0,64.0,1502,auto,100.0,52.0
524,COMPUTE,284.0,800.0,47.0,61.0,65.0,1319,auto,100.0,42.0
525,COMPUTE,284.0,825.0,48.0,61.0,65.0,1319,auto,100.0,42.0
526,COMPUTE,293.0,806.0,48.0,61.0,66.0,1283,auto,100.0,42.0
527,COMPUTE,289.0,906.0,48.0,61.0,65.0,1319,auto,100.0,43.0
528,COMPUTE,290.0,812.0,47.0,61.0,67.0,1502,auto,100.0,47.0
529,COMPUTE,288.0,837.0,48.0,61.0,65.0,1319,auto,100.0,43.0
530,COMPUTE,309.0,812.0,48.0,62.0,66.0,1472,auto,100.0,67.0
531,COMPUTE,285.0,806.0,48.0,61.0,65.0,1319,auto,100.0,43.0
532,COMPUTE,290.0,912.0,48.0,61.0,65.0,1319,auto,100.0,44.0
533,COMPUTE,292.0,806.0,48.0,62.0,66.0,1283,auto,100.0,43.0
534,COMPUTE,295.0,893.0,48.0,61.0,65.0,1319,auto,100.0,43.0
535,COMPUTE,286.0,812.0,48.0,62.0,67.0,1502,auto,100.0,51.0
536,COMPUTE,295.0,837.0,48.0,62.0,67.0,1319,auto,100.0,42.0
537,COMPUTE,270.0,806.0,49.0,62.0,66.0,1502,auto,100.0,67.0
538,COMPUTE,286.0,806.0,48.0,61.0,66.0,1319,auto,100.0,42.0
539,COMPUTE,290.0,806.0,49.0,62.0,65.0,1319,auto,100.0,42.0
540,COMPUTE,290.0,812.0,48.0,62.0,66.0,1319,auto,100.0,40.0
541,COMPUTE,289.0,912.0,48.0,61.0,65.0,1319,auto,100.0,40.0
542,COMPUTE,281.0,806.0,48.0,62.0,68.0,1502,auto,100.0,51.0
543,COMPUTE,289.0,812.0,48.0,62.0,65.0,1319,auto,100.0,41.0
544,COMPUTE,275.0,812.0,49.0,62.0,66.0,1502,auto,99.0,50.0
545,COMPUTE,300.0,812.0,49.0,62.0,66.0,1319,auto,100.0,41.0
546,COMPUTE,287.0,912.0,49.0,62.0,65.0,1319,auto,100.0,39.0
547,COMPUTE,285.0,806.0,48.0,63.0,67.0,1319,auto,99.0,39.0
548,COMPUTE,286.0,906.0,49.0,62.0,65.0,1363,auto,100.0,40.0
549,COMPUTE,293.0,906.0,49.0,62.0,66.0,1472,auto,99.0,63.0
550,COMPUTE,230.0,912.0,48.0,60.0,53.0,1502,auto,100.0,2.0
551,COMPUTE,287.0,812.0,48.0,62.0,64.0,1502,auto,100.0,51.0
552,COMPUTE,296.0,812.0,48.0,62.0,64.0,1319,auto,100.0,38.0
553,COMPUTE,286.0,806.0,48.0,62.0,64.0,1363,auto,100.0,39.0
554,COMPUTE,294.0,806.0,48.0,63.0,65.0,1363,auto,100.0,38.0
555,COMPUTE,298.0,893.0,49.0,62.0,65.0,1319,auto,100.0,39.0
556,COMPUTE,289.0,831.0,48.0,63.0,66.0,1502,auto,100.0,52.0
557,COMPUTE,295.0,831.0,48.0,62.0,66.0,1363,auto,100.0,38.0
558,COMPUTE,291.0,812.0,49.0,62.0,64.0,1363,auto,100.0,37.0
559,COMPUTE,292.0,812.0,48.0,63.0,66.0,1363,auto,100.0,38.0
560,COMPUTE,292.0,912.0,49.0,62.0,65.0,1363,auto,100.0,37.0
561,COMPUTE,289.0,831.0,48.0,62.0,65.0,1502,auto,100.0,53.0
562,COMPUTE,280.0,831.0,49.0,63.0,65.0,1363,auto,100.0,37.0
563,COMPUTE,294.0,912.0,49.0,62.0,65.0,1363,auto,100.0,39.0
564,COMPUTE,288.0,831.0,48.0,63.0,67.0,1502,auto,100.0,45.0
565,COMPUTE,281.0,831.0,49.0,63.0,66.0,1363,auto,100.0,38.0
566,COMPUTE,293.0,825.0,49.0,62.0,64.0,1363,auto,100.0,37.0
567,COMPUTE,291.0,825.0,48.0,63.0,65.0,1363,auto,100.0,37.0
568,COMPUTE,290.0,912.0,49.0,62.0,64.0,1363,auto,100.0,37.0
569,COMPUTE,275.0,831.0,49.0,62.0,65.0,1502,auto,99.0,50.0
570,COMPUTE,287.0,831.0,49.0,63.0,65.0,1363,auto,100.0,37.0
571,COMPUTE,280.0,906.0,49.0,63.0,66.0,1363,auto,100.0,37.0
572,COMPUTE,287.0,825.0,49.0,63.0,65.0,1502,auto,100.0,53.0
573,COMPUTE,293.0,831.0,49.0,63.0,65.0,1319,auto,100.0,36.0
574,COMPUTE,292.0,906.0,49.0,63.0,65.0,1319,auto,100.0,36.0
575,COMPUTE,280.0,806.0,48.0,63.0,68.0,1502,auto,100.0,50.0
576,COMPUTE,293.0,825.0,49.0,63.0,65.0,1363,auto,100.0,37.0
577,COMPUTE,289.0,912.0,49.0,63.0,66.0,1363,auto,100.0,38.0
578,COMPUTE,289.0,825.0,49.0,63.0,67.0,1502,auto,100.0,51.0
579,COMPUTE,288.0,806.0,49.0,63.0,65.0,1363,auto,100.0,37.0
580,COMPUTE,232.0,906.0,49.0,61.0,56.0,1502,auto,100.0,2.0
581,COMPUTE,290.0,831.0,49.0,63.0,62.0,1363,auto,100.0,36.0
582,COMPUTE,290.0,831.0,49.0,63.0,64.0,1363,auto,100.0,38.0
583,COMPUTE,290.0,831.0,49.0,64.0,66.0,1363,auto,100.0,36.0
584,COMPUTE,289.0,831.0,49.0,62.0,65.0,1363,auto,100.0,38.0
585,COMPUTE,290.0,893.0,49.0,63.0,65.0,1363,auto,100.0,38.0
586,COMPUTE,293.0,831.0,49.0,64.0,67.0,1363,auto,99.0,36.0
587,COMPUTE,290.0,831.0,49.0,63.0,65.0,1363,auto,100.0,38.0
588,COMPUTE,292.0,862.0,49.0,63.0,65.0,1363,auto,100.0,38.0
589,COMPUTE,293.0,812.0,49.0,63.0,67.0,1363,auto,99.0,37.0
590,COMPUTE,281.0,812.0,49.0,63.0,65.0,1363,auto,100.0,38.0
591,COMPUTE,280.0,831.0,50.0,63.0,65.0,1363,auto,100.0,38.0
592,COMPUTE,294.0,831.0,49.0,64.0,67.0,1363,auto,99.0,38.0
593,COMPUTE,293.0,831.0,49.0,63.0,65.0,1363,auto,100.0,40.0
594,COMPUTE,292.0,906.0,49.0,63.0,65.0,1363,auto,100.0,38.0
595,COMPUTE,293.0,831.0,49.0,64.0,67.0,1502,auto,99.0,46.0
596,COMPUTE,279.0,812.0,49.0,63.0,65.0,1363,auto,100.0,38.0
597,COMPUTE,292.0,912.0,49.0,63.0,65.0,1319,auto,100.0,37.0
598,COMPUTE,286.0,831.0,49.0,63.0,67.0,1502,auto,100.0,44.0
599,COMPUTE,282.0,825.0,50.0,63.0,65.0,1363,auto,100.0,39.0
600,COMPUTE,291.0,881.0,49.0,63.0,65.0,1363,auto,100.0,38.0
601,COMPUTE,281.0,831.0,49.0,63.0,67.0,1319,auto,99.0,37.0
602,COMPUTE,282.0,812.0,50.0,63.0,66.0,1363,auto,100.0,38.0
603,COMPUTE,293.0,831.0,49.0,63.0,66.0,1363,auto,100.0,36.0
604,COMPUTE,284.0,812.0,49.0,64.0,68.0,1363,auto,100.0,37.0
605,COMPUTE,291.0,893.0,49.0,63.0,67.0,1363,auto,100.0,39.0
606,COMPUTE,275.0,812.0,49.0,62.0,67.0,1502,auto,99.0,50.0
607,COMPUTE,292.0,806.0,49.0,63.0,67.0,1363,auto,100.0,38.0
608,COMPUTE,282.0,893.0,50.0,62.0,67.0,1363,auto,100.0,38.0
609,COMPUTE,278.0,806.0,49.0,63.0,68.0,1502,auto,100.0,51.0
610,COMPUTE,285.0,806.0,50.0,63.0,67.0,1363,auto,100.0,38.0
611,COMPUTE,232.0,912.0,49.0,62.0,57.0,1502,auto,100.0,2.0
612,COMPUTE,284.0,831.0,49.0,62.0,64.0,1363,auto,100.0,38.0
613,COMPUTE,283.0,831.0,49.0,63.0,65.0,1363,auto,100.0,38.0
614,COMPUTE,291.0,825.0,49.0,64.0,67.0,1363,auto,100.0,39.0
615,COMPUTE,282.0,831.0,49.0,63.0,66.0,1363,auto,100.0,39.0
616,COMPUTE,285.0,812.0,49.0,63.0,66.0,1363,auto,100.0,41.0
617,COMPUTE,286.0,812.0,49.0,64.0,68.0,1319,auto,100.0,38.0
618,COMPUTE,292.0,868.0,50.0,63.0,67.0,1319,auto,100.0,39.0
619,COMPUTE,272.0,831.0,50.0,63.0,67.0,1502,auto,99.0,49.0
620,COMPUTE,297.0,812.0,50.0,63.0,67.0,1319,auto,100.0,39.0
621,COMPUTE,293.0,893.0,49.0,63.0,65.0,1319,auto,100.0,40.0
622,COMPUTE,278.0,831.0,49.0,63.0,68.0,1502,auto,100.0,51.0
623,COMPUTE,286.0,825.0,50.0,63.0,67.0,1363,auto,100.0,40.0
624,COMPUTE,286.0,912.0,50.0,63.0,67.0,1319,auto,100.0,38.0
625,COMPUTE,343.0,812.0,49.0,64.0,69.0,1430,auto,100.0,41.0
626,COMPUTE,295.0,831.0,50.0,63.0,67.0,1319,auto,100.0,41.0
627,COMPUTE,277.0,925.0,50.0,65.0,62.0,1502,auto,100.0,22.0
628,COMPUTE,43.0,662.0,46.0,51.0,54.0,300,auto,0.0,1.0
629,COMPUTE,59.0,668.0,45.0,49.0,52.0,300,auto,0.0,1.0
630,COMPUTE,41.0,668.0,44.0,48.0,51.0,300,auto,0.0,0.0
631,COMPUTE,59.0,925.0,44.0,47.0,50.0,300,auto,1.0,1.0
632,COMPUTE,48.0,662.0,43.0,47.0,50.0,300,auto,0.0,2.0
633,COMPUTE,47.0,662.0,42.0,47.0,50.0,300,auto,0.0,2.0
634,COMPUTE,40.0,662.0,42.0,46.0,49.0,300,auto,0.0,0.0
635,COMPUTE,39.0,662.0,42.0,45.0,48.0,300,auto,0.0,0.0
636,COMPUTE,39.0,662.0,42.0,45.0,48.0,300,auto,0.0,0.0
637,COMPUTE,47.0,662.0,41.0,45.0,48.0,1502,auto,0.0,1.0
638,COMPUTE,65.0,668.0,41.0,44.0,47.0,1502,auto,3.0,1.0
639,COMPUTE,41.0,925.0,40.0,44.0,47.0,300,auto,0.0,0.0
640,COMPUTE,58.0,662.0,40.0,43.0,47.0,1502,auto,1.0,0.0
641,COMPUTE,86.0,931.0,39.0,43.0,46.0,1502,auto,3.0,0.0
642,COMPUTE,75.0,662.0,39.0,43.0,46.0,1502,auto,2.0,0.0
643,COMPUTE,39.0,668.0,39.0,43.0,46.0,1502,auto,6.0,1.0
644,COMPUTE,83.0,662.0,38.0,43.0,46.0,1502,auto,2.0,0.0
645,COMPUTE,207.0,912.0,40.0,47.0,47.0,1502,auto,100.0,14.0
646,COMPUTE,310.0,793.0,41.0,53.0,59.0,1283,auto,100.0,60.0
647,COMPUTE,247.0,918.0,42.0,55.0,52.0,1502,auto,100.0,5.0
648,COMPUTE,47.0,825.0,41.0,54.0,51.0,300,auto,0.0,0.0
649,COMPUTE,300.0,793.0,43.0,55.0,62.0,1283,auto,100.0,49.0
650,COMPUTE,197.0,825.0,43.0,55.0,53.0,1502,auto,100.0,4.0
651,COMPUTE,300.0,812.0,43.0,56.0,63.0,1283,auto,99.0,60.0
652,COMPUTE,210.0,793.0,43.0,56.0,54.0,1502,auto,100.0,4.0
653,COMPUTE,314.0,875.0,43.0,57.0,67.0,1283,auto,100.0,74.0
654,COMPUTE,325.0,793.0,44.0,57.0,57.0,1363,auto,99.0,59.0
655,COMPUTE,295.0,787.0,43.0,57.0,55.0,1363,auto,100.0,30.0
656,COMPUTE,251.0,793.0,43.0,56.0,54.0,1502,auto,100.0,23.0
657,COMPUTE,156.0,800.0,43.0,57.0,53.0,1502,auto,99.0,2.0
658,COMPUTE,209.0,806.0,44.0,57.0,53.0,1502,auto,100.0,3.0
659,COMPUTE,200.0,806.0,44.0,57.0,56.0,1502,auto,100.0,4.0
660,COMPUTE,219.0,912.0,44.0,57.0,55.0,1502,auto,99.0,16.0
661,COMPUTE,251.0,912.0,45.0,59.0,56.0,1502,auto,100.0,18.0
662,COMPUTE,113.0,912.0,45.0,59.0,56.0,1502,auto,100.0,10.0
663,COMPUTE,188.0,893.0,44.0,59.0,56.0,1502,auto,100.0,1.0
664,COMPUTE,322.0,912.0,45.0,58.0,58.0,1363,auto,100.0,18.0
665,COMPUTE,258.0,912.0,44.0,58.0,59.0,1363,auto,100.0,11.0
666,COMPUTE,273.0,912.0,45.0,59.0,58.0,1363,auto,100.0,13.0
667,COMPUTE,188.0,912.0,44.0,58.0,60.0,1502,auto,100.0,14.0
668,COMPUTE,289.0,912.0,44.0,57.0,64.0,1502,auto,100.0,21.0
669,COMPUTE,323.0,925.0,45.0,58.0,63.0,1283,auto,99.0,75.0
670,COMPUTE,300.0,850.0,45.0,58.0,62.0,1283,auto,99.0,53.0
671,COMPUTE,311.0,900.0,45.0,58.0,63.0,1235,auto,100.0,48.0
672,COMPUTE,317.0,893.0,45.0,58.0,62.0,1319,auto,99.0,60.0
673,COMPUTE,315.0,812.0,44.0,59.0,60.0,1283,auto,100.0,60.0
674,COMPUTE,300.0,831.0,45.0,59.0,59.0,1283,auto,100.0,42.0
675,COMPUTE,303.0,806.0,45.0,59.0,56.0,1283,auto,100.0,51.0
676,COMPUTE,313.0,818.0,45.0,59.0,57.0,1283,auto,100.0,60.0
677,COMPUTE,344.0,768.0,45.0,59.0,56.0,1363,auto,100.0,57.0
678,COMPUTE,284.0,800.0,45.0,60.0,56.0,1363,auto,100.0,30.0
679,COMPUTE,253.0,793.0,44.0,58.0,55.0,1502,auto,100.0,24.0
680,COMPUTE,209.0,793.0,45.0,58.0,55.0,1502,auto,100.0,3.0
681,COMPUTE,210.0,812.0,45.0,59.0,54.0,1502,auto,100.0,3.0
682,COMPUTE,202.0,806.0,45.0,58.0,55.0,1502,auto,100.0,4.0
683,COMPUTE,210.0,793.0,45.0,58.0,55.0,1502,auto,100.0,3.0
684,COMPUTE,206.0,825.0,45.0,58.0,57.0,1502,auto,100.0,4.0
685,COMPUTE,260.0,906.0,45.0,58.0,56.0,1502,auto,100.0,39.0
686,COMPUTE,243.0,906.0,45.0,59.0,56.0,1502,auto,99.0,51.0
687,COMPUTE,213.0,912.0,46.0,59.0,56.0,1502,auto,100.0,3.0
688,COMPUTE,219.0,912.0,45.0,60.0,56.0,1502,auto,100.0,10.0
689,COMPUTE,244.0,912.0,46.0,59.0,56.0,1502,auto,100.0,12.0
690,COMPUTE,230.0,912.0,46.0,59.0,56.0,1502,auto,100.0,13.0
691,COMPUTE,222.0,912.0,46.0,60.0,56.0,1502,auto,99.0,12.0
692,COMPUTE,242.0,912.0,46.0,60.0,58.0,1404,auto,100.0,7.0
693,COMPUTE,321.0,893.0,46.0,60.0,58.0,1363,auto,100.0,16.0
694,COMPUTE,320.0,912.0,46.0,60.0,60.0,1472,auto,100.0,17.0
695,COMPUTE,292.0,906.0,45.0,60.0,64.0,1363,auto,100.0,16.0
696,COMPUTE,382.0,912.0,46.0,59.0,61.0,1430,auto,100.0,24.0
697,COMPUTE,322.0,912.0,46.0,58.0,63.0,1363,auto,100.0,18.0
698,COMPUTE,384.0,906.0,46.0,59.0,61.0,1430,auto,100.0,23.0
699,COMPUTE,324.0,850.0,46.0,60.0,66.0,1319,auto,99.0,70.0
700,COMPUTE,313.0,893.0,46.0,59.0,64.0,1283,auto,99.0,71.0
701,COMPUTE,288.0,868.0,46.0,59.0,63.0,1319,auto,100.0,64.0
702,COMPUTE,313.0,850.0,46.0,59.0,62.0,1319,auto,100.0,57.0
703,COMPUTE,231.0,831.0,46.0,59.0,61.0,1283,auto,100.0,50.0
704,COMPUTE,281.0,843.0,46.0,59.0,60.0,1283,auto,99.0,50.0
705,COMPUTE,300.0,843.0,46.0,59.0,61.0,1283,auto,99.0,60.0
706,COMPUTE,303.0,831.0,46.0,60.0,60.0,1283,auto,99.0,60.0
707,COMPUTE,163.0,812.0,46.0,59.0,60.0,1319,auto,100.0,53.0
708,COMPUTE,297.0,812.0,46.0,60.0,56.0,1283,auto,100.0,45.0
709,COMPUTE,296.0,787.0,45.0,61.0,57.0,1319,auto,100.0,30.0
710,COMPUTE,285.0,793.0,46.0,60.0,57.0,1363,auto,100.0,30.0
711,COMPUTE,350.0,806.0,46.0,60.0,56.0,1472,auto,99.0,32.0
712,COMPUTE,209.0,806.0,46.0,59.0,55.0,1502,auto,100.0,3.0
713,COMPUTE,210.0,793.0,46.0,60.0,55.0,1502,auto,100.0,3.0
714,COMPUTE,205.0,806.0,46.0,59.0,57.0,1502,auto,100.0,4.0
715,COMPUTE,206.0,831.0,46.0,59.0,58.0,1502,auto,100.0,4.0
716,COMPUTE,206.0,806.0,46.0,59.0,58.0,1502,auto,100.0,4.0
717,COMPUTE,227.0,825.0,47.0,60.0,58.0,1502,auto,99.0,27.0
718,COMPUTE,237.0,812.0,46.0,60.0,58.0,1502,auto,100.0,26.0
719,COMPUTE,260.0,906.0,46.0,60.0,55.0,1502,auto,100.0,39.0
720,COMPUTE,247.0,912.0,46.0,60.0,57.0,1502,auto,100.0,13.0
721,COMPUTE,213.0,912.0,46.0,59.0,56.0,1502,auto,100.0,5.0
722,COMPUTE,253.0,912.0,47.0,60.0,57.0,1502,auto,100.0,14.0
723,COMPUTE,223.0,912.0,46.0,61.0,58.0,1502,auto,100.0,12.0
724,COMPUTE,224.0,912.0,47.0,60.0,57.0,1502,auto,100.0,12.0
725,COMPUTE,210.0,912.0,46.0,60.0,57.0,1502,auto,100.0,11.0
726,COMPUTE,253.0,912.0,47.0,60.0,57.0,1502,auto,100.0,12.0
727,COMPUTE,117.0,912.0,47.0,61.0,59.0,1502,auto,100.0,1.0
728,COMPUTE,287.0,900.0,47.0,61.0,59.0,1502,auto,100.0,13.0
729,COMPUTE,327.0,912.0,48.0,62.0,59.0,1363,auto,100.0,17.0
730,COMPUTE,210.0,906.0,47.0,60.0,60.0,1502,auto,100.0,6.0
731,COMPUTE,266.0,912.0,47.0,61.0,61.0,1363,auto,100.0,13.0
732,COMPUTE,243.0,912.0,47.0,60.0,62.0,1502,auto,100.0,15.0
733,COMPUTE,253.0,912.0,47.0,60.0,64.0,1363,auto,99.0,13.0
734,COMPUTE,326.0,825.0,46.0,60.0,66.0,1319,auto,99.0,73.0
735,COMPUTE,292.0,868.0,46.0,59.0,63.0,1283,auto,99.0,39.0
736,COMPUTE,319.0,825.0,46.0,60.0,62.0,1319,auto,99.0,60.0
737,COMPUTE,302.0,862.0,46.0,60.0,62.0,1283,auto,99.0,45.0
738,COMPUTE,304.0,825.0,47.0,60.0,60.0,1283,auto,99.0,60.0
739,COMPUTE,293.0,856.0,46.0,61.0,57.0,1319,auto,100.0,30.0
740,COMPUTE,318.0,875.0,47.0,61.0,58.0,1319,auto,99.0,60.0
741,COMPUTE,313.0,793.0,46.0,60.0,59.0,1319,auto,99.0,60.0
742,COMPUTE,293.0,806.0,46.0,61.0,57.0,1363,auto,99.0,30.0
743,COMPUTE,325.0,812.0,46.0,60.0,57.0,1430,auto,99.0,31.0
744,COMPUTE,343.0,812.0,46.0,60.0,57.0,1430,auto,99.0,31.0
745,COMPUTE,297.0,800.0,46.0,61.0,56.0,1363,auto,99.0,30.0
746,COMPUTE,159.0,825.0,46.0,60.0,55.0,1502,auto,100.0,1.0
747,COMPUTE,205.0,831.0,47.0,60.0,56.0,1502,auto,100.0,4.0
748,COMPUTE,210.0,793.0,46.0,60.0,56.0,1502,auto,99.0,4.0
749,COMPUTE,304.0,912.0,47.0,59.0,58.0,1472,auto,99.0,54.0
750,COMPUTE,252.0,912.0,47.0,61.0,57.0,1502,auto,100.0,12.0
751,COMPUTE,224.0,912.0,47.0,61.0,57.0,1502,auto,100.0,10.0
752,COMPUTE,197.0,912.0,47.0,61.0,57.0,1502,auto,99.0,12.0
753,COMPUTE,258.0,912.0,47.0,61.0,57.0,1502,auto,99.0,14.0
754,COMPUTE,250.0,918.0,47.0,61.0,55.0,1502,auto,100.0,4.0
755,COMPUTE,180.0,831.0,46.0,59.0,60.0,1363,auto,99.0,55.0
756,COMPUTE,303.0,843.0,47.0,60.0,61.0,1283,auto,99.0,60.0
757,COMPUTE,304.0,787.0,47.0,60.0,60.0,1283,auto,99.0,60.0
758,COMPUTE,295.0,806.0,46.0,61.0,58.0,1363,auto,100.0,30.0
759,COMPUTE,295.0,812.0,46.0,61.0,57.0,1319,auto,100.0,30.0
760,COMPUTE,302.0,806.0,46.0,61.0,57.0,1363,auto,99.0,31.0
761,COMPUTE,252.0,806.0,46.0,60.0,55.0,1502,auto,99.0,43.0
762,COMPUTE,257.0,825.0,46.0,60.0,57.0,1502,auto,99.0,25.0
763,COMPUTE,242.0,806.0,46.0,60.0,55.0,1502,auto,99.0,37.0
764,COMPUTE,210.0,800.0,47.0,60.0,57.0,1502,auto,100.0,3.0
765,COMPUTE,228.0,831.0,47.0,60.0,59.0,1502,auto,99.0,20.0
766,COMPUTE,262.0,906.0,47.0,60.0,57.0,1502,auto,99.0,42.0
767,COMPUTE,275.0,912.0,47.0,60.0,57.0,1502,auto,99.0,31.0
768,COMPUTE,261.0,912.0,47.0,60.0,56.0,1502,auto,99.0,39.0
769,COMPUTE,219.0,925.0,47.0,60.0,57.0,1502,auto,100.0,5.0
770,COMPUTE,253.0,912.0,47.0,61.0,57.0,1502,auto,100.0,13.0
771,COMPUTE,258.0,912.0,48.0,61.0,58.0,1502,auto,99.0,15.0
772,COMPUTE,196.0,912.0,47.0,61.0,57.0,1502,auto,99.0,13.0
773,COMPUTE,361.0,893.0,48.0,61.0,59.0,1430,auto,100.0,19.0
774,COMPUTE,254.0,912.0,47.0,61.0,60.0,1363,auto,100.0,11.0
775,COMPUTE,241.0,806.0,46.0,58.0,58.0,1502,auto,100.0,27.0
776,COMPUTE,205.0,831.0,46.0,59.0,57.0,1502,auto,100.0,4.0
777,COMPUTE,210.0,806.0,47.0,60.0,57.0,1502,auto,99.0,7.0
778,COMPUTE,236.0,806.0,47.0,60.0,57.0,1502,auto,99.0,27.0
779,COMPUTE,182.0,825.0,47.0,60.0,58.0,1502,auto,99.0,19.0
780,COMPUTE,224.0,918.0,47.0,60.0,57.0,1502,auto,100.0,4.0
781,COMPUTE,227.0,912.0,47.0,61.0,57.0,1502,auto,100.0,12.0
782,COMPUTE,248.0,912.0,47.0,60.0,57.0,1502,auto,100.0,14.0
783,COMPUTE,263.0,912.0,48.0,61.0,57.0,1502,auto,99.0,16.0
784,COMPUTE,325.0,912.0,48.0,61.0,60.0,1472,auto,100.0,15.0
785,COMPUTE,253.0,906.0,48.0,61.0,61.0,1363,auto,100.0,11.0
786,COMPUTE,378.0,912.0,47.0,60.0,62.0,1430,auto,100.0,21.0
787,COMPUTE,224.0,912.0,48.0,61.0,59.0,1430,auto,100.0,7.0
788,COMPUTE,238.0,912.0,47.0,61.0,61.0,1430,auto,100.0,11.0
789,COMPUTE,314.0,912.0,47.0,61.0,61.0,1472,auto,100.0,9.0
790,COMPUTE,323.0,912.0,47.0,61.0,66.0,1319,auto,99.0,28.0
791,COMPUTE,316.0,850.0,47.0,60.0,65.0,1283,auto,99.0,69.0
792,COMPUTE,316.0,918.0,47.0,60.0,63.0,1283,auto,99.0,74.0
793,COMPUTE,324.0,850.0,47.0,61.0,64.0,1319,auto,99.0,68.0
794,COMPUTE,315.0,862.0,47.0,60.0,66.0,1283,auto,99.0,75.0
795,COMPUTE,314.0,887.0,47.0,60.0,64.0,1283,auto,100.0,72.0
796,COMPUTE,294.0,831.0,47.0,60.0,63.0,1235,auto,99.0,59.0
797,COMPUTE,296.0,856.0,47.0,60.0,62.0,1319,auto,99.0,57.0
798,COMPUTE,224.0,856.0,47.0,60.0,62.0,1283,auto,98.0,43.0
799,COMPUTE,307.0,856.0,47.0,60.0,60.0,1283,auto,99.0,61.0
800,COMPUTE,290.0,831.0,47.0,60.0,59.0,1235,auto,99.0,58.0
801,COMPUTE,249.0,900.0,48.0,61.0,60.0,1363,auto,99.0,58.0
802,COMPUTE,290.0,812.0,47.0,61.0,59.0,1235,auto,99.0,60.0
803,COMPUTE,286.0,812.0,46.0,61.0,57.0,1319,auto,99.0,30.0
804,COMPUTE,260.0,812.0,47.0,60.0,56.0,1502,auto,99.0,26.0
805,COMPUTE,259.0,775.0,47.0,60.0,57.0,1502,auto,99.0,25.0
806,COMPUTE,160.0,793.0,47.0,61.0,56.0,1502,auto,100.0,2.0
807,COMPUTE,212.0,793.0,47.0,60.0,57.0,1502,auto,99.0,4.0
808,COMPUTE,210.0,806.0,47.0,60.0,56.0,1502,auto,100.0,3.0
809,COMPUTE,191.0,812.0,47.0,60.0,57.0,1502,auto,99.0,4.0
810,COMPUTE,210.0,812.0,47.0,60.0,59.0,1502,auto,100.0,7.0
811,COMPUTE,206.0,787.0,47.0,60.0,58.0,1502,auto,100.0,4.0
812,COMPUTE,205.0,806.0,47.0,60.0,57.0,1502,auto,100.0,4.0
813,COMPUTE,205.0,806.0,47.0,60.0,58.0,1502,auto,100.0,4.0
814,COMPUTE,234.0,806.0,47.0,60.0,58.0,1502,auto,99.0,27.0
815,COMPUTE,262.0,912.0,47.0,60.0,57.0,1502,auto,99.0,39.0
816,COMPUTE,262.0,912.0,48.0,60.0,56.0,1502,auto,99.0,39.0
817,COMPUTE,241.0,912.0,47.0,60.0,58.0,1502,auto,100.0,11.0
818,COMPUTE,259.0,912.0,48.0,61.0,57.0,1502,auto,100.0,14.0
819,COMPUTE,254.0,912.0,48.0,61.0,57.0,1502,auto,100.0,14.0
820,COMPUTE,196.0,912.0,47.0,62.0,57.0,1502,auto,99.0,12.0
821,COMPUTE,283.0,912.0,48.0,62.0,58.0,1404,auto,100.0,12.0
822,COMPUTE,211.0,912.0,47.0,61.0,57.0,1502,auto,100.0,10.0
823,COMPUTE,183.0,906.0,48.0,62.0,58.0,1502,auto,100.0,3.0
824,COMPUTE,307.0,912.0,48.0,61.0,59.0,1472,auto,100.0,13.0
825,COMPUTE,277.0,912.0,48.0,61.0,59.0,1363,auto,100.0,14.0
826,COMPUTE,298.0,912.0,48.0,61.0,60.0,1363,auto,100.0,17.0
827,COMPUTE,278.0,912.0,47.0,61.0,62.0,1363,auto,100.0,15.0
828,COMPUTE,360.0,912.0,47.0,61.0,60.0,1472,auto,100.0,21.0
829,COMPUTE,375.0,912.0,47.0,60.0,63.0,1363,auto,100.0,23.0
830,COMPUTE,340.0,918.0,47.0,60.0,65.0,1404,auto,99.0,35.0
831,COMPUTE,324.0,862.0,47.0,60.0,64.0,1283,auto,100.0,61.0
832,COMPUTE,324.0,850.0,47.0,60.0,65.0,1319,auto,99.0,72.0
833,COMPUTE,307.0,850.0,47.0,60.0,63.0,1283,auto,99.0,61.0
834,COMPUTE,324.0,862.0,47.0,60.0,64.0,1283,auto,99.0,75.0
835,COMPUTE,307.0,825.0,47.0,60.0,63.0,1283,auto,99.0,60.0
836,COMPUTE,324.0,856.0,47.0,61.0,62.0,1283,auto,99.0,61.0
837,COMPUTE,308.0,850.0,47.0,60.0,62.0,1283,auto,99.0,61.0
838,COMPUTE,307.0,825.0,47.0,61.0,60.0,1283,auto,100.0,52.0
839,COMPUTE,339.0,818.0,47.0,60.0,61.0,1319,auto,99.0,61.0
840,COMPUTE,345.0,793.0,47.0,61.0,58.0,1319,auto,99.0,62.0
841,COMPUTE,289.0,793.0,47.0,61.0,57.0,1319,auto,99.0,31.0
842,COMPUTE,268.0,806.0,46.0,61.0,56.0,1502,auto,100.0,28.0
843,COMPUTE,267.0,812.0,47.0,61.0,56.0,1502,auto,99.0,28.0
844,COMPUTE,266.0,787.0,47.0,60.0,56.0,1502,auto,100.0,29.0
845,COMPUTE,204.0,793.0,47.0,60.0,56.0,1502,auto,100.0,2.0
846,COMPUTE,205.0,850.0,47.0,60.0,58.0,1502,auto,100.0,4.0
847,COMPUTE,230.0,806.0,47.0,60.0,58.0,1502,auto,99.0,27.0
848,COMPUTE,207.0,831.0,47.0,60.0,58.0,1502,auto,100.0,4.0
849,COMPUTE,211.0,812.0,47.0,60.0,56.0,1502,auto,99.0,3.0
850,COMPUTE,210.0,793.0,47.0,61.0,55.0,1502,auto,100.0,2.0
851,COMPUTE,206.0,806.0,47.0,60.0,57.0,1502,auto,100.0,4.0
852,COMPUTE,235.0,806.0,47.0,60.0,58.0,1502,auto,100.0,13.0
853,COMPUTE,306.0,925.0,47.0,60.0,58.0,1472,auto,99.0,44.0
854,COMPUTE,231.0,806.0,47.0,60.0,58.0,1502,auto,100.0,27.0
855,COMPUTE,245.0,900.0,47.0,60.0,57.0,1502,auto,99.0,25.0
856,COMPUTE,215.0,825.0,48.0,61.0,58.0,1502,auto,99.0,20.0
857,COMPUTE,191.0,906.0,47.0,60.0,57.0,1502,auto,100.0,1.0
858,COMPUTE,245.0,912.0,47.0,62.0,56.0,1502,auto,100.0,5.0
859,COMPUTE,324.0,850.0,47.0,59.0,64.0,1283,auto,99.0,75.0
860,COMPUTE,314.0,856.0,47.0,60.0,63.0,1283,auto,99.0,48.0
861,COMPUTE,327.0,825.0,47.0,60.0,63.0,1319,auto,99.0,61.0
862,COMPUTE,160.0,831.0,47.0,61.0,60.0,1363,auto,99.0,52.0
863,COMPUTE,324.0,825.0,47.0,60.0,61.0,1319,auto,99.0,61.0
864,COMPUTE,324.0,843.0,47.0,60.0,60.0,1319,auto,99.0,61.0
865,COMPUTE,326.0,856.0,47.0,61.0,57.0,1319,auto,99.0,63.0
866,COMPUTE,230.0,893.0,47.0,61.0,60.0,1283,auto,99.0,42.0
867,COMPUTE,154.0,825.0,47.0,60.0,62.0,1363,auto,98.0,58.0
868,COMPUTE,334.0,856.0,47.0,61.0,61.0,1319,auto,99.0,58.0
869,COMPUTE,306.0,793.0,47.0,61.0,59.0,1283,auto,99.0,61.0
870,COMPUTE,286.0,787.0,47.0,61.0,57.0,1319,auto,100.0,30.0
871,COMPUTE,326.0,787.0,47.0,61.0,58.0,1363,auto,99.0,32.0
872,COMPUTE,286.0,762.0,47.0,61.0,57.0,1319,auto,100.0,31.0
873,COMPUTE,305.0,806.0,47.0,61.0,57.0,1363,auto,99.0,31.0
874,COMPUTE,244.0,787.0,47.0,61.0,56.0,1502,auto,99.0,34.0
875,COMPUTE,206.0,806.0,47.0,61.0,57.0,1502,auto,100.0,4.0
876,COMPUTE,208.0,806.0,47.0,60.0,58.0,1502,auto,100.0,4.0
877,COMPUTE,206.0,806.0,47.0,60.0,57.0,1502,auto,100.0,4.0
878,COMPUTE,207.0,806.0,47.0,60.0,57.0,1502,auto,100.0,4.0
879,COMPUTE,305.0,912.0,47.0,60.0,58.0,1472,auto,99.0,35.0
880,COMPUTE,222.0,912.0,47.0,61.0,57.0,1502,auto,100.0,4.0
881,COMPUTE,262.0,906.0,47.0,61.0,57.0,1502,auto,99.0,38.0
882,COMPUTE,213.0,912.0,48.0,61.0,57.0,1502,auto,100.0,5.0
883,COMPUTE,237.0,912.0,47.0,61.0,58.0,1502,auto,100.0,12.0
884,COMPUTE,244.0,906.0,47.0,61.0,57.0,1502,auto,100.0,13.0
885,COMPUTE,237.0,912.0,47.0,61.0,58.0,1502,auto,100.0,9.0
886,COMPUTE,340.0,906.0,48.0,62.0,59.0,1404,auto,100.0,16.0
887,COMPUTE,215.0,912.0,48.0,61.0,60.0,1472,auto,100.0,10.0
888,COMPUTE,352.0,906.0,47.0,61.0,59.0,1404,auto,100.0,18.0
889,COMPUTE,247.0,912.0,48.0,62.0,59.0,1404,auto,100.0,11.0
890,COMPUTE,282.0,912.0,48.0,62.0,58.0,1502,auto,99.0,22.0
891,COMPUTE,144.0,912.0,48.0,62.0,59.0,1502,auto,100.0,0.0
892,COMPUTE,332.0,912.0,48.0,62.0,59.0,1472,auto,100.0,14.0
893,COMPUTE,353.0,912.0,47.0,62.0,61.0,1472,auto,100.0,19.0
894,COMPUTE,382.0,906.0,48.0,61.0,63.0,1430,auto,100.0,19.0
895,COMPUTE,195.0,912.0,48.0,60.0,61.0,1502,auto,100.0,12.0
896,COMPUTE,239.0,912.0,47.0,60.0,64.0,1404,auto,100.0,11.0
897,COMPUTE,314.0,925.0,47.0,61.0,67.0,1235,auto,99.0,66.0
898,COMPUTE,194.0,925.0,47.0,60.0,65.0,1404,auto,99.0,32.0
899,COMPUTE,201.0,887.0,46.0,57.0,56.0,1502,auto,96.0,24.0
900,COMPUTE,281.0,912.0,47.0,59.0,57.0,1502,auto,99.0,55.0
901,COMPUTE,232.0,912.0,47.0,60.0,57.0,1502,auto,100.0,11.0
902,COMPUTE,245.0,912.0,48.0,61.0,57.0,1502,auto,100.0,14.0
903,COMPUTE,217.0,912.0,47.0,62.0,57.0,1502,auto,100.0,10.0
904,COMPUTE,232.0,912.0,48.0,62.0,60.0,1430,auto,100.0,7.0
905,COMPUTE,353.0,912.0,48.0,62.0,60.0,1404,auto,100.0,18.0
906,COMPUTE,275.0,912.0,47.0,61.0,61.0,1363,auto,100.0,16.0
907,COMPUTE,267.0,906.0,47.0,61.0,61.0,1363,auto,100.0,16.0
908,COMPUTE,378.0,906.0,47.0,61.0,62.0,1430,auto,100.0,19.0
909,COMPUTE,362.0,912.0,47.0,60.0,64.0,1363,auto,99.0,26.0
910,COMPUTE,258.0,925.0,48.0,60.0,66.0,1283,auto,99.0,39.0
911,COMPUTE,179.0,856.0,47.0,60.0,66.0,1319,auto,97.0,67.0
912,COMPUTE,312.0,856.0,47.0,60.0,63.0,1283,auto,99.0,48.0
913,COMPUTE,299.0,856.0,47.0,61.0,63.0,1283,auto,99.0,42.0
914,COMPUTE,313.0,856.0,47.0,60.0,64.0,1283,auto,99.0,59.0
915,COMPUTE,327.0,856.0,47.0,61.0,61.0,1363,auto,99.0,58.0
916,COMPUTE,313.0,831.0,47.0,61.0,60.0,1283,auto,99.0,60.0
917,COMPUTE,337.0,825.0,47.0,61.0,57.0,1319,auto,99.0,60.0
918,COMPUTE,330.0,812.0,46.0,61.0,57.0,1404,auto,99.0,31.0
919,COMPUTE,285.0,812.0,47.0,61.0,58.0,1319,auto,100.0,30.0
920,COMPUTE,260.0,806.0,47.0,60.0,57.0,1502,auto,99.0,25.0
921,COMPUTE,210.0,825.0,46.0,61.0,56.0,1502,auto,99.0,3.0
922,COMPUTE,238.0,831.0,47.0,59.0,57.0,1502,auto,99.0,27.0
923,COMPUTE,205.0,812.0,47.0,61.0,58.0,1502,auto,100.0,4.0
924,COMPUTE,210.0,806.0,47.0,60.0,57.0,1502,auto,99.0,3.0
925,COMPUTE,211.0,831.0,47.0,61.0,57.0,1502,auto,99.0,3.0
926,COMPUTE,190.0,806.0,47.0,60.0,57.0,1502,auto,100.0,4.0
927,COMPUTE,208.0,825.0,47.0,60.0,59.0,1502,auto,100.0,4.0
928,COMPUTE,262.0,912.0,47.0,61.0,57.0,1502,auto,99.0,39.0
929,COMPUTE,248.0,912.0,48.0,61.0,58.0,1502,auto,100.0,14.0
930,COMPUTE,248.0,912.0,47.0,61.0,58.0,1502,auto,100.0,11.0
931,COMPUTE,230.0,912.0,48.0,62.0,58.0,1502,auto,99.0,11.0
932,COMPUTE,351.0,912.0,48.0,62.0,60.0,1404,auto,100.0,16.0
933,COMPUTE,244.0,912.0,48.0,62.0,59.0,1472,auto,100.0,10.0
934,COMPUTE,233.0,906.0,48.0,61.0,60.0,1472,auto,100.0,7.0
935,COMPUTE,250.0,906.0,47.0,61.0,60.0,1404,auto,100.0,9.0
936,COMPUTE,298.0,912.0,47.0,61.0,63.0,1363,auto,100.0,16.0
937,COMPUTE,347.0,912.0,47.0,61.0,67.0,1319,auto,99.0,33.0
938,COMPUTE,285.0,912.0,47.0,60.0,65.0,1319,auto,99.0,25.0
939,COMPUTE,310.0,862.0,47.0,61.0,66.0,1283,auto,99.0,68.0
940,COMPUTE,311.0,887.0,47.0,60.0,65.0,1283,auto,99.0,43.0
941,COMPUTE,315.0,881.0,47.0,61.0,63.0,1283,auto,99.0,60.0
942,COMPUTE,313.0,850.0,47.0,60.0,65.0,1283,auto,99.0,62.0
943,COMPUTE,312.0,856.0,47.0,61.0,64.0,1283,auto,99.0,49.0
944,COMPUTE,319.0,881.0,47.0,61.0,63.0,1319,auto,99.0,60.0
945,COMPUTE,315.0,812.0,48.0,61.0,59.0,1319,auto,99.0,60.0
946,COMPUTE,284.0,800.0,47.0,62.0,58.0,1363,auto,99.0,30.0
947,COMPUTE,302.0,793.0,46.0,61.0,57.0,1363,auto,100.0,30.0
948,COMPUTE,260.0,812.0,47.0,60.0,57.0,1502,auto,99.0,25.0
949,COMPUTE,210.0,787.0,47.0,61.0,56.0,1502,auto,99.0,3.0
950,COMPUTE,210.0,806.0,47.0,61.0,56.0,1502,auto,100.0,3.0
951,COMPUTE,210.0,806.0,47.0,61.0,56.0,1502,auto,99.0,3.0
952,COMPUTE,198.0,793.0,47.0,61.0,56.0,1502,auto,99.0,4.0
953,COMPUTE,207.0,825.0,48.0,60.0,58.0,1502,auto,100.0,5.0
954,COMPUTE,262.0,906.0,47.0,61.0,57.0,1502,auto,99.0,39.0
955,COMPUTE,331.0,912.0,47.0,61.0,57.0,1502,auto,100.0,26.0
956,COMPUTE,228.0,918.0,48.0,61.0,58.0,1502,auto,100.0,6.0
957,COMPUTE,211.0,912.0,47.0,61.0,58.0,1502,auto,100.0,10.0
958,COMPUTE,204.0,912.0,47.0,59.0,56.0,1502,auto,99.0,12.0
959,COMPUTE,227.0,912.0,48.0,61.0,58.0,1502,auto,99.0,11.0
960,COMPUTE,336.0,912.0,48.0,62.0,60.0,1404,auto,100.0,16.0
961,COMPUTE,345.0,912.0,48.0,61.0,62.0,1472,auto,100.0,17.0
962,COMPUTE,274.0,906.0,47.0,60.0,63.0,1502,auto,99.0,6.0
963,COMPUTE,59.0,662.0,46.0,60.0,56.0,300,auto,1.0,0.0
964,COMPUTE,49.0,662.0,43.0,48.0,51.0,300,auto,0.0,2.0
965,COMPUTE,40.0,662.0,42.0,46.0,50.0,300,auto,0.0,0.0
966,COMPUTE,40.0,662.0,42.0,46.0,49.0,300,auto,0.0,0.0
967,COMPUTE,303.0,843.0,44.0,53.0,49.0,1430,auto,100.0,0.0
968,COMPUTE,215.0,925.0,45.0,61.0,49.0,1502,auto,100.0,2.0
969,COMPUTE,292.0,843.0,45.0,60.0,49.0,1404,auto,99.0,0.0
970,COMPUTE,218.0,893.0,46.0,62.0,49.0,1502,auto,100.0,4.0
971,COMPUTE,292.0,825.0,46.0,63.0,49.0,1363,auto,100.0,0.0
972,COMPUTE,306.0,862.0,46.0,62.0,49.0,1430,auto,100.0,0.0
973,COMPUTE,219.0,912.0,46.0,63.0,49.0,1502,auto,100.0,0.0
974,COMPUTE,312.0,856.0,46.0,63.0,49.0,1430,auto,99.0,0.0
975,COMPUTE,199.0,843.0,47.0,63.0,50.0,1472,auto,100.0,0.0
976,COMPUTE,115.0,925.0,46.0,63.0,49.0,1502,auto,100.0,1.0
977,COMPUTE,288.0,843.0,46.0,63.0,50.0,1404,auto,100.0,0.0
978,COMPUTE,219.0,893.0,47.0,63.0,50.0,1502,auto,100.0,4.0
979,COMPUTE,294.0,856.0,47.0,63.0,50.0,1404,auto,99.0,0.0
980,COMPUTE,226.0,906.0,47.0,63.0,50.0,1502,auto,100.0,0.0
981,COMPUTE,295.0,843.0,47.0,63.0,50.0,1404,auto,100.0,0.0
982,BOOTUP DEFAULT,225.0,906.0,47.0,63.0,50.0,1502,auto,100.0,0.0
983,BOOTUP DEFAULT,295.0,843.0,47.0,63.0,50.0,1404,auto,100.0,0.0
984,BOOTUP DEFAULT,344.0,893.0,47.0,63.0,50.0,1472,auto,100.0,1.0
985,BOOTUP DEFAULT,196.0,818.0,47.0,63.0,50.0,1472,auto,100.0,0.0
986,BOOTUP DEFAULT,334.0,906.0,46.0,63.0,50.0,1472,auto,99.0,2.0
987,BOOTUP DEFAULT,284.0,843.0,47.0,64.0,50.0,1404,auto,100.0,0.0
988,BOOTUP DEFAULT,294.0,862.0,47.0,63.0,50.0,1404,auto,100.0,0.0
989,BOOTUP DEFAULT,219.0,925.0,47.0,64.0,50.0,1502,auto,99.0,2.0
990,BOOTUP DEFAULT,306.0,843.0,47.0,63.0,50.0,1404,auto,100.0,0.0
991,BOOTUP DEFAULT,126.0,906.0,47.0,64.0,50.0,1502,auto,99.0,2.0
992,BOOTUP DEFAULT,295.0,818.0,47.0,63.0,50.0,1363,auto,100.0,0.0
993,BOOTUP DEFAULT,345.0,900.0,47.0,64.0,50.0,1472,auto,100.0,1.0
994,BOOTUP DEFAULT,191.0,825.0,47.0,64.0,50.0,1472,auto,100.0,0.0
995,BOOTUP DEFAULT,331.0,881.0,47.0,64.0,50.0,1430,auto,100.0,0.0
996,BOOTUP DEFAULT,199.0,843.0,47.0,64.0,50.0,1472,auto,100.0,0.0
997,BOOTUP DEFAULT,294.0,843.0,47.0,63.0,50.0,1404,auto,100.0,0.0
998,BOOTUP DEFAULT,209.0,912.0,47.0,64.0,50.0,1502,auto,100.0,4.0
999,BOOTUP DEFAULT,43.0,662.0,45.0,53.0,50.0,300,auto,0.0,0.0
1000,BOOTUP DEFAULT,40.0,668.0,43.0,47.0,49.0,300,auto,0.0,0.0
