index,power_profile,power_usage,voltage,edge_temperature,junction_temperature,memory_temperature,sclk,performance,gpu_usage,memory_usage
0,COMPUTE,39.0,668.0,37.0,41.0,44.0,300,manual,0.0,0.0
1,COMPUTE,39.0,662.0,36.0,40.0,44.0,300,manual,0.0,0.0
2,COMPUTE,39.0,662.0,36.0,40.0,43.0,300,manual,0.0,0.0
3,COMPUTE,39.0,668.0,36.0,40.0,43.0,300,manual,0.0,0.0
4,COMPUTE,39.0,662.0,36.0,39.0,43.0,300,manual,0.0,0.0
5,COMPUTE,39.0,662.0,35.0,39.0,43.0,300,manual,0.0,0.0
6,COMPUTE,39.0,668.0,35.0,39.0,43.0,300,manual,0.0,0.0
7,COMPUTE,39.0,668.0,36.0,39.0,42.0,300,manual,0.0,0.0
8,COMPUTE,39.0,662.0,35.0,39.0,42.0,300,manual,0.0,0.0
9,COMPUTE,39.0,662.0,34.0,38.0,42.0,300,manual,0.0,0.0
10,COMPUTE,39.0,662.0,34.0,38.0,42.0,300,manual,0.0,0.0
11,COMPUTE,39.0,925.0,34.0,38.0,41.0,300,manual,0.0,0.0
12,COMPUTE,39.0,662.0,34.0,37.0,41.0,300,manual,0.0,0.0
13,COMPUTE,39.0,668.0,34.0,37.0,41.0,300,manual,0.0,0.0
14,COMPUTE,38.0,662.0,34.0,37.0,41.0,300,manual,0.0,0.0
15,COMPUTE,39.0,662.0,34.0,37.0,41.0,300,manual,0.0,0.0
16,COMPUTE,39.0,662.0,33.0,37.0,41.0,300,manual,0.0,0.0
17,COMPUTE,39.0,668.0,33.0,37.0,40.0,300,manual,0.0,0.0
18,COMPUTE,39.0,662.0,33.0,37.0,40.0,300,manual,0.0,0.0
19,COMPUTE,39.0,662.0,33.0,36.0,40.0,300,manual,0.0,0.0
20,COMPUTE,39.0,662.0,33.0,36.0,40.0,300,manual,0.0,0.0
21,COMPUTE,39.0,662.0,32.0,36.0,40.0,300,manual,1.0,0.0
22,COMPUTE,39.0,662.0,32.0,36.0,40.0,300,manual,0.0,0.0
23,COMPUTE,39.0,675.0,32.0,36.0,40.0,300,manual,0.0,0.0
24,COMPUTE,39.0,662.0,32.0,36.0,40.0,300,manual,0.0,0.0
25,COMPUTE,39.0,662.0,32.0,36.0,40.0,300,manual,0.0,0.0
26,COMPUTE,38.0,662.0,32.0,35.0,39.0,300,manual,0.0,0.0
27,COMPUTE,38.0,662.0,32.0,36.0,39.0,300,manual,0.0,0.0
28,COMPUTE,37.0,668.0,31.0,36.0,39.0,300,manual,0.0,0.0
29,COMPUTE,38.0,662.0,31.0,35.0,39.0,300,manual,0.0,0.0
30,COMPUTE,38.0,662.0,31.0,35.0,39.0,300,manual,0.0,0.0
31,COMPUTE,37.0,662.0,31.0,35.0,39.0,300,manual,0.0,0.0
32,COMPUTE,37.0,662.0,31.0,35.0,38.0,300,manual,0.0,0.0
33,COMPUTE,39.0,668.0,31.0,35.0,38.0,300,manual,0.0,0.0
34,COMPUTE,38.0,668.0,31.0,34.0,38.0,300,manual,0.0,0.0
35,COMPUTE,37.0,668.0,30.0,34.0,38.0,300,manual,0.0,0.0
36,COMPUTE,37.0,668.0,31.0,34.0,38.0,300,manual,0.0,0.0
37,COMPUTE,38.0,662.0,30.0,35.0,38.0,300,manual,0.0,0.0
38,COMPUTE,38.0,668.0,30.0,34.0,38.0,300,manual,0.0,0.0
39,COMPUTE,36.0,675.0,30.0,34.0,38.0,300,manual,0.0,0.0
40,COMPUTE,37.0,662.0,30.0,34.0,37.0,300,manual,0.0,0.0
41,COMPUTE,36.0,662.0,30.0,33.0,37.0,300,manual,0.0,0.0
42,COMPUTE,36.0,662.0,30.0,34.0,37.0,300,manual,0.0,0.0
43,COMPUTE,37.0,662.0,30.0,33.0,37.0,300,manual,0.0,0.0
44,COMPUTE,37.0,662.0,30.0,33.0,38.0,300,manual,0.0,0.0
45,COMPUTE,37.0,662.0,29.0,33.0,37.0,300,manual,0.0,0.0
46,COMPUTE,37.0,662.0,29.0,33.0,37.0,300,manual,0.0,0.0
47,COMPUTE,35.0,662.0,30.0,33.0,37.0,300,manual,0.0,0.0
48,COMPUTE,37.0,662.0,29.0,33.0,37.0,300,manual,0.0,0.0
49,COMPUTE,37.0,662.0,29.0,32.0,36.0,300,manual,0.0,0.0
50,COMPUTE,36.0,668.0,29.0,32.0,36.0,300,manual,0.0,0.0
51,COMPUTE,36.0,662.0,29.0,32.0,36.0,300,manual,0.0,0.0
52,COMPUTE,36.0,675.0,28.0,32.0,36.0,300,manual,0.0,0.0
53,COMPUTE,36.0,668.0,29.0,33.0,36.0,300,manual,0.0,0.0
54,COMPUTE,36.0,662.0,28.0,32.0,37.0,300,manual,0.0,0.0
55,COMPUTE,37.0,662.0,29.0,32.0,36.0,300,manual,0.0,0.0
56,COMPUTE,37.0,662.0,28.0,32.0,36.0,300,manual,0.0,0.0
57,COMPUTE,37.0,662.0,28.0,32.0,36.0,300,manual,0.0,0.0
58,COMPUTE,38.0,662.0,30.0,37.0,39.0,300,manual,3.0,0.0
59,COMPUTE,38.0,662.0,29.0,33.0,36.0,300,manual,0.0,0.0
60,COMPUTE,39.0,662.0,28.0,32.0,36.0,300,manual,0.0,0.0
61,COMPUTE,39.0,662.0,28.0,32.0,36.0,300,manual,0.0,0.0
62,COMPUTE,37.0,662.0,28.0,32.0,36.0,300,manual,0.0,0.0
63,COMPUTE,37.0,662.0,28.0,32.0,35.0,300,manual,0.0,0.0
64,COMPUTE,39.0,668.0,28.0,32.0,36.0,300,manual,3.0,0.0
65,COMPUTE,39.0,750.0,28.0,32.0,37.0,300,manual,6.0,0.0
66,COMPUTE,54.0,918.0,28.0,32.0,36.0,300,manual,6.0,2.0
67,COMPUTE,39.0,668.0,28.0,32.0,37.0,300,manual,0.0,0.0
68,COMPUTE,138.0,906.0,28.0,32.0,36.0,1502,manual,28.0,3.0
69,COMPUTE,39.0,662.0,28.0,32.0,36.0,300,manual,0.0,0.0
70,COMPUTE,39.0,668.0,28.0,32.0,36.0,300,manual,0.0,0.0
71,COMPUTE,39.0,662.0,28.0,32.0,36.0,300,manual,0.0,0.0
72,COMPUTE,38.0,662.0,28.0,32.0,35.0,300,manual,0.0,0.0
73,COMPUTE,39.0,662.0,27.0,32.0,35.0,300,manual,0.0,0.0
74,COMPUTE,299.0,662.0,31.0,41.0,43.0,1472,manual,100.0,49.0
75,COMPUTE,318.0,668.0,31.0,42.0,44.0,1430,manual,100.0,39.0
76,COMPUTE,289.0,893.0,31.0,42.0,44.0,1472,manual,100.0,53.0
77,COMPUTE,266.0,893.0,31.0,40.0,43.0,1502,manual,91.0,30.0
78,COMPUTE,217.0,906.0,30.0,38.0,42.0,1502,manual,86.0,31.0
79,COMPUTE,294.0,862.0,30.0,36.0,40.0,1502,manual,87.0,31.0
80,COMPUTE,37.0,906.0,30.0,34.0,39.0,300,manual,4.0,0.0
81,COMPUTE,39.0,868.0,30.0,34.0,38.0,300,manual,0.0,0.0
82,COMPUTE,38.0,912.0,31.0,35.0,39.0,300,manual,0.0,0.0
83,COMPUTE,39.0,668.0,31.0,35.0,40.0,300,manual,0.0,0.0
84,COMPUTE,39.0,662.0,31.0,36.0,40.0,300,manual,0.0,0.0
85,COMPUTE,39.0,662.0,32.0,37.0,41.0,300,manual,0.0,0.0
86,COMPUTE,39.0,662.0,32.0,40.0,42.0,300,manual,0.0,0.0
87,COMPUTE,39.0,668.0,34.0,45.0,46.0,300,manual,0.0,0.0
88,COMPUTE,260.0,662.0,33.0,45.0,46.0,1472,manual,100.0,36.0
89,COMPUTE,301.0,918.0,33.0,44.0,45.0,1430,manual,100.0,48.0
90,COMPUTE,302.0,893.0,33.0,44.0,45.0,1430,manual,100.0,49.0
91,COMPUTE,297.0,862.0,32.0,43.0,44.0,1502,manual,99.0,34.0
92,COMPUTE,288.0,875.0,32.0,41.0,44.0,1502,manual,92.0,34.0
93,COMPUTE,316.0,906.0,32.0,40.0,43.0,1472,manual,97.0,37.0
94,COMPUTE,209.0,881.0,31.0,37.0,41.0,1502,manual,86.0,26.0
95,COMPUTE,39.0,900.0,32.0,36.0,39.0,300,manual,0.0,0.0
96,COMPUTE,39.0,900.0,32.0,36.0,41.0,300,manual,0.0,0.0
97,COMPUTE,39.0,662.0,32.0,37.0,41.0,300,manual,0.0,0.0
98,COMPUTE,39.0,662.0,32.0,37.0,41.0,300,manual,0.0,0.0
99,COMPUTE,39.0,662.0,33.0,38.0,42.0,300,manual,0.0,0.0
100,COMPUTE,233.0,893.0,34.0,46.0,47.0,1502,manual,93.0,26.0
101,COMPUTE,318.0,912.0,32.0,38.0,42.0,1472,manual,92.0,48.0
102,COMPUTE,39.0,893.0,32.0,36.0,41.0,300,manual,0.0,0.0
103,COMPUTE,39.0,881.0,32.0,37.0,40.0,300,manual,0.0,0.0
104,COMPUTE,39.0,662.0,33.0,37.0,40.0,300,manual,0.0,0.0
105,COMPUTE,39.0,668.0,33.0,38.0,41.0,300,manual,0.0,0.0
106,COMPUTE,215.0,881.0,35.0,47.0,48.0,1502,manual,82.0,41.0
107,COMPUTE,248.0,875.0,34.0,41.0,45.0,1502,manual,84.0,32.0
108,COMPUTE,296.0,906.0,33.0,38.0,43.0,1472,manual,94.0,46.0
109,COMPUTE,79.0,906.0,32.0,37.0,41.0,1502,manual,20.0,3.0
110,COMPUTE,334.0,668.0,35.0,49.0,50.0,1430,manual,100.0,38.0
111,COMPUTE,357.0,662.0,35.0,47.0,48.0,1430,manual,100.0,54.0
112,COMPUTE,283.0,850.0,35.0,46.0,48.0,1472,manual,100.0,43.0
113,COMPUTE,264.0,875.0,34.0,44.0,46.0,1502,manual,99.0,51.0
114,COMPUTE,300.0,893.0,34.0,43.0,46.0,1472,manual,93.0,25.0
115,COMPUTE,252.0,881.0,34.0,42.0,45.0,1502,manual,87.0,46.0
116,COMPUTE,259.0,893.0,33.0,40.0,44.0,1502,manual,91.0,27.0
117,COMPUTE,76.0,906.0,32.0,37.0,41.0,1502,manual,18.0,6.0
118,COMPUTE,39.0,912.0,33.0,37.0,41.0,300,manual,0.0,0.0
119,COMPUTE,39.0,906.0,33.0,38.0,42.0,300,manual,0.0,0.0
120,COMPUTE,39.0,662.0,33.0,38.0,42.0,300,manual,0.0,0.0
121,COMPUTE,39.0,662.0,34.0,39.0,43.0,300,manual,1.0,0.0
122,COMPUTE,39.0,662.0,34.0,40.0,44.0,300,manual,0.0,0.0
123,COMPUTE,39.0,668.0,34.0,42.0,45.0,300,manual,0.0,0.0
124,COMPUTE,39.0,668.0,35.0,45.0,46.0,300,manual,0.0,0.0
125,COMPUTE,279.0,900.0,36.0,47.0,49.0,1472,manual,100.0,39.0
126,COMPUTE,39.0,906.0,34.0,38.0,42.0,300,manual,0.0,0.0
127,COMPUTE,39.0,668.0,34.0,38.0,43.0,300,manual,0.0,0.0
128,COMPUTE,39.0,662.0,34.0,39.0,42.0,300,manual,0.0,0.0
129,COMPUTE,39.0,668.0,34.0,39.0,44.0,300,manual,0.0,0.0
130,COMPUTE,236.0,875.0,36.0,49.0,49.0,1502,manual,83.0,32.0
131,COMPUTE,216.0,893.0,35.0,41.0,45.0,1502,manual,88.0,38.0
132,COMPUTE,208.0,912.0,33.0,38.0,43.0,1502,manual,84.0,20.0
133,COMPUTE,39.0,912.0,34.0,38.0,42.0,300,manual,0.0,0.0
134,COMPUTE,39.0,906.0,33.0,38.0,42.0,300,manual,0.0,0.0
135,COMPUTE,39.0,662.0,34.0,38.0,43.0,300,manual,0.0,0.0
136,COMPUTE,53.0,662.0,34.0,39.0,43.0,300,manual,0.0,0.0
137,COMPUTE,39.0,668.0,35.0,40.0,44.0,300,manual,0.0,0.0
138,COMPUTE,254.0,850.0,36.0,49.0,49.0,1502,manual,90.0,33.0
139,COMPUTE,220.0,906.0,35.0,42.0,45.0,1502,manual,89.0,43.0
140,COMPUTE,236.0,887.0,34.0,39.0,43.0,1502,manual,82.0,51.0
141,COMPUTE,39.0,881.0,33.0,38.0,41.0,300,manual,0.0,0.0
142,COMPUTE,39.0,893.0,34.0,39.0,42.0,300,manual,0.0,0.0
143,COMPUTE,39.0,662.0,34.0,39.0,42.0,300,manual,0.0,0.0
144,COMPUTE,39.0,662.0,35.0,40.0,43.0,1502,manual,0.0,0.0
145,COMPUTE,310.0,868.0,37.0,49.0,48.0,1502,manual,95.0,54.0
146,COMPUTE,280.0,893.0,35.0,44.0,46.0,1502,manual,89.0,42.0
147,COMPUTE,314.0,881.0,35.0,43.0,46.0,1472,manual,92.0,23.0
148,COMPUTE,40.0,662.0,37.0,50.0,50.0,300,manual,0.0,0.0
149,COMPUTE,269.0,893.0,37.0,49.0,50.0,1502,manual,100.0,54.0
150,COMPUTE,39.0,893.0,35.0,40.0,44.0,300,manual,0.0,0.0
151,COMPUTE,39.0,925.0,35.0,40.0,44.0,300,manual,0.0,0.0
152,COMPUTE,312.0,893.0,37.0,50.0,50.0,1472,manual,100.0,49.0
153,COMPUTE,239.0,906.0,36.0,46.0,48.0,1502,manual,99.0,49.0
154,COMPUTE,240.0,893.0,36.0,44.0,47.0,1502,manual,89.0,37.0
155,COMPUTE,203.0,875.0,35.0,42.0,46.0,1502,manual,66.0,34.0
156,COMPUTE,94.0,881.0,34.0,38.0,43.0,1502,manual,50.0,17.0
157,COMPUTE,39.0,906.0,34.0,39.0,42.0,300,manual,0.0,0.0
158,COMPUTE,39.0,893.0,34.0,40.0,43.0,300,manual,0.0,0.0
159,COMPUTE,39.0,662.0,35.0,39.0,44.0,300,manual,0.0,0.0
160,COMPUTE,39.0,662.0,35.0,40.0,44.0,300,manual,0.0,0.0
161,COMPUTE,39.0,662.0,36.0,41.0,45.0,300,manual,0.0,0.0
162,COMPUTE,39.0,668.0,36.0,43.0,45.0,300,manual,0.0,0.0
163,COMPUTE,40.0,662.0,37.0,49.0,48.0,300,manual,0.0,0.0
164,COMPUTE,260.0,662.0,37.0,49.0,49.0,1430,manual,100.0,39.0
165,COMPUTE,241.0,925.0,36.0,48.0,50.0,1472,manual,100.0,45.0
166,COMPUTE,39.0,662.0,35.0,40.0,44.0,300,manual,0.0,0.0
167,COMPUTE,39.0,662.0,36.0,41.0,44.0,300,manual,0.0,0.0
168,COMPUTE,39.0,662.0,35.0,42.0,45.0,300,manual,0.0,0.0
169,COMPUTE,39.0,662.0,36.0,44.0,47.0,300,manual,0.0,0.0
170,COMPUTE,335.0,675.0,37.0,49.0,50.0,1430,manual,100.0,42.0
171,COMPUTE,256.0,668.0,37.0,48.0,50.0,1472,manual,100.0,46.0
172,COMPUTE,291.0,875.0,37.0,47.0,49.0,1430,manual,100.0,35.0
173,COMPUTE,293.0,875.0,38.0,51.0,51.0,1502,manual,99.0,35.0
174,COMPUTE,308.0,887.0,37.0,46.0,48.0,1472,manual,97.0,27.0
175,COMPUTE,232.0,875.0,36.0,44.0,47.0,1502,manual,87.0,42.0
176,COMPUTE,313.0,906.0,35.0,39.0,44.0,1502,manual,78.0,33.0
177,COMPUTE,39.0,893.0,35.0,39.0,43.0,300,manual,0.0,0.0
178,COMPUTE,39.0,893.0,35.0,40.0,43.0,300,manual,0.0,0.0
179,COMPUTE,289.0,906.0,38.0,50.0,50.0,1472,manual,100.0,58.0
180,COMPUTE,113.0,900.0,37.0,47.0,47.0,1502,manual,77.0,26.0
181,COMPUTE,315.0,875.0,36.0,45.0,46.0,1472,manual,91.0,46.0
182,COMPUTE,261.0,881.0,35.0,42.0,45.0,1502,manual,88.0,26.0
183,COMPUTE,59.0,675.0,38.0,51.0,52.0,300,manual,23.0,3.0
184,COMPUTE,306.0,662.0,37.0,49.0,51.0,1472,manual,100.0,53.0
185,COMPUTE,291.0,875.0,37.0,48.0,50.0,1472,manual,100.0,42.0
186,COMPUTE,39.0,662.0,36.0,41.0,45.0,300,manual,0.0,0.0
187,COMPUTE,39.0,662.0,36.0,42.0,45.0,300,manual,0.0,0.0
188,COMPUTE,39.0,662.0,37.0,43.0,47.0,300,manual,0.0,0.0
189,COMPUTE,39.0,662.0,37.0,45.0,48.0,300,manual,0.0,0.0
190,COMPUTE,288.0,662.0,38.0,50.0,51.0,1472,manual,100.0,51.0
191,COMPUTE,293.0,662.0,37.0,49.0,51.0,1472,manual,100.0,40.0
192,COMPUTE,300.0,662.0,38.0,49.0,50.0,1430,manual,100.0,34.0
193,COMPUTE,282.0,875.0,37.0,48.0,50.0,1472,manual,100.0,35.0
194,COMPUTE,282.0,893.0,37.0,47.0,49.0,1472,manual,99.0,44.0
195,COMPUTE,227.0,875.0,39.0,52.0,51.0,1502,manual,91.0,32.0
196,COMPUTE,208.0,875.0,36.0,45.0,48.0,1502,manual,85.0,34.0
197,COMPUTE,39.0,662.0,35.0,39.0,44.0,300,manual,0.0,0.0
198,COMPUTE,39.0,668.0,34.0,38.0,42.0,300,manual,0.0,0.0
199,COMPUTE,39.0,662.0,34.0,38.0,41.0,300,manual,0.0,0.0
200,COMPUTE,39.0,662.0,33.0,37.0,41.0,300,manual,0.0,0.0
201,COMPUTE,39.0,912.0,33.0,37.0,41.0,300,manual,0.0,0.0
202,COMPUTE,225.0,925.0,37.0,49.0,48.0,1502,manual,92.0,41.0
203,COMPUTE,215.0,906.0,38.0,51.0,49.0,1502,manual,77.0,20.0
204,COMPUTE,317.0,893.0,38.0,52.0,50.0,1502,manual,90.0,26.0
205,COMPUTE,224.0,887.0,39.0,52.0,50.0,1502,manual,82.0,45.0
206,COMPUTE,335.0,887.0,39.0,53.0,51.0,1472,manual,92.0,28.0
207,COMPUTE,327.0,925.0,40.0,53.0,51.0,1472,manual,94.0,27.0
208,COMPUTE,329.0,887.0,39.0,53.0,51.0,1472,manual,96.0,28.0
209,COMPUTE,306.0,893.0,40.0,53.0,51.0,1472,manual,89.0,37.0
210,COMPUTE,275.0,881.0,40.0,53.0,51.0,1502,manual,88.0,42.0
211,COMPUTE,284.0,893.0,40.0,54.0,52.0,1502,manual,91.0,30.0
212,COMPUTE,312.0,893.0,40.0,53.0,52.0,1502,manual,80.0,28.0
213,COMPUTE,195.0,893.0,40.0,54.0,52.0,1502,manual,87.0,41.0
214,COMPUTE,224.0,906.0,41.0,54.0,52.0,1502,manual,86.0,25.0
215,COMPUTE,246.0,893.0,41.0,55.0,53.0,1502,manual,84.0,29.0
216,COMPUTE,307.0,906.0,41.0,54.0,53.0,1472,manual,95.0,35.0
217,COMPUTE,226.0,906.0,41.0,54.0,53.0,1502,manual,88.0,31.0
218,COMPUTE,284.0,881.0,41.0,55.0,53.0,1502,manual,90.0,26.0
219,COMPUTE,264.0,868.0,41.0,55.0,53.0,1502,manual,86.0,11.0
220,COMPUTE,230.0,925.0,41.0,55.0,53.0,1502,manual,92.0,33.0
221,COMPUTE,250.0,925.0,42.0,55.0,53.0,1472,manual,93.0,43.0
222,COMPUTE,213.0,906.0,42.0,56.0,54.0,1502,manual,88.0,22.0
223,COMPUTE,272.0,893.0,41.0,55.0,53.0,1502,manual,92.0,33.0
224,COMPUTE,279.0,912.0,42.0,55.0,54.0,1502,manual,89.0,41.0
225,COMPUTE,321.0,900.0,42.0,56.0,54.0,1502,manual,83.0,35.0
226,COMPUTE,312.0,881.0,42.0,56.0,54.0,1472,manual,94.0,36.0
227,COMPUTE,40.0,881.0,41.0,47.0,50.0,300,manual,0.0,0.0
228,COMPUTE,39.0,925.0,40.0,44.0,48.0,300,manual,0.0,0.0
229,COMPUTE,39.0,662.0,39.0,44.0,48.0,300,manual,0.0,0.0
230,COMPUTE,40.0,662.0,39.0,45.0,48.0,300,manual,0.0,0.0
231,COMPUTE,39.0,668.0,39.0,45.0,49.0,300,manual,0.0,0.0
232,COMPUTE,42.0,668.0,40.0,46.0,48.0,300,manual,0.0,0.0
233,COMPUTE,42.0,662.0,40.0,50.0,51.0,300,manual,0.0,0.0
234,COMPUTE,278.0,662.0,41.0,53.0,54.0,1472,manual,100.0,40.0
235,COMPUTE,304.0,906.0,41.0,52.0,53.0,1472,manual,100.0,52.0
236,COMPUTE,40.0,662.0,39.0,43.0,47.0,300,manual,0.0,0.0
237,COMPUTE,40.0,668.0,39.0,43.0,47.0,300,manual,0.0,0.0
238,COMPUTE,307.0,881.0,41.0,54.0,53.0,1472,manual,91.0,33.0
239,COMPUTE,206.0,893.0,39.0,49.0,51.0,1502,manual,88.0,41.0
240,COMPUTE,41.0,925.0,40.0,48.0,51.0,300,manual,0.0,0.0
241,COMPUTE,42.0,668.0,40.0,52.0,51.0,300,manual,0.0,0.0
242,COMPUTE,303.0,662.0,40.0,52.0,53.0,1472,manual,100.0,39.0
243,COMPUTE,274.0,662.0,40.0,51.0,53.0,1472,manual,100.0,49.0
244,COMPUTE,236.0,868.0,40.0,51.0,52.0,1472,manual,100.0,41.0
245,COMPUTE,277.0,875.0,40.0,50.0,52.0,1472,manual,100.0,46.0
246,COMPUTE,267.0,875.0,39.0,50.0,51.0,1502,manual,86.0,48.0
247,COMPUTE,244.0,862.0,39.0,48.0,50.0,1502,manual,86.0,26.0
248,COMPUTE,184.0,912.0,38.0,46.0,49.0,1502,manual,81.0,38.0
249,COMPUTE,42.0,662.0,41.0,53.0,53.0,300,manual,0.0,0.0
250,COMPUTE,276.0,662.0,40.0,53.0,53.0,1472,manual,100.0,53.0
251,COMPUTE,301.0,662.0,40.0,52.0,53.0,1430,manual,100.0,45.0
252,COMPUTE,341.0,893.0,39.0,51.0,52.0,1430,manual,100.0,50.0
253,COMPUTE,267.0,875.0,41.0,54.0,53.0,1472,manual,99.0,49.0
254,COMPUTE,244.0,906.0,39.0,49.0,51.0,1502,manual,87.0,35.0
255,COMPUTE,39.0,662.0,40.0,47.0,50.0,300,manual,0.0,0.0
256,COMPUTE,39.0,662.0,40.0,50.0,50.0,300,manual,0.0,0.0
257,COMPUTE,271.0,662.0,40.0,52.0,53.0,1472,manual,100.0,45.0
258,COMPUTE,280.0,912.0,40.0,51.0,52.0,1472,manual,100.0,54.0
259,COMPUTE,39.0,668.0,39.0,43.0,47.0,300,manual,0.0,0.0
260,COMPUTE,257.0,887.0,40.0,54.0,54.0,1472,manual,100.0,44.0
261,COMPUTE,40.0,668.0,39.0,45.0,48.0,300,manual,0.0,0.0
262,COMPUTE,39.0,668.0,39.0,46.0,48.0,300,manual,0.0,0.0
263,COMPUTE,307.0,893.0,40.0,52.0,53.0,1472,manual,97.0,50.0
264,COMPUTE,43.0,668.0,41.0,54.0,55.0,300,manual,4.0,0.0
265,COMPUTE,263.0,893.0,40.0,52.0,53.0,1472,manual,100.0,40.0
266,COMPUTE,39.0,906.0,38.0,43.0,46.0,300,manual,0.0,0.0
267,COMPUTE,39.0,662.0,38.0,43.0,47.0,300,manual,0.0,0.0
268,COMPUTE,40.0,662.0,39.0,44.0,47.0,300,manual,0.0,0.0
269,COMPUTE,40.0,662.0,39.0,44.0,48.0,300,manual,0.0,0.0
270,COMPUTE,40.0,662.0,39.0,47.0,50.0,300,manual,0.0,0.0
271,COMPUTE,40.0,662.0,40.0,53.0,52.0,300,manual,0.0,0.0
272,COMPUTE,248.0,893.0,40.0,52.0,53.0,1472,manual,100.0,53.0
273,COMPUTE,262.0,906.0,41.0,54.0,55.0,1430,manual,100.0,38.0
274,COMPUTE,39.0,687.0,38.0,43.0,47.0,300,manual,0.0,0.0
275,COMPUTE,39.0,662.0,39.0,43.0,47.0,300,manual,0.0,0.0
276,COMPUTE,39.0,662.0,38.0,43.0,46.0,300,manual,0.0,0.0
277,COMPUTE,40.0,662.0,38.0,43.0,46.0,300,manual,0.0,0.0
278,COMPUTE,39.0,662.0,39.0,45.0,47.0,300,manual,0.0,0.0
279,COMPUTE,40.0,662.0,40.0,48.0,50.0,300,manual,0.0,0.0
280,COMPUTE,295.0,662.0,40.0,52.0,53.0,1430,manual,100.0,39.0
281,COMPUTE,290.0,893.0,40.0,51.0,53.0,1472,manual,100.0,41.0
282,COMPUTE,39.0,900.0,38.0,43.0,45.0,300,manual,0.0,0.0
283,COMPUTE,302.0,881.0,41.0,53.0,54.0,1430,manual,100.0,33.0
284,COMPUTE,39.0,662.0,39.0,44.0,48.0,300,manual,0.0,0.0
285,COMPUTE,39.0,668.0,39.0,45.0,48.0,300,manual,0.0,0.0
286,COMPUTE,40.0,925.0,39.0,46.0,49.0,300,manual,0.0,0.0
287,COMPUTE,41.0,662.0,40.0,52.0,51.0,300,manual,0.0,0.0
288,COMPUTE,292.0,881.0,40.0,52.0,53.0,1472,manual,100.0,53.0
289,COMPUTE,39.0,850.0,38.0,42.0,46.0,300,manual,0.0,0.0
290,COMPUTE,39.0,925.0,38.0,42.0,46.0,300,manual,0.0,0.0
291,COMPUTE,251.0,881.0,40.0,54.0,54.0,1472,manual,100.0,35.0
292,COMPUTE,39.0,662.0,39.0,43.0,47.0,1502,manual,0.0,0.0
293,COMPUTE,40.0,662.0,39.0,43.0,47.0,300,manual,0.0,0.0
294,COMPUTE,282.0,893.0,41.0,53.0,52.0,1472,manual,92.0,42.0
295,COMPUTE,309.0,893.0,39.0,47.0,50.0,1472,manual,94.0,47.0
296,COMPUTE,231.0,912.0,38.0,45.0,48.0,1502,manual,86.0,26.0
297,COMPUTE,42.0,662.0,41.0,54.0,53.0,300,manual,0.0,0.0
298,COMPUTE,300.0,662.0,40.0,53.0,54.0,1472,manual,100.0,55.0
299,COMPUTE,282.0,662.0,40.0,52.0,53.0,1472,manual,100.0,40.0
300,COMPUTE,301.0,925.0,40.0,51.0,53.0,1472,manual,100.0,42.0
301,COMPUTE,292.0,868.0,39.0,50.0,51.0,1472,manual,100.0,38.0
302,COMPUTE,260.0,843.0,39.0,49.0,50.0,1472,manual,99.0,55.0
303,COMPUTE,239.0,868.0,39.0,48.0,50.0,1502,manual,87.0,45.0
304,COMPUTE,39.0,662.0,39.0,46.0,48.0,300,manual,0.0,0.0
305,COMPUTE,40.0,662.0,39.0,47.0,50.0,300,manual,0.0,0.0
306,COMPUTE,39.0,662.0,40.0,52.0,52.0,300,manual,0.0,0.0
307,COMPUTE,286.0,925.0,40.0,52.0,52.0,1472,manual,100.0,35.0
308,COMPUTE,338.0,912.0,41.0,54.0,54.0,1430,manual,100.0,36.0
309,COMPUTE,39.0,662.0,39.0,43.0,46.0,300,manual,0.0,0.0
310,COMPUTE,259.0,875.0,40.0,54.0,53.0,1472,manual,99.0,33.0
311,COMPUTE,272.0,862.0,39.0,48.0,50.0,1502,manual,87.0,26.0
312,COMPUTE,261.0,943.0,41.0,54.0,54.0,1502,manual,89.0,35.0
313,COMPUTE,253.0,893.0,38.0,43.0,48.0,1502,manual,91.0,29.0
314,COMPUTE,70.0,893.0,38.0,42.0,45.0,1502,manual,23.0,8.0
315,COMPUTE,39.0,906.0,38.0,42.0,46.0,300,manual,0.0,0.0
316,COMPUTE,39.0,912.0,38.0,42.0,45.0,300,manual,0.0,0.0
317,COMPUTE,283.0,862.0,40.0,54.0,54.0,1430,manual,100.0,50.0
318,COMPUTE,270.0,893.0,39.0,50.0,51.0,1502,manual,99.0,42.0
319,COMPUTE,40.0,668.0,39.0,45.0,48.0,300,manual,0.0,0.0
320,COMPUTE,233.0,881.0,41.0,53.0,52.0,1472,manual,84.0,29.0
321,COMPUTE,283.0,893.0,38.0,44.0,48.0,1502,manual,87.0,32.0
322,COMPUTE,39.0,906.0,38.0,42.0,45.0,300,manual,0.0,0.0
323,COMPUTE,263.0,887.0,41.0,54.0,54.0,1430,manual,100.0,55.0
324,COMPUTE,255.0,862.0,41.0,55.0,55.0,1472,manual,100.0,50.0
325,COMPUTE,39.0,662.0,39.0,44.0,48.0,300,manual,0.0,0.0
326,COMPUTE,40.0,662.0,39.0,44.0,48.0,300,manual,0.0,0.0
327,COMPUTE,41.0,668.0,39.0,45.0,49.0,300,manual,0.0,0.0
328,COMPUTE,41.0,662.0,40.0,47.0,50.0,300,manual,0.0,0.0
329,COMPUTE,322.0,893.0,40.0,52.0,54.0,1502,manual,92.0,48.0
330,COMPUTE,39.0,900.0,38.0,42.0,46.0,300,manual,0.0,0.0
331,COMPUTE,39.0,931.0,38.0,42.0,46.0,300,manual,0.0,0.0
332,COMPUTE,252.0,850.0,41.0,53.0,54.0,1472,manual,100.0,34.0
333,COMPUTE,49.0,662.0,39.0,45.0,48.0,1502,manual,8.0,0.0
334,COMPUTE,39.0,668.0,39.0,44.0,47.0,300,manual,0.0,0.0
335,COMPUTE,39.0,662.0,39.0,46.0,49.0,300,manual,0.0,0.0
336,COMPUTE,40.0,662.0,40.0,50.0,51.0,300,manual,0.0,0.0
337,COMPUTE,271.0,925.0,40.0,52.0,52.0,1502,manual,100.0,40.0
338,COMPUTE,39.0,662.0,38.0,43.0,47.0,300,manual,0.0,0.0
339,COMPUTE,82.0,925.0,40.0,53.0,51.0,1502,manual,48.0,26.0
340,COMPUTE,272.0,893.0,41.0,54.0,53.0,1472,manual,89.0,18.0
341,COMPUTE,188.0,906.0,41.0,55.0,53.0,1502,manual,82.0,40.0
342,COMPUTE,247.0,893.0,42.0,55.0,53.0,1502,manual,87.0,26.0
343,COMPUTE,332.0,912.0,42.0,55.0,53.0,1472,manual,92.0,31.0
344,COMPUTE,261.0,925.0,42.0,56.0,53.0,1502,manual,83.0,27.0
345,COMPUTE,205.0,893.0,42.0,55.0,53.0,1502,manual,85.0,31.0
346,COMPUTE,222.0,906.0,42.0,56.0,53.0,1502,manual,85.0,40.0
347,COMPUTE,258.0,925.0,42.0,56.0,53.0,1502,manual,88.0,43.0
348,COMPUTE,218.0,887.0,42.0,56.0,54.0,1502,manual,83.0,24.0
349,COMPUTE,318.0,918.0,42.0,56.0,53.0,1472,manual,91.0,30.0
350,COMPUTE,287.0,925.0,42.0,56.0,53.0,1472,manual,90.0,30.0
351,COMPUTE,301.0,881.0,43.0,56.0,54.0,1502,manual,87.0,31.0
352,COMPUTE,339.0,893.0,43.0,57.0,55.0,1472,manual,87.0,38.0
353,COMPUTE,240.0,893.0,43.0,57.0,55.0,1472,manual,89.0,34.0
354,COMPUTE,200.0,887.0,43.0,56.0,55.0,1502,manual,89.0,28.0
355,COMPUTE,328.0,875.0,43.0,57.0,55.0,1472,manual,91.0,35.0
356,COMPUTE,299.0,887.0,43.0,57.0,55.0,1472,manual,94.0,26.0
357,COMPUTE,255.0,893.0,43.0,57.0,55.0,1472,manual,91.0,35.0
358,COMPUTE,259.0,906.0,43.0,57.0,55.0,1502,manual,90.0,43.0
359,COMPUTE,319.0,893.0,43.0,57.0,55.0,1472,manual,94.0,43.0
360,COMPUTE,304.0,912.0,44.0,57.0,55.0,1472,manual,88.0,32.0
361,COMPUTE,227.0,881.0,44.0,57.0,55.0,1502,manual,85.0,32.0
362,COMPUTE,197.0,887.0,44.0,58.0,56.0,1502,manual,84.0,31.0
363,COMPUTE,248.0,906.0,44.0,58.0,56.0,1502,manual,90.0,29.0
364,COMPUTE,266.0,662.0,45.0,57.0,56.0,1502,manual,88.0,25.0
365,COMPUTE,260.0,893.0,43.0,56.0,56.0,1502,manual,90.0,46.0
366,COMPUTE,313.0,893.0,41.0,49.0,51.0,1472,manual,97.0,49.0
367,COMPUTE,54.0,887.0,40.0,44.0,48.0,300,manual,4.0,1.0
368,COMPUTE,270.0,662.0,43.0,56.0,57.0,1430,manual,100.0,39.0
369,COMPUTE,247.0,662.0,42.0,54.0,55.0,1472,manual,100.0,33.0
370,COMPUTE,315.0,887.0,42.0,53.0,54.0,1472,manual,100.0,32.0
371,COMPUTE,258.0,862.0,43.0,56.0,55.0,1502,manual,98.0,34.0
372,COMPUTE,306.0,893.0,43.0,57.0,56.0,1472,manual,97.0,47.0
373,COMPUTE,43.0,662.0,43.0,52.0,54.0,300,manual,0.0,0.0
374,COMPUTE,298.0,906.0,43.0,54.0,56.0,1502,manual,95.0,46.0
375,COMPUTE,297.0,887.0,44.0,57.0,58.0,1430,manual,100.0,47.0
376,COMPUTE,305.0,662.0,44.0,58.0,58.0,1472,manual,100.0,45.0
377,COMPUTE,274.0,912.0,43.0,55.0,55.0,1472,manual,100.0,48.0
378,COMPUTE,40.0,668.0,41.0,46.0,50.0,300,manual,0.0,0.0
379,COMPUTE,42.0,662.0,41.0,47.0,49.0,300,manual,0.0,0.0
380,COMPUTE,311.0,875.0,42.0,55.0,55.0,1472,manual,96.0,49.0
381,COMPUTE,306.0,912.0,43.0,56.0,56.0,1472,manual,97.0,45.0
382,COMPUTE,170.0,912.0,41.0,45.0,48.0,1502,manual,52.0,16.0
383,COMPUTE,313.0,906.0,43.0,56.0,56.0,1430,manual,100.0,37.0
384,COMPUTE,40.0,912.0,41.0,46.0,49.0,300,manual,0.0,0.0
385,COMPUTE,39.0,668.0,41.0,45.0,49.0,300,manual,0.0,0.0
386,COMPUTE,54.0,662.0,41.0,46.0,49.0,300,manual,1.0,0.0
387,COMPUTE,41.0,668.0,41.0,47.0,50.0,300,manual,0.0,0.0
388,COMPUTE,40.0,662.0,41.0,49.0,51.0,300,manual,0.0,0.0
389,COMPUTE,164.0,887.0,42.0,54.0,56.0,1502,manual,75.0,42.0
390,COMPUTE,39.0,893.0,40.0,44.0,48.0,300,manual,0.0,0.0
391,COMPUTE,39.0,912.0,40.0,44.0,48.0,300,manual,0.0,0.0
392,COMPUTE,39.0,675.0,40.0,45.0,48.0,300,manual,0.0,0.0
393,COMPUTE,279.0,875.0,42.0,55.0,55.0,1502,manual,99.0,49.0
394,COMPUTE,42.0,662.0,41.0,47.0,51.0,300,manual,0.0,0.0
395,COMPUTE,42.0,662.0,41.0,48.0,51.0,300,manual,0.0,0.0
396,COMPUTE,250.0,925.0,42.0,53.0,54.0,1502,manual,91.0,41.0
397,COMPUTE,39.0,912.0,40.0,44.0,48.0,300,manual,0.0,0.0
398,COMPUTE,290.0,881.0,43.0,56.0,56.0,1472,manual,100.0,34.0
399,COMPUTE,301.0,875.0,43.0,56.0,57.0,1430,manual,100.0,37.0
400,COMPUTE,292.0,893.0,41.0,53.0,54.0,1472,manual,100.0,38.0
401,COMPUTE,326.0,850.0,42.0,56.0,56.0,1472,manual,95.0,23.0
402,COMPUTE,229.0,887.0,41.0,50.0,51.0,1502,manual,89.0,37.0
403,COMPUTE,310.0,893.0,40.0,46.0,50.0,1472,manual,93.0,33.0
404,COMPUTE,40.0,893.0,39.0,44.0,47.0,300,manual,3.0,1.0
405,COMPUTE,249.0,668.0,43.0,55.0,56.0,1502,manual,100.0,50.0
406,COMPUTE,243.0,893.0,42.0,53.0,54.0,1472,manual,100.0,43.0
407,COMPUTE,281.0,906.0,43.0,56.0,56.0,1472,manual,100.0,50.0
408,COMPUTE,283.0,881.0,43.0,57.0,56.0,1430,manual,100.0,45.0
409,COMPUTE,297.0,856.0,42.0,51.0,52.0,1502,manual,94.0,49.0
410,COMPUTE,250.0,875.0,43.0,56.0,56.0,1502,manual,91.0,48.0
411,COMPUTE,316.0,893.0,43.0,56.0,56.0,1472,manual,94.0,26.0
412,COMPUTE,44.0,662.0,43.0,57.0,57.0,300,manual,0.0,0.0
413,COMPUTE,268.0,906.0,42.0,55.0,56.0,1430,manual,100.0,46.0
414,COMPUTE,260.0,662.0,43.0,56.0,57.0,1430,manual,100.0,39.0
415,COMPUTE,370.0,875.0,42.0,54.0,54.0,1430,manual,100.0,43.0
416,COMPUTE,54.0,662.0,41.0,46.0,50.0,300,manual,1.0,0.0
417,COMPUTE,42.0,662.0,41.0,46.0,50.0,300,manual,0.0,0.0
418,COMPUTE,42.0,662.0,41.0,47.0,51.0,300,manual,0.0,0.0
419,COMPUTE,43.0,662.0,42.0,51.0,51.0,300,manual,0.0,0.0
420,COMPUTE,43.0,662.0,42.0,54.0,55.0,300,manual,6.0,1.0
421,COMPUTE,293.0,875.0,42.0,54.0,54.0,1472,manual,100.0,53.0
422,COMPUTE,39.0,912.0,40.0,44.0,48.0,300,manual,0.0,0.0
423,COMPUTE,39.0,668.0,40.0,44.0,47.0,300,manual,0.0,0.0
424,COMPUTE,39.0,662.0,40.0,45.0,48.0,300,manual,0.0,0.0
425,COMPUTE,252.0,893.0,42.0,55.0,54.0,1502,manual,89.0,35.0
426,COMPUTE,238.0,912.0,41.0,48.0,51.0,1502,manual,89.0,47.0
427,COMPUTE,299.0,906.0,40.0,46.0,48.0,1502,manual,93.0,38.0
428,COMPUTE,220.0,868.0,39.0,43.0,46.0,1502,manual,53.0,31.0
429,COMPUTE,39.0,912.0,39.0,43.0,46.0,300,manual,0.0,0.0
430,COMPUTE,353.0,918.0,42.0,54.0,55.0,1430,manual,100.0,40.0
431,COMPUTE,268.0,900.0,42.0,56.0,56.0,1472,manual,100.0,42.0
432,COMPUTE,266.0,881.0,41.0,52.0,53.0,1472,manual,99.0,34.0
433,COMPUTE,292.0,887.0,41.0,50.0,52.0,1502,manual,86.0,25.0
434,COMPUTE,232.0,900.0,40.0,47.0,50.0,1502,manual,91.0,34.0
435,COMPUTE,316.0,887.0,39.0,44.0,48.0,1472,manual,96.0,48.0
436,COMPUTE,258.0,668.0,42.0,55.0,56.0,1430,manual,100.0,47.0
437,COMPUTE,293.0,668.0,42.0,53.0,54.0,1472,manual,100.0,58.0
438,COMPUTE,324.0,900.0,41.0,53.0,54.0,1430,manual,100.0,42.0
439,COMPUTE,39.0,662.0,40.0,45.0,47.0,300,manual,0.0,0.0
440,COMPUTE,251.0,881.0,42.0,55.0,54.0,1502,manual,99.0,43.0
441,COMPUTE,40.0,668.0,41.0,46.0,50.0,300,manual,0.0,0.0
442,COMPUTE,39.0,662.0,40.0,46.0,49.0,300,manual,0.0,0.0
443,COMPUTE,41.0,925.0,41.0,47.0,49.0,300,manual,0.0,0.0
444,COMPUTE,42.0,662.0,41.0,51.0,51.0,300,manual,0.0,0.0
445,COMPUTE,257.0,662.0,41.0,53.0,54.0,1472,manual,100.0,32.0
446,COMPUTE,285.0,912.0,41.0,53.0,54.0,1472,manual,100.0,45.0
447,COMPUTE,40.0,668.0,39.0,44.0,48.0,300,manual,0.0,0.0
448,COMPUTE,39.0,662.0,39.0,44.0,48.0,300,manual,0.0,0.0
449,COMPUTE,283.0,893.0,42.0,54.0,53.0,1502,manual,99.0,33.0
450,COMPUTE,321.0,881.0,40.0,49.0,51.0,1472,manual,92.0,50.0
451,COMPUTE,316.0,900.0,39.0,47.0,50.0,1472,manual,98.0,43.0
452,COMPUTE,291.0,881.0,39.0,43.0,48.0,1502,manual,89.0,27.0
453,COMPUTE,276.0,662.0,42.0,54.0,55.0,1472,manual,100.0,41.0
454,COMPUTE,250.0,875.0,41.0,53.0,54.0,1472,manual,100.0,43.0
455,COMPUTE,39.0,893.0,39.0,43.0,48.0,300,manual,0.0,0.0
456,COMPUTE,39.0,662.0,39.0,43.0,46.0,300,manual,0.0,0.0
457,COMPUTE,39.0,668.0,39.0,43.0,47.0,300,manual,0.0,0.0
458,COMPUTE,315.0,868.0,41.0,54.0,54.0,1472,manual,99.0,44.0
459,COMPUTE,230.0,906.0,39.0,48.0,51.0,1502,manual,87.0,27.0
460,COMPUTE,41.0,662.0,40.0,47.0,51.0,300,manual,0.0,0.0
461,COMPUTE,313.0,918.0,40.0,52.0,54.0,1472,manual,96.0,28.0
462,COMPUTE,54.0,906.0,41.0,55.0,56.0,1502,manual,16.0,6.0
463,COMPUTE,39.0,906.0,39.0,43.0,48.0,300,manual,0.0,0.0
464,COMPUTE,39.0,906.0,39.0,43.0,47.0,300,manual,0.0,0.0
465,COMPUTE,239.0,875.0,41.0,54.0,54.0,1430,manual,100.0,38.0
466,COMPUTE,235.0,906.0,41.0,51.0,52.0,1502,manual,85.0,27.0
467,COMPUTE,320.0,893.0,42.0,55.0,54.0,1472,manual,92.0,36.0
468,COMPUTE,318.0,925.0,42.0,55.0,54.0,1472,manual,87.0,37.0
469,COMPUTE,322.0,875.0,42.0,56.0,54.0,1472,manual,92.0,39.0
470,COMPUTE,327.0,906.0,42.0,55.0,54.0,1472,manual,92.0,42.0
471,COMPUTE,274.0,906.0,42.0,56.0,54.0,1502,manual,91.0,25.0
472,COMPUTE,243.0,868.0,42.0,57.0,55.0,1502,manual,82.0,27.0
473,COMPUTE,93.0,875.0,43.0,57.0,55.0,1502,manual,58.0,5.0
474,COMPUTE,247.0,906.0,43.0,57.0,55.0,1502,manual,86.0,39.0
475,COMPUTE,261.0,906.0,43.0,57.0,54.0,1502,manual,89.0,43.0
476,COMPUTE,204.0,893.0,43.0,57.0,55.0,1502,manual,88.0,38.0
477,COMPUTE,313.0,893.0,43.0,57.0,55.0,1472,manual,94.0,37.0
478,COMPUTE,316.0,900.0,43.0,57.0,55.0,1472,manual,94.0,44.0
479,COMPUTE,310.0,912.0,43.0,57.0,55.0,1472,manual,94.0,38.0
480,COMPUTE,263.0,912.0,44.0,58.0,55.0,1472,manual,90.0,45.0
481,COMPUTE,327.0,906.0,44.0,57.0,56.0,1430,manual,96.0,26.0
482,COMPUTE,239.0,906.0,44.0,58.0,55.0,1502,manual,83.0,31.0
483,COMPUTE,231.0,906.0,44.0,58.0,56.0,1502,manual,86.0,32.0
484,COMPUTE,238.0,918.0,44.0,58.0,55.0,1502,manual,89.0,42.0
485,COMPUTE,309.0,912.0,44.0,58.0,55.0,1472,manual,93.0,32.0
486,COMPUTE,320.0,906.0,44.0,58.0,56.0,1472,manual,90.0,26.0
487,COMPUTE,214.0,906.0,44.0,58.0,56.0,1502,manual,86.0,26.0
488,COMPUTE,229.0,881.0,44.0,58.0,56.0,1502,manual,83.0,30.0
489,COMPUTE,261.0,893.0,44.0,58.0,56.0,1502,manual,90.0,39.0
490,COMPUTE,328.0,925.0,44.0,58.0,55.0,1472,manual,89.0,24.0
491,COMPUTE,144.0,881.0,44.0,58.0,55.0,1502,manual,67.0,12.0
492,COMPUTE,357.0,850.0,44.0,56.0,55.0,1430,manual,100.0,40.0
493,COMPUTE,245.0,875.0,44.0,58.0,56.0,1502,manual,89.0,24.0
494,COMPUTE,228.0,868.0,42.0,52.0,52.0,1502,manual,85.0,50.0
495,COMPUTE,231.0,931.0,42.0,49.0,52.0,1502,manual,92.0,44.0
496,COMPUTE,167.0,906.0,41.0,45.0,49.0,1502,manual,69.0,17.0
497,COMPUTE,279.0,662.0,44.0,57.0,56.0,1472,manual,100.0,58.0
498,COMPUTE,292.0,875.0,43.0,55.0,55.0,1472,manual,100.0,46.0
499,COMPUTE,274.0,881.0,44.0,57.0,57.0,1430,manual,100.0,52.0
500,COMPUTE,219.0,893.0,42.0,52.0,53.0,1502,manual,86.0,28.0
501,COMPUTE,253.0,893.0,43.0,57.0,56.0,1502,manual,89.0,47.0
502,COMPUTE,227.0,906.0,41.0,47.0,51.0,1502,manual,85.0,34.0
503,COMPUTE,40.0,893.0,41.0,44.0,48.0,300,manual,0.0,0.0
504,COMPUTE,39.0,925.0,41.0,45.0,47.0,300,manual,0.0,0.0
505,COMPUTE,292.0,881.0,43.0,56.0,55.0,1430,manual,100.0,44.0
506,COMPUTE,56.0,662.0,42.0,46.0,49.0,300,manual,0.0,0.0
507,COMPUTE,291.0,875.0,43.0,56.0,56.0,1502,manual,95.0,36.0
508,COMPUTE,233.0,875.0,41.0,51.0,53.0,1502,manual,91.0,39.0
509,COMPUTE,332.0,912.0,43.0,56.0,56.0,1472,manual,95.0,52.0
510,COMPUTE,267.0,881.0,41.0,46.0,49.0,1502,manual,89.0,25.0
511,COMPUTE,340.0,893.0,43.0,56.0,56.0,1430,manual,100.0,42.0
512,COMPUTE,39.0,906.0,41.0,45.0,48.0,300,manual,0.0,0.0
513,COMPUTE,280.0,862.0,43.0,56.0,56.0,1430,manual,100.0,48.0
514,COMPUTE,286.0,875.0,44.0,57.0,56.0,1472,manual,100.0,45.0
515,COMPUTE,200.0,881.0,44.0,58.0,56.0,1502,manual,86.0,38.0
516,COMPUTE,304.0,875.0,44.0,58.0,57.0,1472,manual,97.0,41.0
517,COMPUTE,44.0,662.0,43.0,52.0,54.0,300,manual,0.0,0.0
518,COMPUTE,44.0,662.0,44.0,55.0,57.0,300,manual,4.0,0.0
519,COMPUTE,282.0,668.0,43.0,54.0,56.0,1472,manual,100.0,55.0
520,COMPUTE,300.0,881.0,42.0,54.0,55.0,1430,manual,100.0,37.0
521,COMPUTE,40.0,662.0,41.0,46.0,50.0,300,manual,0.0,0.0
522,COMPUTE,266.0,906.0,43.0,56.0,55.0,1502,manual,88.0,31.0
523,COMPUTE,42.0,662.0,42.0,49.0,51.0,300,manual,0.0,0.0
524,COMPUTE,41.0,662.0,42.0,51.0,52.0,300,manual,0.0,0.0
525,COMPUTE,269.0,662.0,43.0,55.0,56.0,1430,manual,100.0,45.0
526,COMPUTE,258.0,662.0,42.0,54.0,55.0,1430,manual,100.0,44.0
527,COMPUTE,325.0,893.0,42.0,53.0,54.0,1472,manual,100.0,52.0
528,COMPUTE,294.0,906.0,43.0,56.0,56.0,1472,manual,100.0,52.0
529,COMPUTE,223.0,875.0,43.0,57.0,55.0,1502,manual,88.0,28.0
530,COMPUTE,252.0,843.0,43.0,57.0,57.0,1502,manual,89.0,26.0
531,COMPUTE,313.0,850.0,42.0,49.0,52.0,1472,manual,97.0,33.0
532,COMPUTE,43.0,668.0,43.0,53.0,54.0,300,manual,0.0,0.0
533,COMPUTE,288.0,668.0,42.0,55.0,56.0,1430,manual,100.0,50.0
534,COMPUTE,296.0,662.0,42.0,54.0,55.0,1472,manual,100.0,34.0
535,COMPUTE,240.0,856.0,42.0,53.0,55.0,1472,manual,100.0,53.0
536,COMPUTE,284.0,893.0,42.0,53.0,53.0,1472,manual,100.0,37.0
537,COMPUTE,273.0,893.0,43.0,56.0,56.0,1502,manual,99.0,49.0
538,COMPUTE,264.0,906.0,43.0,57.0,56.0,1472,manual,93.0,48.0
539,COMPUTE,298.0,918.0,41.0,49.0,51.0,1472,manual,94.0,47.0
540,COMPUTE,286.0,906.0,43.0,56.0,56.0,1502,manual,88.0,29.0
541,COMPUTE,319.0,900.0,43.0,57.0,56.0,1430,manual,100.0,39.0
542,COMPUTE,39.0,925.0,41.0,45.0,49.0,300,manual,0.0,0.0
543,COMPUTE,284.0,893.0,43.0,56.0,57.0,1430,manual,100.0,45.0
544,COMPUTE,299.0,875.0,42.0,54.0,55.0,1472,manual,100.0,37.0
545,COMPUTE,242.0,900.0,41.0,51.0,53.0,1502,manual,97.0,35.0
546,COMPUTE,221.0,875.0,41.0,50.0,52.0,1502,manual,85.0,45.0
547,COMPUTE,43.0,662.0,42.0,50.0,53.0,300,manual,0.0,0.0
548,COMPUTE,234.0,893.0,42.0,55.0,55.0,1502,manual,87.0,24.0
549,COMPUTE,347.0,662.0,43.0,57.0,57.0,1430,manual,100.0,38.0
550,COMPUTE,246.0,906.0,42.0,54.0,55.0,1472,manual,100.0,35.0
551,COMPUTE,287.0,843.0,43.0,56.0,57.0,1430,manual,100.0,47.0
552,COMPUTE,275.0,906.0,43.0,57.0,57.0,1472,manual,100.0,32.0
553,COMPUTE,41.0,662.0,42.0,47.0,51.0,300,manual,0.0,0.0
554,COMPUTE,41.0,662.0,42.0,47.0,51.0,300,manual,0.0,0.0
555,COMPUTE,256.0,906.0,42.0,55.0,56.0,1502,manual,89.0,31.0
556,COMPUTE,235.0,918.0,40.0,45.0,49.0,1502,manual,88.0,27.0
557,COMPUTE,272.0,893.0,43.0,56.0,57.0,1472,manual,100.0,52.0
558,COMPUTE,40.0,912.0,41.0,45.0,49.0,300,manual,0.0,0.0
559,COMPUTE,298.0,875.0,43.0,56.0,56.0,1430,manual,100.0,50.0
560,COMPUTE,286.0,906.0,42.0,53.0,54.0,1472,manual,100.0,48.0
561,COMPUTE,39.0,662.0,41.0,46.0,50.0,300,manual,0.0,0.0
562,COMPUTE,305.0,862.0,43.0,55.0,55.0,1472,manual,95.0,34.0
563,COMPUTE,247.0,875.0,41.0,49.0,52.0,1502,manual,90.0,53.0
564,COMPUTE,316.0,931.0,41.0,47.0,50.0,1472,manual,93.0,52.0
565,COMPUTE,322.0,893.0,40.0,44.0,47.0,1472,manual,93.0,50.0
566,COMPUTE,254.0,906.0,42.0,56.0,56.0,1472,manual,100.0,36.0
567,COMPUTE,39.0,875.0,40.0,44.0,49.0,300,manual,0.0,0.0
568,COMPUTE,290.0,887.0,42.0,55.0,56.0,1472,manual,100.0,38.0
569,COMPUTE,255.0,893.0,43.0,56.0,57.0,1472,manual,100.0,51.0
570,COMPUTE,312.0,862.0,43.0,57.0,56.0,1502,manual,92.0,30.0
571,COMPUTE,42.0,662.0,42.0,49.0,52.0,300,manual,0.0,0.0
572,COMPUTE,247.0,900.0,43.0,55.0,56.0,1502,manual,83.0,29.0
573,COMPUTE,44.0,668.0,43.0,57.0,56.0,300,manual,0.0,0.0
574,COMPUTE,341.0,662.0,43.0,55.0,56.0,1472,manual,100.0,46.0
575,COMPUTE,247.0,925.0,42.0,54.0,55.0,1472,manual,100.0,53.0
576,COMPUTE,291.0,875.0,43.0,56.0,55.0,1430,manual,100.0,43.0
577,COMPUTE,334.0,875.0,43.0,57.0,56.0,1472,manual,92.0,43.0
578,COMPUTE,295.0,868.0,42.0,51.0,52.0,1502,manual,89.0,29.0
579,COMPUTE,312.0,900.0,40.0,48.0,51.0,1472,manual,97.0,28.0
580,COMPUTE,324.0,925.0,43.0,56.0,56.0,1502,manual,82.0,45.0
581,COMPUTE,259.0,893.0,43.0,57.0,57.0,1472,manual,100.0,33.0
582,COMPUTE,255.0,925.0,43.0,57.0,57.0,1472,manual,100.0,54.0
583,COMPUTE,299.0,856.0,44.0,58.0,57.0,1472,manual,100.0,43.0
584,COMPUTE,286.0,875.0,42.0,53.0,54.0,1502,manual,99.0,42.0
585,COMPUTE,325.0,925.0,43.0,56.0,55.0,1472,manual,92.0,41.0
586,COMPUTE,282.0,900.0,43.0,57.0,55.0,1472,manual,89.0,40.0
587,COMPUTE,275.0,925.0,44.0,57.0,55.0,1472,manual,92.0,27.0
588,COMPUTE,283.0,881.0,44.0,57.0,56.0,1502,manual,84.0,30.0
589,COMPUTE,246.0,912.0,43.0,58.0,55.0,1502,manual,82.0,33.0
590,COMPUTE,75.0,881.0,44.0,58.0,56.0,1502,manual,37.0,8.0
591,COMPUTE,325.0,925.0,44.0,58.0,56.0,1472,manual,95.0,38.0
592,COMPUTE,241.0,893.0,44.0,58.0,56.0,1502,manual,87.0,40.0
593,COMPUTE,292.0,893.0,44.0,58.0,56.0,1502,manual,83.0,24.0
594,COMPUTE,241.0,906.0,44.0,58.0,56.0,1502,manual,87.0,25.0
595,COMPUTE,336.0,881.0,44.0,58.0,56.0,1472,manual,93.0,40.0
596,COMPUTE,327.0,887.0,45.0,58.0,56.0,1472,manual,95.0,29.0
597,COMPUTE,253.0,906.0,44.0,59.0,56.0,1502,manual,88.0,23.0
598,COMPUTE,249.0,906.0,44.0,59.0,56.0,1502,manual,90.0,25.0
599,COMPUTE,303.0,906.0,45.0,58.0,57.0,1472,manual,92.0,37.0
600,COMPUTE,192.0,843.0,45.0,59.0,57.0,1502,manual,85.0,35.0
601,COMPUTE,218.0,925.0,45.0,59.0,56.0,1502,manual,82.0,23.0
602,COMPUTE,255.0,906.0,44.0,59.0,57.0,1472,manual,91.0,34.0
603,COMPUTE,344.0,931.0,45.0,58.0,56.0,1472,manual,93.0,27.0
604,COMPUTE,290.0,875.0,45.0,59.0,56.0,1502,manual,84.0,33.0
605,COMPUTE,281.0,937.0,45.0,59.0,56.0,1472,manual,88.0,8.0
606,COMPUTE,302.0,906.0,45.0,59.0,56.0,1472,manual,91.0,44.0
607,COMPUTE,322.0,906.0,45.0,59.0,57.0,1472,manual,96.0,32.0
608,COMPUTE,242.0,912.0,45.0,59.0,56.0,1502,manual,86.0,25.0
609,COMPUTE,334.0,900.0,45.0,60.0,56.0,1472,manual,95.0,46.0
610,COMPUTE,256.0,668.0,45.0,59.0,57.0,1502,manual,94.0,38.0
611,COMPUTE,254.0,868.0,45.0,57.0,57.0,1502,manual,91.0,39.0
612,COMPUTE,295.0,662.0,46.0,59.0,59.0,1430,manual,100.0,40.0
613,COMPUTE,292.0,893.0,44.0,57.0,56.0,1430,manual,100.0,51.0
614,COMPUTE,40.0,662.0,43.0,47.0,50.0,300,manual,0.0,0.0
615,COMPUTE,42.0,662.0,42.0,48.0,50.0,300,manual,0.0,0.0
616,COMPUTE,215.0,893.0,44.0,57.0,57.0,1502,manual,88.0,29.0
617,COMPUTE,341.0,900.0,45.0,58.0,58.0,1472,manual,94.0,28.0
618,COMPUTE,44.0,662.0,45.0,59.0,58.0,300,manual,0.0,0.0
619,COMPUTE,242.0,906.0,45.0,56.0,57.0,1430,manual,100.0,39.0
620,COMPUTE,252.0,906.0,45.0,58.0,59.0,1472,manual,100.0,42.0
621,COMPUTE,273.0,856.0,45.0,59.0,59.0,1472,manual,100.0,53.0
622,COMPUTE,289.0,875.0,43.0,55.0,55.0,1472,manual,99.0,39.0
623,COMPUTE,251.0,893.0,43.0,53.0,53.0,1502,manual,91.0,32.0
624,COMPUTE,308.0,906.0,45.0,57.0,56.0,1472,manual,95.0,46.0
625,COMPUTE,44.0,662.0,45.0,56.0,56.0,300,manual,0.0,0.0
626,COMPUTE,275.0,912.0,44.0,56.0,57.0,1472,manual,100.0,52.0
627,COMPUTE,288.0,668.0,45.0,59.0,58.0,1430,manual,100.0,55.0
628,COMPUTE,243.0,862.0,44.0,55.0,56.0,1430,manual,100.0,37.0
629,COMPUTE,329.0,900.0,45.0,58.0,57.0,1430,manual,100.0,38.0
630,COMPUTE,204.0,875.0,45.0,59.0,57.0,1502,manual,93.0,29.0
631,COMPUTE,316.0,831.0,43.0,53.0,54.0,1472,manual,96.0,50.0
632,COMPUTE,293.0,937.0,45.0,58.0,58.0,1502,manual,92.0,33.0
633,COMPUTE,273.0,906.0,45.0,59.0,59.0,1472,manual,100.0,53.0
634,COMPUTE,41.0,893.0,42.0,46.0,51.0,300,manual,0.0,0.0
635,COMPUTE,40.0,662.0,42.0,46.0,50.0,300,manual,0.0,0.0
636,COMPUTE,261.0,856.0,44.0,57.0,57.0,1430,manual,100.0,33.0
637,COMPUTE,43.0,662.0,43.0,49.0,53.0,300,manual,0.0,0.0
638,COMPUTE,315.0,906.0,44.0,56.0,57.0,1472,manual,92.0,50.0
639,COMPUTE,252.0,906.0,42.0,47.0,50.0,1502,manual,93.0,34.0
640,COMPUTE,113.0,662.0,45.0,57.0,58.0,1502,manual,56.0,25.0
641,COMPUTE,346.0,925.0,44.0,55.0,56.0,1430,manual,100.0,35.0
642,COMPUTE,40.0,925.0,42.0,46.0,50.0,300,manual,0.0,0.0
643,COMPUTE,292.0,850.0,44.0,57.0,57.0,1472,manual,100.0,39.0
644,COMPUTE,320.0,875.0,44.0,58.0,57.0,1472,manual,94.0,37.0
645,COMPUTE,231.0,850.0,42.0,52.0,54.0,1502,manual,92.0,39.0
646,COMPUTE,340.0,887.0,42.0,48.0,52.0,1472,manual,91.0,28.0
647,COMPUTE,90.0,881.0,44.0,57.0,58.0,1502,manual,27.0,3.0
648,COMPUTE,239.0,662.0,44.0,58.0,58.0,1404,manual,100.0,49.0
649,COMPUTE,237.0,893.0,43.0,55.0,56.0,1430,manual,100.0,48.0
650,COMPUTE,40.0,668.0,42.0,47.0,50.0,300,manual,0.0,0.0
651,COMPUTE,271.0,850.0,44.0,57.0,55.0,1502,manual,99.0,53.0
652,COMPUTE,283.0,881.0,45.0,58.0,56.0,1502,manual,92.0,42.0
653,COMPUTE,240.0,906.0,43.0,50.0,53.0,1502,manual,88.0,33.0
654,COMPUTE,238.0,893.0,42.0,46.0,50.0,1502,manual,88.0,50.0
655,COMPUTE,294.0,668.0,44.0,57.0,58.0,1430,manual,100.0,55.0
656,COMPUTE,297.0,900.0,43.0,55.0,56.0,1472,manual,100.0,38.0
657,COMPUTE,293.0,875.0,44.0,57.0,58.0,1430,manual,100.0,56.0
658,COMPUTE,291.0,881.0,44.0,58.0,57.0,1472,manual,100.0,48.0
659,COMPUTE,231.0,893.0,45.0,58.0,58.0,1502,manual,90.0,26.0
660,COMPUTE,212.0,906.0,45.0,58.0,58.0,1502,manual,86.0,47.0
661,COMPUTE,255.0,893.0,42.0,48.0,52.0,1502,manual,89.0,42.0
662,COMPUTE,75.0,662.0,45.0,57.0,58.0,1502,manual,44.0,5.0
663,COMPUTE,279.0,925.0,43.0,55.0,57.0,1430,manual,100.0,53.0
664,COMPUTE,39.0,662.0,42.0,47.0,51.0,300,manual,0.0,0.0
665,COMPUTE,303.0,850.0,44.0,57.0,57.0,1502,manual,99.0,51.0
666,COMPUTE,43.0,662.0,43.0,49.0,51.0,300,manual,0.0,0.0
667,COMPUTE,42.0,925.0,42.0,50.0,53.0,300,manual,0.0,0.0
668,COMPUTE,230.0,912.0,43.0,55.0,56.0,1502,manual,78.0,40.0
669,COMPUTE,287.0,668.0,44.0,57.0,58.0,1430,manual,100.0,35.0
670,COMPUTE,292.0,918.0,43.0,55.0,56.0,1472,manual,100.0,34.0
671,COMPUTE,281.0,875.0,44.0,57.0,57.0,1430,manual,100.0,42.0
672,COMPUTE,248.0,868.0,43.0,53.0,54.0,1502,manual,99.0,49.0
673,COMPUTE,238.0,893.0,43.0,57.0,57.0,1502,manual,87.0,47.0
674,COMPUTE,44.0,662.0,44.0,53.0,55.0,300,manual,0.0,0.0
675,COMPUTE,91.0,893.0,44.0,56.0,57.0,1502,manual,57.0,21.0
676,COMPUTE,285.0,912.0,44.0,57.0,58.0,1430,manual,100.0,56.0
677,COMPUTE,41.0,925.0,42.0,46.0,50.0,300,manual,0.0,0.0
678,COMPUTE,294.0,906.0,44.0,57.0,57.0,1472,manual,100.0,40.0
679,COMPUTE,258.0,900.0,44.0,57.0,57.0,1502,manual,99.0,46.0
680,COMPUTE,305.0,893.0,44.0,59.0,57.0,1472,manual,93.0,40.0
681,COMPUTE,240.0,881.0,45.0,58.0,58.0,1502,manual,91.0,42.0
682,COMPUTE,270.0,893.0,45.0,58.0,57.0,1502,manual,88.0,48.0
683,COMPUTE,296.0,662.0,45.0,59.0,58.0,1430,manual,100.0,33.0
684,COMPUTE,261.0,912.0,44.0,56.0,57.0,1430,manual,100.0,38.0
685,COMPUTE,286.0,875.0,45.0,58.0,58.0,1472,manual,100.0,57.0
686,COMPUTE,311.0,875.0,43.0,54.0,54.0,1430,manual,99.0,49.0
687,COMPUTE,318.0,881.0,44.0,57.0,56.0,1472,manual,96.0,29.0
688,COMPUTE,226.0,931.0,45.0,58.0,57.0,1502,manual,89.0,23.0
689,COMPUTE,77.0,893.0,45.0,58.0,59.0,1502,manual,85.0,33.0
690,COMPUTE,40.0,906.0,42.0,47.0,50.0,300,manual,0.0,0.0
691,COMPUTE,303.0,912.0,45.0,58.0,57.0,1472,manual,100.0,38.0
692,COMPUTE,239.0,875.0,44.0,58.0,58.0,1472,manual,100.0,37.0
693,COMPUTE,291.0,837.0,43.0,54.0,55.0,1502,manual,93.0,30.0
694,COMPUTE,233.0,893.0,45.0,57.0,57.0,1502,manual,85.0,35.0
695,COMPUTE,43.0,668.0,45.0,56.0,56.0,300,manual,0.0,0.0
696,COMPUTE,293.0,912.0,44.0,56.0,57.0,1472,manual,100.0,33.0
697,COMPUTE,323.0,668.0,44.0,58.0,58.0,1472,manual,100.0,53.0
698,COMPUTE,247.0,893.0,44.0,58.0,56.0,1502,manual,86.0,35.0
699,COMPUTE,328.0,900.0,45.0,58.0,57.0,1472,manual,96.0,29.0
700,COMPUTE,282.0,893.0,45.0,59.0,57.0,1502,manual,89.0,44.0
701,COMPUTE,321.0,925.0,46.0,58.0,57.0,1472,manual,95.0,41.0
702,COMPUTE,251.0,906.0,45.0,59.0,57.0,1502,manual,87.0,31.0
703,COMPUTE,78.0,906.0,45.0,59.0,57.0,1502,manual,41.0,6.0
704,COMPUTE,213.0,887.0,45.0,59.0,57.0,1502,manual,88.0,38.0
705,COMPUTE,302.0,893.0,45.0,59.0,57.0,1472,manual,92.0,37.0
706,COMPUTE,311.0,850.0,45.0,59.0,57.0,1472,manual,89.0,36.0
707,COMPUTE,315.0,925.0,46.0,59.0,57.0,1472,manual,89.0,36.0
708,COMPUTE,319.0,925.0,45.0,59.0,57.0,1430,manual,97.0,27.0
709,COMPUTE,322.0,893.0,45.0,59.0,56.0,1472,manual,95.0,26.0
710,COMPUTE,275.0,906.0,46.0,60.0,58.0,1502,manual,72.0,33.0
711,COMPUTE,197.0,918.0,45.0,60.0,58.0,1502,manual,89.0,29.0
712,COMPUTE,316.0,881.0,46.0,60.0,57.0,1472,manual,89.0,42.0
713,COMPUTE,295.0,937.0,46.0,60.0,57.0,1472,manual,89.0,26.0
714,COMPUTE,243.0,893.0,46.0,60.0,57.0,1502,manual,90.0,35.0
715,COMPUTE,319.0,912.0,46.0,60.0,58.0,1472,manual,97.0,38.0
716,COMPUTE,317.0,900.0,46.0,60.0,57.0,1472,manual,92.0,38.0
717,COMPUTE,320.0,893.0,46.0,60.0,58.0,1472,manual,95.0,36.0
718,COMPUTE,294.0,912.0,46.0,60.0,58.0,1502,manual,86.0,30.0
719,COMPUTE,292.0,893.0,46.0,60.0,58.0,1502,manual,92.0,39.0
720,COMPUTE,240.0,881.0,46.0,61.0,58.0,1472,manual,89.0,29.0
721,COMPUTE,298.0,906.0,46.0,60.0,58.0,1472,manual,89.0,39.0
722,COMPUTE,269.0,893.0,46.0,60.0,58.0,1502,manual,91.0,41.0
723,COMPUTE,44.0,662.0,45.0,55.0,54.0,300,manual,0.0,0.0
724,COMPUTE,39.0,662.0,42.0,46.0,49.0,300,manual,0.0,0.0
725,COMPUTE,40.0,668.0,42.0,45.0,48.0,300,manual,0.0,0.0
726,COMPUTE,39.0,925.0,41.0,44.0,48.0,300,manual,0.0,0.0
