index,power_profile,power_usage,voltage,edge_temperature,junction_temperature,memory_temperature,sclk,performance,gpu_usage,memory_usage
0,COMPUTE,39.0,662.0,37.0,41.0,44.0,300,auto,0.0,0.0
1,COMPUTE,39.0,668.0,38.0,41.0,44.0,300,auto,0.0,0.0
2,COMPUTE,39.0,668.0,37.0,40.0,44.0,300,auto,0.0,0.0
3,COMPUTE,39.0,668.0,36.0,40.0,44.0,300,auto,0.0,0.0
4,COMPUTE,39.0,668.0,36.0,40.0,43.0,300,auto,0.0,0.0
5,COMPUTE,39.0,662.0,37.0,40.0,43.0,300,auto,0.0,0.0
6,COMPUTE,39.0,662.0,36.0,40.0,43.0,300,auto,0.0,0.0
7,COMPUTE,39.0,662.0,36.0,39.0,43.0,300,auto,0.0,0.0
8,COMPUTE,39.0,662.0,36.0,39.0,43.0,300,auto,0.0,0.0
9,COMPUTE,39.0,668.0,35.0,39.0,42.0,300,auto,0.0,0.0
10,COMPUTE,39.0,662.0,35.0,39.0,42.0,300,auto,0.0,0.0
11,COMPUTE,39.0,662.0,35.0,38.0,42.0,300,auto,0.0,0.0
12,COMPUTE,39.0,668.0,34.0,38.0,42.0,300,auto,0.0,0.0
13,COMPUTE,39.0,662.0,34.0,37.0,42.0,300,auto,0.0,0.0
14,COMPUTE,39.0,662.0,34.0,38.0,42.0,300,auto,0.0,0.0
15,COMPUTE,39.0,662.0,34.0,37.0,41.0,300,auto,0.0,0.0
16,COMPUTE,39.0,662.0,34.0,37.0,41.0,300,auto,0.0,0.0
17,COMPUTE,39.0,668.0,33.0,37.0,41.0,300,auto,0.0,0.0
18,COMPUTE,39.0,668.0,33.0,37.0,41.0,300,auto,0.0,0.0
19,COMPUTE,39.0,662.0,33.0,37.0,40.0,300,auto,0.0,0.0
20,COMPUTE,39.0,662.0,33.0,36.0,41.0,300,auto,0.0,0.0
21,COMPUTE,39.0,668.0,33.0,36.0,40.0,300,auto,0.0,0.0
22,COMPUTE,52.0,668.0,32.0,36.0,40.0,300,auto,1.0,0.0
23,COMPUTE,43.0,668.0,32.0,36.0,40.0,300,auto,0.0,0.0
24,COMPUTE,39.0,662.0,32.0,36.0,40.0,300,auto,0.0,0.0
25,COMPUTE,39.0,662.0,32.0,36.0,40.0,300,auto,0.0,0.0
26,COMPUTE,39.0,675.0,32.0,35.0,39.0,300,auto,0.0,0.0
27,COMPUTE,38.0,912.0,31.0,35.0,39.0,300,auto,0.0,1.0
28,COMPUTE,62.0,662.0,31.0,35.0,39.0,1502,auto,2.0,0.0
29,COMPUTE,55.0,843.0,32.0,35.0,40.0,300,auto,1.0,0.0
30,COMPUTE,38.0,918.0,31.0,35.0,39.0,300,auto,0.0,0.0
31,COMPUTE,39.0,668.0,31.0,35.0,39.0,300,auto,0.0,0.0
32,COMPUTE,39.0,662.0,31.0,35.0,39.0,300,auto,0.0,0.0
33,COMPUTE,39.0,662.0,31.0,35.0,39.0,300,auto,0.0,0.0
34,COMPUTE,53.0,662.0,31.0,35.0,39.0,300,auto,1.0,1.0
35,COMPUTE,38.0,668.0,31.0,35.0,39.0,300,auto,0.0,0.0
36,COMPUTE,42.0,912.0,31.0,34.0,38.0,1502,auto,0.0,0.0
37,COMPUTE,51.0,662.0,31.0,34.0,39.0,300,auto,1.0,1.0
38,COMPUTE,52.0,918.0,31.0,34.0,38.0,1502,auto,4.0,2.0
39,COMPUTE,39.0,925.0,30.0,34.0,38.0,300,auto,0.0,0.0
40,COMPUTE,127.0,675.0,30.0,34.0,38.0,1502,auto,62.0,3.0
41,COMPUTE,66.0,925.0,30.0,34.0,38.0,1502,auto,2.0,1.0
42,COMPUTE,37.0,906.0,30.0,34.0,38.0,300,auto,0.0,0.0
43,COMPUTE,48.0,662.0,31.0,36.0,39.0,1502,auto,4.0,1.0
44,COMPUTE,52.0,706.0,31.0,35.0,39.0,300,auto,1.0,0.0
45,COMPUTE,43.0,675.0,30.0,34.0,38.0,1502,auto,7.0,0.0
46,COMPUTE,293.0,893.0,32.0,47.0,48.0,1472,auto,100.0,30.0
47,COMPUTE,285.0,868.0,34.0,50.0,50.0,1430,auto,100.0,36.0
48,COMPUTE,283.0,868.0,35.0,51.0,51.0,1472,auto,100.0,31.0
49,COMPUTE,287.0,862.0,35.0,52.0,51.0,1430,auto,100.0,36.0
50,COMPUTE,253.0,862.0,36.0,49.0,49.0,1502,auto,100.0,16.0
51,COMPUTE,294.0,893.0,36.0,52.0,53.0,1472,auto,100.0,29.0
52,COMPUTE,283.0,893.0,37.0,53.0,53.0,1430,auto,100.0,34.0
53,COMPUTE,287.0,893.0,37.0,54.0,53.0,1430,auto,100.0,36.0
54,COMPUTE,295.0,893.0,37.0,53.0,54.0,1472,auto,99.0,29.0
55,COMPUTE,249.0,912.0,37.0,51.0,51.0,1502,auto,100.0,15.0
56,COMPUTE,293.0,862.0,37.0,54.0,53.0,1430,auto,100.0,34.0
57,COMPUTE,295.0,887.0,38.0,54.0,54.0,1472,auto,99.0,29.0
58,COMPUTE,296.0,893.0,38.0,55.0,54.0,1430,auto,100.0,32.0
59,COMPUTE,299.0,868.0,38.0,55.0,54.0,1430,auto,100.0,34.0
60,COMPUTE,251.0,912.0,39.0,53.0,52.0,1502,auto,100.0,14.0
61,COMPUTE,302.0,862.0,39.0,55.0,55.0,1430,auto,100.0,36.0
62,COMPUTE,295.0,893.0,39.0,54.0,56.0,1430,auto,100.0,30.0
63,COMPUTE,287.0,881.0,40.0,56.0,56.0,1430,auto,100.0,35.0
64,COMPUTE,283.0,862.0,40.0,56.0,56.0,1472,auto,100.0,34.0
65,COMPUTE,281.0,912.0,40.0,55.0,56.0,1502,auto,100.0,44.0
66,COMPUTE,286.0,893.0,40.0,56.0,55.0,1430,auto,100.0,36.0
67,COMPUTE,297.0,893.0,40.0,56.0,56.0,1430,auto,100.0,29.0
68,COMPUTE,267.0,912.0,41.0,56.0,56.0,1502,auto,100.0,50.0
69,COMPUTE,297.0,868.0,41.0,57.0,56.0,1430,auto,100.0,35.0
70,COMPUTE,294.0,906.0,41.0,57.0,57.0,1472,auto,100.0,29.0
71,COMPUTE,285.0,893.0,41.0,56.0,56.0,1472,auto,100.0,31.0
72,COMPUTE,296.0,893.0,42.0,57.0,56.0,1430,auto,100.0,30.0
73,COMPUTE,312.0,912.0,41.0,57.0,56.0,1472,auto,100.0,33.0
74,COMPUTE,283.0,862.0,41.0,58.0,56.0,1472,auto,100.0,34.0
75,COMPUTE,294.0,931.0,41.0,58.0,57.0,1472,auto,100.0,29.0
76,COMPUTE,287.0,862.0,42.0,57.0,56.0,1430,auto,100.0,36.0
77,COMPUTE,281.0,893.0,42.0,57.0,57.0,1430,auto,100.0,28.0
78,COMPUTE,296.0,893.0,42.0,58.0,57.0,1430,auto,100.0,28.0
79,COMPUTE,297.0,868.0,42.0,58.0,57.0,1472,auto,100.0,35.0
80,COMPUTE,228.0,912.0,43.0,59.0,58.0,1502,auto,100.0,51.0
81,COMPUTE,283.0,893.0,42.0,57.0,56.0,1472,auto,99.0,32.0
82,COMPUTE,279.0,893.0,43.0,59.0,57.0,1472,auto,100.0,30.0
83,COMPUTE,281.0,893.0,42.0,59.0,59.0,1472,auto,100.0,29.0
84,COMPUTE,283.0,912.0,43.0,59.0,57.0,1502,auto,100.0,50.0
85,COMPUTE,296.0,868.0,43.0,59.0,57.0,1472,auto,100.0,32.0
86,COMPUTE,295.0,887.0,43.0,56.0,55.0,1472,auto,100.0,30.0
87,COMPUTE,296.0,862.0,43.0,59.0,57.0,1430,auto,100.0,31.0
88,COMPUTE,299.0,893.0,43.0,59.0,58.0,1472,auto,100.0,30.0
89,COMPUTE,283.0,893.0,43.0,60.0,58.0,1430,auto,100.0,34.0
90,COMPUTE,298.0,893.0,44.0,59.0,59.0,1472,auto,100.0,31.0
91,COMPUTE,253.0,893.0,44.0,57.0,56.0,1502,auto,100.0,16.0
92,COMPUTE,295.0,862.0,44.0,60.0,58.0,1430,auto,100.0,31.0
93,COMPUTE,289.0,862.0,44.0,60.0,60.0,1430,auto,100.0,37.0
94,COMPUTE,294.0,887.0,44.0,60.0,60.0,1430,auto,100.0,29.0
95,COMPUTE,279.0,893.0,44.0,61.0,60.0,1472,auto,100.0,30.0
96,COMPUTE,256.0,906.0,44.0,57.0,57.0,1502,auto,100.0,15.0
97,COMPUTE,300.0,862.0,44.0,60.0,59.0,1430,auto,100.0,34.0
98,COMPUTE,296.0,887.0,45.0,61.0,60.0,1472,auto,100.0,29.0
99,COMPUTE,284.0,862.0,45.0,60.0,60.0,1472,auto,100.0,31.0
100,COMPUTE,285.0,893.0,45.0,61.0,60.0,1472,auto,100.0,32.0
101,COMPUTE,295.0,912.0,45.0,61.0,60.0,1430,auto,100.0,30.0
102,COMPUTE,288.0,893.0,45.0,61.0,60.0,1430,auto,100.0,35.0
103,COMPUTE,278.0,893.0,45.0,61.0,61.0,1472,auto,100.0,31.0
104,COMPUTE,281.0,862.0,45.0,61.0,61.0,1472,auto,100.0,30.0
105,COMPUTE,282.0,893.0,45.0,61.0,61.0,1472,auto,100.0,29.0
106,COMPUTE,283.0,862.0,45.0,61.0,61.0,1430,auto,100.0,32.0
107,COMPUTE,299.0,887.0,45.0,60.0,59.0,1472,auto,100.0,32.0
108,COMPUTE,288.0,862.0,45.0,61.0,61.0,1430,auto,100.0,34.0
109,COMPUTE,248.0,893.0,45.0,61.0,61.0,1502,auto,100.0,50.0
110,COMPUTE,295.0,893.0,45.0,61.0,61.0,1430,auto,100.0,29.0
111,COMPUTE,297.0,862.0,45.0,61.0,61.0,1430,auto,100.0,32.0
112,COMPUTE,253.0,893.0,45.0,59.0,58.0,1502,auto,100.0,15.0
113,COMPUTE,297.0,868.0,45.0,61.0,60.0,1472,auto,100.0,30.0
114,COMPUTE,281.0,893.0,45.0,62.0,60.0,1472,auto,100.0,31.0
115,COMPUTE,272.0,912.0,46.0,62.0,61.0,1502,auto,100.0,50.0
116,COMPUTE,298.0,862.0,45.0,62.0,60.0,1430,auto,100.0,31.0
117,COMPUTE,258.0,912.0,46.0,59.0,58.0,1502,auto,100.0,16.0
118,COMPUTE,294.0,862.0,46.0,61.0,61.0,1472,auto,100.0,30.0
119,COMPUTE,298.0,868.0,46.0,62.0,61.0,1430,auto,100.0,31.0
120,COMPUTE,272.0,893.0,46.0,62.0,61.0,1502,auto,100.0,50.0
121,COMPUTE,301.0,862.0,47.0,62.0,61.0,1430,auto,100.0,32.0
122,COMPUTE,295.0,912.0,46.0,62.0,61.0,1430,auto,100.0,31.0
123,COMPUTE,43.0,668.0,44.0,50.0,53.0,300,auto,0.0,0.0
124,COMPUTE,49.0,662.0,42.0,46.0,50.0,300,auto,0.0,2.0
125,COMPUTE,40.0,662.0,42.0,45.0,48.0,300,auto,0.0,0.0
126,COMPUTE,40.0,662.0,41.0,44.0,48.0,300,auto,0.0,0.0
127,COMPUTE,39.0,662.0,41.0,44.0,47.0,300,auto,0.0,0.0
128,COMPUTE,59.0,662.0,40.0,43.0,47.0,1502,auto,5.0,0.0
129,COMPUTE,63.0,662.0,39.0,43.0,45.0,1502,auto,3.0,1.0
130,COMPUTE,39.0,662.0,39.0,43.0,45.0,300,auto,0.0,0.0
131,COMPUTE,39.0,668.0,39.0,42.0,46.0,300,auto,0.0,0.0
132,COMPUTE,39.0,668.0,38.0,42.0,44.0,300,auto,0.0,0.0
133,COMPUTE,39.0,662.0,38.0,42.0,45.0,300,auto,0.0,0.0
134,COMPUTE,39.0,668.0,38.0,41.0,44.0,300,auto,0.0,0.0
135,COMPUTE,39.0,662.0,37.0,41.0,43.0,300,auto,0.0,0.0
136,COMPUTE,39.0,668.0,37.0,41.0,43.0,300,auto,0.0,0.0
137,COMPUTE,39.0,662.0,36.0,40.0,43.0,300,auto,0.0,0.0
138,COMPUTE,39.0,668.0,36.0,40.0,42.0,300,auto,0.0,0.0
139,COMPUTE,39.0,662.0,36.0,39.0,42.0,300,auto,0.0,0.0
140,COMPUTE,39.0,662.0,36.0,39.0,42.0,300,auto,0.0,0.0
141,COMPUTE,39.0,662.0,35.0,39.0,43.0,300,auto,0.0,0.0
142,COMPUTE,39.0,662.0,35.0,38.0,41.0,300,auto,0.0,0.0
143,COMPUTE,39.0,918.0,35.0,39.0,41.0,300,auto,0.0,0.0
144,COMPUTE,64.0,918.0,34.0,38.0,41.0,1502,auto,2.0,0.0
145,COMPUTE,39.0,668.0,35.0,39.0,41.0,300,auto,0.0,0.0
146,COMPUTE,39.0,662.0,34.0,38.0,41.0,300,auto,0.0,0.0
147,COMPUTE,39.0,668.0,34.0,37.0,40.0,300,auto,0.0,0.0
148,COMPUTE,49.0,925.0,34.0,37.0,40.0,1502,auto,4.0,0.0
149,COMPUTE,58.0,918.0,33.0,37.0,40.0,1502,auto,1.0,1.0
150,COMPUTE,39.0,743.0,33.0,37.0,40.0,300,auto,0.0,0.0
151,COMPUTE,62.0,662.0,33.0,37.0,40.0,1502,auto,1.0,0.0
152,COMPUTE,39.0,662.0,33.0,37.0,40.0,300,auto,0.0,0.0
153,COMPUTE,70.0,925.0,32.0,37.0,40.0,1502,auto,3.0,1.0
154,COMPUTE,61.0,668.0,32.0,36.0,40.0,1502,auto,44.0,1.0
155,COMPUTE,53.0,918.0,32.0,36.0,40.0,1502,auto,5.0,0.0
156,COMPUTE,64.0,662.0,32.0,36.0,40.0,1502,auto,2.0,1.0
157,COMPUTE,65.0,662.0,32.0,36.0,40.0,1502,auto,3.0,2.0
158,COMPUTE,64.0,925.0,32.0,35.0,40.0,1502,auto,2.0,0.0
159,COMPUTE,38.0,662.0,32.0,35.0,39.0,300,auto,0.0,0.0
160,COMPUTE,38.0,918.0,32.0,35.0,40.0,300,auto,0.0,1.0
161,COMPUTE,39.0,662.0,31.0,35.0,39.0,300,auto,0.0,0.0
162,COMPUTE,46.0,918.0,31.0,35.0,39.0,300,auto,0.0,0.0
163,COMPUTE,41.0,662.0,31.0,35.0,39.0,1502,auto,6.0,0.0
164,COMPUTE,230.0,925.0,34.0,45.0,42.0,1502,auto,100.0,5.0
165,COMPUTE,285.0,906.0,32.0,41.0,45.0,1430,auto,100.0,41.0
166,COMPUTE,64.0,925.0,33.0,38.0,42.0,1502,auto,2.0,1.0
167,COMPUTE,51.0,668.0,32.0,35.0,40.0,300,auto,1.0,1.0
168,COMPUTE,295.0,893.0,34.0,47.0,46.0,1404,auto,100.0,23.0
169,COMPUTE,293.0,900.0,35.0,53.0,47.0,1472,auto,100.0,21.0
170,COMPUTE,286.0,887.0,36.0,54.0,46.0,1502,auto,100.0,17.0
171,COMPUTE,288.0,893.0,36.0,54.0,48.0,1502,auto,100.0,18.0
172,COMPUTE,292.0,900.0,37.0,55.0,49.0,1472,auto,100.0,23.0
173,COMPUTE,294.0,906.0,37.0,54.0,50.0,1472,auto,100.0,21.0
174,COMPUTE,286.0,906.0,38.0,55.0,49.0,1472,auto,100.0,20.0
175,COMPUTE,281.0,906.0,38.0,55.0,48.0,1502,auto,100.0,17.0
176,COMPUTE,291.0,887.0,38.0,56.0,50.0,1502,auto,100.0,17.0
177,COMPUTE,296.0,906.0,38.0,56.0,50.0,1472,auto,100.0,19.0
178,COMPUTE,297.0,893.0,39.0,56.0,51.0,1430,auto,100.0,23.0
179,COMPUTE,296.0,893.0,39.0,56.0,50.0,1472,auto,100.0,20.0
180,COMPUTE,288.0,893.0,39.0,57.0,49.0,1472,auto,100.0,20.0
181,COMPUTE,292.0,912.0,40.0,57.0,49.0,1472,auto,100.0,16.0
182,COMPUTE,298.0,912.0,40.0,56.0,50.0,1472,auto,99.0,21.0
183,COMPUTE,296.0,893.0,40.0,57.0,51.0,1430,auto,100.0,22.0
184,COMPUTE,286.0,906.0,40.0,57.0,50.0,1502,auto,100.0,21.0
185,COMPUTE,296.0,862.0,40.0,58.0,51.0,1472,auto,100.0,19.0
186,COMPUTE,132.0,775.0,40.0,54.0,54.0,1502,auto,100.0,0.0
187,COMPUTE,291.0,887.0,39.0,55.0,51.0,1472,auto,100.0,23.0
188,COMPUTE,294.0,893.0,40.0,58.0,52.0,1472,auto,100.0,29.0
189,COMPUTE,288.0,887.0,41.0,58.0,51.0,1472,auto,100.0,22.0
190,COMPUTE,281.0,862.0,41.0,59.0,51.0,1502,auto,100.0,18.0
191,COMPUTE,283.0,906.0,41.0,59.0,53.0,1472,auto,100.0,23.0
192,COMPUTE,299.0,893.0,42.0,58.0,53.0,1430,auto,99.0,22.0
193,COMPUTE,285.0,900.0,42.0,59.0,52.0,1502,auto,100.0,20.0
194,COMPUTE,283.0,862.0,42.0,60.0,52.0,1472,auto,100.0,18.0
195,COMPUTE,292.0,893.0,42.0,60.0,53.0,1472,auto,100.0,22.0
196,COMPUTE,294.0,887.0,42.0,60.0,54.0,1472,auto,99.0,21.0
197,COMPUTE,298.0,912.0,42.0,60.0,52.0,1472,auto,100.0,21.0
198,COMPUTE,289.0,893.0,42.0,59.0,53.0,1430,auto,100.0,24.0
199,COMPUTE,285.0,887.0,42.0,60.0,53.0,1430,auto,99.0,22.0
200,COMPUTE,286.0,900.0,43.0,60.0,52.0,1472,auto,100.0,20.0
201,COMPUTE,295.0,862.0,43.0,60.0,54.0,1472,auto,100.0,18.0
202,COMPUTE,205.0,912.0,43.0,60.0,54.0,1430,auto,100.0,23.0
203,COMPUTE,301.0,893.0,43.0,61.0,55.0,1430,auto,100.0,21.0
204,COMPUTE,286.0,893.0,43.0,61.0,53.0,1472,auto,100.0,21.0
205,COMPUTE,280.0,912.0,43.0,59.0,55.0,1502,auto,100.0,44.0
206,COMPUTE,65.0,862.0,41.0,47.0,49.0,1502,auto,2.0,0.0
207,COMPUTE,284.0,893.0,43.0,59.0,54.0,1472,auto,100.0,24.0
208,COMPUTE,270.0,906.0,43.0,61.0,55.0,1502,auto,100.0,26.0
209,COMPUTE,286.0,893.0,44.0,61.0,53.0,1502,auto,100.0,17.0
210,COMPUTE,285.0,862.0,44.0,62.0,55.0,1472,auto,100.0,20.0
211,COMPUTE,284.0,893.0,44.0,61.0,55.0,1430,auto,100.0,24.0
212,COMPUTE,297.0,906.0,44.0,62.0,54.0,1472,auto,100.0,16.0
213,COMPUTE,296.0,912.0,44.0,62.0,54.0,1472,auto,100.0,19.0
214,COMPUTE,278.0,893.0,44.0,61.0,54.0,1430,auto,100.0,23.0
215,COMPUTE,272.0,893.0,44.0,62.0,54.0,1502,auto,100.0,16.0
216,COMPUTE,285.0,887.0,44.0,62.0,55.0,1472,auto,100.0,18.0
217,COMPUTE,282.0,887.0,44.0,62.0,56.0,1502,auto,100.0,18.0
218,COMPUTE,288.0,893.0,45.0,62.0,56.0,1430,auto,100.0,23.0
219,COMPUTE,297.0,887.0,45.0,62.0,56.0,1472,auto,99.0,20.0
220,COMPUTE,288.0,893.0,45.0,62.0,56.0,1472,auto,100.0,20.0
221,COMPUTE,284.0,862.0,45.0,63.0,56.0,1472,auto,99.0,19.0
222,COMPUTE,299.0,887.0,45.0,62.0,56.0,1472,auto,100.0,22.0
223,COMPUTE,272.0,893.0,45.0,63.0,55.0,1502,auto,100.0,49.0
224,COMPUTE,287.0,906.0,45.0,63.0,56.0,1472,auto,100.0,19.0
225,COMPUTE,281.0,912.0,45.0,61.0,62.0,1502,auto,100.0,43.0
226,COMPUTE,295.0,912.0,43.0,55.0,54.0,1472,auto,100.0,19.0
227,COMPUTE,283.0,906.0,45.0,62.0,56.0,1472,auto,100.0,23.0
228,COMPUTE,287.0,887.0,45.0,63.0,56.0,1472,auto,100.0,20.0
229,COMPUTE,298.0,912.0,45.0,63.0,56.0,1472,auto,100.0,21.0
230,COMPUTE,306.0,906.0,45.0,61.0,56.0,1472,auto,99.0,23.0
231,COMPUTE,287.0,893.0,45.0,63.0,56.0,1472,auto,100.0,16.0
232,COMPUTE,296.0,862.0,46.0,63.0,56.0,1472,auto,100.0,18.0
233,COMPUTE,288.0,918.0,46.0,63.0,57.0,1430,auto,100.0,24.0
234,COMPUTE,300.0,893.0,46.0,63.0,57.0,1430,auto,100.0,22.0
235,COMPUTE,287.0,887.0,46.0,64.0,56.0,1472,auto,100.0,19.0
236,COMPUTE,288.0,862.0,46.0,64.0,57.0,1472,auto,100.0,18.0
237,COMPUTE,311.0,912.0,46.0,64.0,57.0,1472,auto,99.0,21.0
238,COMPUTE,286.0,893.0,46.0,63.0,57.0,1430,auto,100.0,23.0
239,COMPUTE,286.0,893.0,46.0,64.0,56.0,1472,auto,100.0,19.0
240,COMPUTE,294.0,893.0,46.0,64.0,57.0,1472,auto,100.0,22.0
241,COMPUTE,286.0,900.0,46.0,63.0,58.0,1472,auto,100.0,19.0
242,COMPUTE,288.0,893.0,46.0,64.0,58.0,1430,auto,100.0,23.0
243,COMPUTE,300.0,893.0,47.0,64.0,57.0,1472,auto,100.0,20.0
244,COMPUTE,295.0,912.0,47.0,64.0,57.0,1472,auto,100.0,16.0
245,COMPUTE,281.0,912.0,46.0,61.0,62.0,1502,auto,100.0,43.0
246,COMPUTE,285.0,906.0,44.0,51.0,54.0,1430,auto,99.0,24.0
247,COMPUTE,284.0,887.0,46.0,63.0,57.0,1502,auto,100.0,18.0
248,COMPUTE,294.0,862.0,46.0,64.0,57.0,1472,auto,100.0,17.0
249,COMPUTE,299.0,893.0,46.0,64.0,57.0,1472,auto,100.0,19.0
250,COMPUTE,281.0,893.0,47.0,64.0,58.0,1472,auto,100.0,22.0
251,COMPUTE,289.0,893.0,46.0,64.0,57.0,1472,auto,100.0,21.0
252,COMPUTE,284.0,893.0,47.0,64.0,57.0,1502,auto,100.0,17.0
253,COMPUTE,297.0,900.0,47.0,64.0,58.0,1430,auto,100.0,23.0
254,COMPUTE,284.0,906.0,47.0,64.0,58.0,1472,auto,99.0,21.0
255,COMPUTE,286.0,893.0,47.0,64.0,57.0,1472,auto,100.0,18.0
256,COMPUTE,286.0,862.0,48.0,65.0,58.0,1472,auto,100.0,18.0
257,COMPUTE,284.0,893.0,47.0,65.0,58.0,1472,auto,100.0,24.0
258,COMPUTE,296.0,906.0,47.0,65.0,58.0,1472,auto,99.0,21.0
259,COMPUTE,291.0,887.0,47.0,64.0,58.0,1472,auto,100.0,21.0
260,COMPUTE,295.0,912.0,47.0,65.0,58.0,1472,auto,100.0,17.0
261,COMPUTE,291.0,887.0,47.0,64.0,58.0,1430,auto,99.0,23.0
262,COMPUTE,291.0,893.0,47.0,65.0,58.0,1472,auto,100.0,20.0
263,COMPUTE,288.0,862.0,47.0,65.0,58.0,1472,auto,100.0,19.0
264,COMPUTE,287.0,912.0,47.0,64.0,58.0,1502,auto,99.0,18.0
265,COMPUTE,282.0,925.0,47.0,62.0,65.0,1502,auto,100.0,43.0
266,COMPUTE,298.0,893.0,46.0,62.0,57.0,1472,auto,100.0,21.0
267,COMPUTE,288.0,893.0,47.0,64.0,58.0,1472,auto,100.0,19.0
268,COMPUTE,285.0,887.0,47.0,65.0,58.0,1472,auto,100.0,19.0
269,COMPUTE,299.0,887.0,47.0,65.0,58.0,1472,auto,100.0,22.0
270,COMPUTE,297.0,893.0,47.0,64.0,59.0,1472,auto,99.0,20.0
271,COMPUTE,288.0,893.0,47.0,65.0,58.0,1472,auto,100.0,17.0
272,COMPUTE,296.0,862.0,47.0,65.0,58.0,1472,auto,100.0,18.0
273,COMPUTE,288.0,912.0,48.0,65.0,59.0,1430,auto,100.0,18.0
274,COMPUTE,284.0,887.0,47.0,65.0,59.0,1430,auto,99.0,22.0
275,COMPUTE,286.0,893.0,48.0,65.0,58.0,1472,auto,100.0,18.0
276,COMPUTE,288.0,912.0,48.0,65.0,59.0,1472,auto,100.0,22.0
277,COMPUTE,303.0,887.0,48.0,64.0,59.0,1430,auto,100.0,23.0
278,COMPUTE,282.0,893.0,48.0,65.0,58.0,1502,auto,100.0,48.0
279,COMPUTE,289.0,893.0,48.0,65.0,58.0,1472,auto,100.0,20.0
280,COMPUTE,286.0,862.0,48.0,65.0,59.0,1472,auto,100.0,19.0
281,COMPUTE,290.0,887.0,48.0,65.0,59.0,1430,auto,100.0,22.0
282,COMPUTE,293.0,893.0,48.0,65.0,58.0,1472,auto,100.0,19.0
283,COMPUTE,289.0,862.0,48.0,66.0,58.0,1472,auto,100.0,17.0
284,COMPUTE,287.0,906.0,48.0,65.0,61.0,1404,auto,100.0,40.0
285,COMPUTE,64.0,662.0,46.0,53.0,55.0,1502,auto,2.0,0.0
286,COMPUTE,39.0,662.0,44.0,47.0,51.0,300,auto,0.0,0.0
287,COMPUTE,39.0,662.0,43.0,46.0,50.0,300,auto,0.0,0.0
288,COMPUTE,39.0,662.0,42.0,46.0,49.0,300,auto,0.0,0.0
289,COMPUTE,39.0,662.0,42.0,46.0,48.0,300,auto,0.0,0.0
290,COMPUTE,39.0,668.0,41.0,45.0,48.0,300,auto,0.0,0.0
291,COMPUTE,39.0,662.0,41.0,44.0,47.0,300,auto,0.0,0.0
292,COMPUTE,39.0,662.0,41.0,44.0,47.0,300,auto,0.0,0.0
293,COMPUTE,39.0,668.0,40.0,44.0,47.0,300,auto,0.0,0.0
294,COMPUTE,72.0,925.0,39.0,43.0,46.0,1502,auto,3.0,0.0
295,COMPUTE,52.0,662.0,40.0,43.0,46.0,1502,auto,4.0,0.0
296,COMPUTE,39.0,668.0,39.0,42.0,46.0,300,auto,0.0,0.0
297,COMPUTE,39.0,662.0,39.0,42.0,45.0,300,auto,0.0,0.0
298,COMPUTE,39.0,662.0,38.0,42.0,45.0,300,auto,0.0,0.0
299,COMPUTE,39.0,662.0,38.0,41.0,45.0,300,auto,0.0,0.0
300,COMPUTE,39.0,668.0,37.0,41.0,45.0,300,auto,0.0,0.0
301,COMPUTE,39.0,662.0,37.0,41.0,44.0,300,auto,0.0,0.0
302,COMPUTE,39.0,662.0,37.0,40.0,44.0,300,auto,0.0,0.0
303,COMPUTE,39.0,662.0,36.0,40.0,44.0,300,auto,0.0,0.0
304,COMPUTE,39.0,662.0,36.0,39.0,44.0,300,auto,0.0,0.0
305,COMPUTE,39.0,662.0,36.0,40.0,43.0,300,auto,0.0,0.0
306,COMPUTE,39.0,662.0,36.0,39.0,43.0,300,auto,0.0,0.0
307,COMPUTE,39.0,662.0,35.0,39.0,43.0,300,auto,0.0,0.0
308,COMPUTE,39.0,668.0,35.0,39.0,42.0,300,auto,0.0,0.0
309,COMPUTE,39.0,662.0,34.0,38.0,42.0,300,auto,0.0,0.0
310,COMPUTE,39.0,668.0,35.0,38.0,42.0,300,auto,0.0,0.0
311,COMPUTE,38.0,668.0,34.0,38.0,42.0,300,auto,0.0,0.0
312,COMPUTE,39.0,668.0,34.0,38.0,42.0,300,auto,0.0,0.0
313,COMPUTE,39.0,668.0,34.0,38.0,41.0,300,auto,0.0,0.0
314,COMPUTE,39.0,668.0,34.0,37.0,41.0,300,auto,0.0,0.0
315,COMPUTE,39.0,662.0,33.0,37.0,41.0,300,auto,0.0,0.0
316,COMPUTE,39.0,662.0,33.0,37.0,41.0,300,auto,0.0,0.0
317,COMPUTE,39.0,675.0,33.0,36.0,41.0,300,auto,0.0,0.0
318,COMPUTE,38.0,662.0,33.0,36.0,40.0,300,auto,0.0,0.0
319,COMPUTE,39.0,662.0,33.0,36.0,40.0,300,auto,0.0,0.0
320,COMPUTE,37.0,662.0,32.0,36.0,40.0,300,auto,0.0,0.0
321,COMPUTE,38.0,675.0,32.0,36.0,40.0,300,auto,0.0,0.0
322,COMPUTE,38.0,662.0,32.0,35.0,40.0,300,auto,0.0,0.0
323,COMPUTE,38.0,662.0,32.0,35.0,40.0,300,auto,0.0,0.0
324,COMPUTE,37.0,668.0,32.0,35.0,39.0,300,auto,0.0,0.0
325,COMPUTE,37.0,662.0,31.0,35.0,39.0,300,auto,0.0,0.0
326,COMPUTE,38.0,662.0,31.0,35.0,39.0,300,auto,0.0,0.0
327,COMPUTE,37.0,668.0,31.0,34.0,39.0,300,auto,0.0,0.0
328,COMPUTE,36.0,662.0,31.0,34.0,39.0,300,auto,0.0,0.0
329,COMPUTE,36.0,662.0,31.0,34.0,39.0,300,auto,0.0,0.0
330,COMPUTE,37.0,662.0,30.0,34.0,38.0,300,auto,0.0,0.0
331,COMPUTE,36.0,662.0,30.0,34.0,38.0,300,auto,0.0,0.0
332,COMPUTE,37.0,662.0,31.0,33.0,38.0,300,auto,0.0,0.0
333,COMPUTE,37.0,662.0,30.0,33.0,38.0,300,auto,0.0,0.0
334,COMPUTE,38.0,662.0,30.0,33.0,38.0,300,auto,0.0,0.0
335,COMPUTE,37.0,662.0,29.0,34.0,38.0,300,auto,0.0,0.0
336,COMPUTE,37.0,662.0,29.0,33.0,38.0,300,auto,0.0,0.0
337,COMPUTE,37.0,662.0,30.0,33.0,37.0,300,auto,0.0,0.0
338,COMPUTE,36.0,662.0,29.0,33.0,37.0,300,auto,0.0,0.0
339,COMPUTE,37.0,675.0,29.0,33.0,37.0,300,auto,0.0,0.0
340,COMPUTE,36.0,668.0,29.0,33.0,37.0,300,auto,0.0,0.0
341,COMPUTE,36.0,662.0,29.0,32.0,37.0,300,auto,0.0,0.0
342,COMPUTE,36.0,912.0,29.0,32.0,37.0,300,auto,0.0,0.0
343,COMPUTE,37.0,662.0,28.0,33.0,37.0,300,auto,0.0,0.0
344,COMPUTE,38.0,837.0,28.0,32.0,37.0,300,auto,0.0,0.0
345,COMPUTE,59.0,925.0,28.0,32.0,37.0,1502,auto,3.0,1.0
346,COMPUTE,62.0,918.0,28.0,32.0,37.0,1502,auto,2.0,0.0
347,COMPUTE,37.0,868.0,28.0,32.0,37.0,300,auto,0.0,0.0
348,COMPUTE,56.0,918.0,28.0,32.0,37.0,300,auto,1.0,0.0
349,COMPUTE,38.0,662.0,28.0,32.0,37.0,300,auto,0.0,0.0
350,COMPUTE,38.0,662.0,28.0,32.0,35.0,300,auto,0.0,0.0
351,COMPUTE,39.0,662.0,29.0,33.0,37.0,300,auto,0.0,0.0
352,COMPUTE,44.0,793.0,28.0,32.0,37.0,300,auto,0.0,2.0
353,COMPUTE,47.0,918.0,28.0,32.0,35.0,1502,auto,5.0,0.0
354,COMPUTE,37.0,668.0,28.0,32.0,35.0,300,auto,0.0,0.0
355,COMPUTE,37.0,668.0,28.0,32.0,35.0,300,auto,0.0,0.0
356,COMPUTE,38.0,662.0,27.0,31.0,35.0,300,auto,0.0,0.0
357,COMPUTE,37.0,668.0,27.0,31.0,36.0,300,auto,0.0,0.0
358,COMPUTE,37.0,662.0,27.0,31.0,35.0,300,auto,0.0,0.0
359,COMPUTE,36.0,662.0,27.0,31.0,34.0,300,auto,0.0,0.0
360,COMPUTE,38.0,662.0,27.0,31.0,34.0,300,auto,0.0,0.0
361,COMPUTE,37.0,662.0,27.0,31.0,35.0,300,auto,0.0,0.0
362,COMPUTE,36.0,662.0,27.0,31.0,34.0,300,auto,0.0,0.0
363,COMPUTE,37.0,662.0,27.0,30.0,34.0,300,auto,0.0,0.0
364,COMPUTE,37.0,668.0,26.0,30.0,34.0,300,auto,0.0,0.0
365,COMPUTE,37.0,668.0,27.0,30.0,34.0,300,auto,0.0,0.0
366,COMPUTE,37.0,743.0,26.0,30.0,34.0,300,auto,0.0,0.0
367,COMPUTE,51.0,918.0,26.0,31.0,34.0,1502,auto,4.0,0.0
368,COMPUTE,55.0,912.0,27.0,31.0,34.0,300,auto,0.0,1.0
369,COMPUTE,53.0,768.0,26.0,31.0,34.0,300,auto,1.0,0.0
370,COMPUTE,57.0,725.0,27.0,31.0,34.0,1502,auto,0.0,0.0
371,COMPUTE,51.0,918.0,26.0,30.0,34.0,300,auto,1.0,1.0
372,COMPUTE,54.0,781.0,26.0,30.0,34.0,1502,auto,1.0,0.0
373,COMPUTE,44.0,906.0,27.0,30.0,34.0,1502,auto,5.0,0.0
374,COMPUTE,37.0,662.0,27.0,30.0,34.0,300,auto,0.0,0.0
375,COMPUTE,36.0,668.0,26.0,30.0,34.0,300,auto,0.0,0.0
376,COMPUTE,37.0,662.0,26.0,30.0,35.0,300,auto,0.0,0.0
377,COMPUTE,65.0,925.0,26.0,30.0,34.0,1502,auto,2.0,1.0
378,COMPUTE,63.0,918.0,26.0,30.0,34.0,1502,auto,2.0,0.0
379,COMPUTE,61.0,925.0,27.0,30.0,34.0,1502,auto,2.0,1.0
380,COMPUTE,40.0,881.0,26.0,30.0,34.0,300,auto,0.0,0.0
381,COMPUTE,62.0,918.0,26.0,30.0,33.0,1502,auto,2.0,0.0
382,COMPUTE,56.0,662.0,26.0,30.0,34.0,1502,auto,3.0,0.0
383,COMPUTE,35.0,668.0,26.0,30.0,35.0,300,auto,0.0,0.0
384,COMPUTE,35.0,906.0,26.0,30.0,33.0,300,auto,0.0,0.0
385,COMPUTE,40.0,668.0,25.0,30.0,34.0,300,auto,0.0,2.0
386,COMPUTE,59.0,918.0,26.0,30.0,35.0,1502,auto,3.0,1.0
387,COMPUTE,44.0,918.0,26.0,30.0,35.0,1502,auto,6.0,0.0
388,COMPUTE,60.0,656.0,26.0,30.0,33.0,1502,auto,3.0,1.0
389,COMPUTE,38.0,918.0,26.0,30.0,33.0,300,auto,0.0,0.0
390,COMPUTE,38.0,912.0,25.0,30.0,33.0,300,auto,0.0,0.0
391,COMPUTE,51.0,662.0,26.0,29.0,34.0,1502,auto,4.0,0.0
392,COMPUTE,34.0,662.0,26.0,31.0,34.0,300,auto,0.0,0.0
393,COMPUTE,215.0,906.0,27.0,37.0,34.0,1502,auto,100.0,2.0
394,COMPUTE,39.0,918.0,27.0,32.0,35.0,300,auto,0.0,0.0
395,COMPUTE,49.0,918.0,26.0,30.0,34.0,1502,auto,4.0,0.0
396,COMPUTE,49.0,925.0,26.0,30.0,34.0,300,auto,1.0,0.0
397,COMPUTE,253.0,918.0,29.0,42.0,42.0,1502,auto,100.0,23.0
398,COMPUTE,65.0,768.0,27.0,32.0,35.0,1502,auto,2.0,0.0
399,COMPUTE,60.0,662.0,27.0,31.0,34.0,1502,auto,2.0,1.0
400,COMPUTE,41.0,662.0,27.0,30.0,34.0,300,auto,0.0,0.0
401,COMPUTE,64.0,912.0,26.0,30.0,34.0,1502,auto,2.0,1.0
402,COMPUTE,43.0,668.0,26.0,30.0,35.0,300,auto,0.0,0.0
403,COMPUTE,43.0,812.0,26.0,30.0,34.0,300,auto,0.0,0.0
404,COMPUTE,287.0,806.0,30.0,43.0,47.0,1319,auto,100.0,42.0
405,COMPUTE,258.0,812.0,31.0,44.0,50.0,1502,auto,100.0,50.0
406,COMPUTE,285.0,812.0,31.0,46.0,51.0,1319,auto,100.0,43.0
407,COMPUTE,285.0,825.0,32.0,46.0,52.0,1502,auto,100.0,57.0
408,COMPUTE,287.0,906.0,33.0,46.0,51.0,1319,auto,100.0,43.0
409,COMPUTE,287.0,812.0,33.0,47.0,52.0,1319,auto,100.0,42.0
410,COMPUTE,287.0,812.0,34.0,48.0,52.0,1319,auto,100.0,42.0
411,COMPUTE,290.0,812.0,34.0,47.0,52.0,1319,auto,100.0,43.0
412,COMPUTE,263.0,806.0,34.0,48.0,53.0,1502,auto,100.0,50.0
413,COMPUTE,289.0,837.0,35.0,48.0,53.0,1319,auto,100.0,42.0
414,COMPUTE,284.0,812.0,34.0,49.0,55.0,1502,auto,100.0,56.0
415,COMPUTE,288.0,900.0,35.0,49.0,53.0,1319,auto,100.0,42.0
416,COMPUTE,289.0,812.0,36.0,50.0,54.0,1319,auto,100.0,43.0
417,COMPUTE,287.0,812.0,36.0,50.0,54.0,1319,auto,100.0,42.0
418,COMPUTE,289.0,812.0,36.0,50.0,55.0,1319,auto,100.0,42.0
419,COMPUTE,272.0,812.0,36.0,50.0,55.0,1502,auto,100.0,56.0
420,COMPUTE,288.0,806.0,37.0,50.0,55.0,1319,auto,100.0,42.0
421,COMPUTE,286.0,812.0,37.0,51.0,56.0,1472,auto,100.0,59.0
422,COMPUTE,287.0,912.0,37.0,51.0,55.0,1319,auto,100.0,43.0
423,COMPUTE,290.0,806.0,37.0,52.0,56.0,1319,auto,100.0,43.0
424,COMPUTE,293.0,806.0,38.0,52.0,56.0,1283,auto,100.0,41.0
425,COMPUTE,290.0,806.0,38.0,52.0,57.0,1319,auto,100.0,42.0
426,COMPUTE,276.0,806.0,39.0,52.0,56.0,1502,auto,100.0,57.0
427,COMPUTE,290.0,812.0,39.0,52.0,56.0,1319,auto,100.0,43.0
428,COMPUTE,312.0,906.0,39.0,53.0,58.0,1472,auto,99.0,36.0
429,COMPUTE,228.0,906.0,39.0,52.0,46.0,1502,auto,100.0,2.0
430,COMPUTE,229.0,662.0,39.0,51.0,43.0,1502,auto,100.0,2.0
431,COMPUTE,287.0,906.0,39.0,51.0,53.0,1319,auto,100.0,42.0
432,COMPUTE,331.0,812.0,39.0,53.0,57.0,1472,auto,99.0,46.0
433,COMPUTE,296.0,912.0,39.0,53.0,56.0,1319,auto,100.0,43.0
434,COMPUTE,273.0,825.0,39.0,53.0,58.0,1502,auto,100.0,51.0
435,COMPUTE,293.0,831.0,40.0,54.0,57.0,1363,auto,100.0,39.0
436,COMPUTE,282.0,831.0,40.0,54.0,57.0,1363,auto,100.0,40.0
437,COMPUTE,287.0,831.0,40.0,54.0,57.0,1363,auto,100.0,40.0
438,COMPUTE,287.0,912.0,41.0,54.0,57.0,1363,auto,100.0,38.0
439,COMPUTE,275.0,831.0,41.0,55.0,59.0,1502,auto,100.0,51.0
440,COMPUTE,287.0,831.0,41.0,55.0,57.0,1404,auto,100.0,39.0
441,COMPUTE,289.0,912.0,41.0,55.0,57.0,1363,auto,100.0,36.0
442,COMPUTE,278.0,831.0,41.0,56.0,60.0,1502,auto,100.0,51.0
443,COMPUTE,285.0,850.0,41.0,56.0,57.0,1363,auto,100.0,36.0
444,COMPUTE,286.0,912.0,41.0,56.0,57.0,1404,auto,100.0,34.0
445,COMPUTE,283.0,831.0,41.0,56.0,59.0,1502,auto,100.0,53.0
446,COMPUTE,284.0,850.0,42.0,56.0,59.0,1404,auto,100.0,35.0
447,COMPUTE,282.0,912.0,42.0,56.0,57.0,1404,auto,100.0,34.0
448,COMPUTE,267.0,850.0,42.0,57.0,58.0,1502,auto,100.0,49.0
449,COMPUTE,295.0,850.0,42.0,57.0,59.0,1363,auto,100.0,34.0
450,COMPUTE,298.0,850.0,43.0,57.0,58.0,1404,auto,100.0,36.0
451,COMPUTE,291.0,912.0,43.0,57.0,57.0,1404,auto,100.0,34.0
452,COMPUTE,280.0,831.0,43.0,58.0,61.0,1502,auto,100.0,51.0
453,COMPUTE,277.0,831.0,43.0,58.0,58.0,1404,auto,100.0,32.0
454,COMPUTE,293.0,912.0,43.0,58.0,58.0,1404,auto,100.0,36.0
455,COMPUTE,295.0,850.0,43.0,58.0,58.0,1363,auto,100.0,32.0
456,COMPUTE,274.0,850.0,43.0,57.0,60.0,1502,auto,95.0,41.0
457,COMPUTE,290.0,831.0,44.0,58.0,59.0,1404,auto,100.0,34.0
458,COMPUTE,292.0,875.0,44.0,58.0,58.0,1404,auto,100.0,34.0
459,COMPUTE,290.0,825.0,44.0,58.0,58.0,1404,auto,100.0,32.0
460,COMPUTE,278.0,850.0,44.0,58.0,62.0,1502,auto,100.0,50.0
461,COMPUTE,228.0,906.0,43.0,56.0,53.0,1502,auto,100.0,2.0
462,COMPUTE,271.0,850.0,43.0,57.0,52.0,1502,auto,100.0,49.0
463,COMPUTE,293.0,850.0,43.0,58.0,59.0,1404,auto,100.0,33.0
464,COMPUTE,295.0,850.0,44.0,58.0,59.0,1363,auto,100.0,34.0
465,COMPUTE,280.0,912.0,44.0,58.0,59.0,1404,auto,100.0,32.0
466,COMPUTE,297.0,906.0,44.0,59.0,59.0,1363,auto,100.0,35.0
467,COMPUTE,281.0,850.0,44.0,58.0,61.0,1502,auto,100.0,52.0
468,COMPUTE,290.0,831.0,45.0,59.0,60.0,1404,auto,100.0,33.0
469,COMPUTE,292.0,850.0,45.0,59.0,60.0,1404,auto,100.0,33.0
470,COMPUTE,286.0,912.0,45.0,59.0,61.0,1363,auto,100.0,35.0
471,COMPUTE,272.0,831.0,45.0,59.0,61.0,1502,auto,100.0,50.0
472,COMPUTE,282.0,850.0,45.0,59.0,62.0,1404,auto,100.0,34.0
473,COMPUTE,294.0,850.0,45.0,59.0,60.0,1363,auto,100.0,34.0
474,COMPUTE,301.0,912.0,45.0,59.0,60.0,1363,auto,100.0,36.0
475,COMPUTE,283.0,831.0,45.0,60.0,60.0,1502,auto,100.0,56.0
476,COMPUTE,298.0,831.0,45.0,59.0,63.0,1363,auto,100.0,35.0
477,COMPUTE,298.0,850.0,45.0,59.0,61.0,1363,auto,100.0,35.0
478,COMPUTE,297.0,912.0,46.0,60.0,61.0,1363,auto,100.0,36.0
479,COMPUTE,272.0,831.0,46.0,59.0,61.0,1502,auto,99.0,50.0
480,COMPUTE,287.0,831.0,45.0,60.0,62.0,1363,auto,100.0,37.0
481,COMPUTE,284.0,831.0,45.0,60.0,61.0,1404,auto,100.0,36.0
482,COMPUTE,301.0,906.0,46.0,59.0,61.0,1363,auto,100.0,36.0
483,COMPUTE,277.0,831.0,45.0,61.0,63.0,1502,auto,100.0,48.0
484,COMPUTE,287.0,850.0,45.0,59.0,62.0,1363,auto,100.0,36.0
485,COMPUTE,286.0,912.0,46.0,60.0,62.0,1363,auto,100.0,36.0
486,COMPUTE,272.0,831.0,46.0,60.0,62.0,1502,auto,100.0,50.0
487,COMPUTE,287.0,831.0,46.0,60.0,63.0,1363,auto,100.0,37.0
488,COMPUTE,291.0,912.0,46.0,60.0,62.0,1363,auto,100.0,37.0
489,COMPUTE,272.0,825.0,46.0,60.0,63.0,1502,auto,100.0,49.0
490,COMPUTE,294.0,831.0,46.0,60.0,63.0,1363,auto,100.0,40.0
491,COMPUTE,289.0,912.0,46.0,60.0,64.0,1363,auto,100.0,40.0
492,COMPUTE,272.0,831.0,46.0,60.0,63.0,1502,auto,100.0,49.0
493,COMPUTE,296.0,806.0,46.0,60.0,65.0,1319,auto,100.0,41.0
494,COMPUTE,232.0,906.0,46.0,59.0,54.0,1502,auto,100.0,2.0
495,COMPUTE,294.0,831.0,46.0,60.0,60.0,1319,auto,100.0,42.0
496,COMPUTE,299.0,912.0,46.0,60.0,62.0,1319,auto,100.0,42.0
497,COMPUTE,282.0,831.0,46.0,61.0,65.0,1502,auto,100.0,50.0
498,COMPUTE,296.0,812.0,47.0,60.0,63.0,1363,auto,100.0,41.0
499,COMPUTE,286.0,912.0,47.0,60.0,64.0,1319,auto,100.0,41.0
500,COMPUTE,303.0,812.0,47.0,61.0,66.0,1363,auto,100.0,42.0
501,COMPUTE,289.0,812.0,47.0,60.0,65.0,1319,auto,100.0,41.0
502,COMPUTE,272.0,812.0,47.0,60.0,65.0,1502,auto,99.0,50.0
503,COMPUTE,289.0,812.0,47.0,61.0,65.0,1319,auto,100.0,42.0
504,COMPUTE,290.0,912.0,47.0,60.0,65.0,1319,auto,100.0,43.0
505,COMPUTE,281.0,812.0,47.0,61.0,66.0,1502,auto,100.0,51.0
506,COMPUTE,292.0,793.0,47.0,61.0,65.0,1319,auto,100.0,42.0
507,COMPUTE,285.0,806.0,47.0,60.0,65.0,1319,auto,100.0,43.0
508,COMPUTE,293.0,812.0,47.0,61.0,66.0,1319,auto,100.0,43.0
509,COMPUTE,288.0,912.0,47.0,60.0,66.0,1319,auto,100.0,43.0
510,COMPUTE,281.0,812.0,47.0,61.0,66.0,1502,auto,100.0,49.0
511,COMPUTE,284.0,793.0,47.0,61.0,66.0,1319,auto,100.0,42.0
512,COMPUTE,291.0,825.0,47.0,61.0,65.0,1319,auto,100.0,44.0
513,COMPUTE,292.0,812.0,47.0,62.0,66.0,1319,auto,100.0,43.0
514,COMPUTE,292.0,912.0,47.0,60.0,66.0,1319,auto,100.0,44.0
515,COMPUTE,284.0,793.0,47.0,61.0,64.0,1502,auto,98.0,54.0
516,COMPUTE,290.0,812.0,48.0,61.0,66.0,1319,auto,100.0,43.0
517,COMPUTE,292.0,912.0,48.0,61.0,66.0,1319,auto,100.0,43.0
518,COMPUTE,313.0,793.0,47.0,62.0,67.0,1363,auto,99.0,44.0
519,COMPUTE,293.0,793.0,48.0,61.0,66.0,1283,auto,100.0,42.0
520,COMPUTE,272.0,806.0,48.0,60.0,66.0,1502,auto,99.0,50.0
521,COMPUTE,293.0,793.0,47.0,61.0,67.0,1283,auto,100.0,43.0
522,COMPUTE,282.0,912.0,48.0,61.0,66.0,1319,auto,100.0,42.0
523,COMPUTE,284.0,812.0,48.0,62.0,67.0,1502,auto,100.0,46.0
524,COMPUTE,230.0,906.0,47.0,60.0,57.0,1502,auto,100.0,2.0
525,COMPUTE,289.0,806.0,48.0,61.0,61.0,1319,auto,100.0,43.0
526,COMPUTE,283.0,912.0,48.0,61.0,65.0,1319,auto,100.0,43.0
527,COMPUTE,309.0,806.0,48.0,62.0,67.0,1319,auto,99.0,44.0
528,COMPUTE,281.0,912.0,48.0,61.0,66.0,1319,auto,100.0,44.0
529,COMPUTE,285.0,806.0,48.0,61.0,67.0,1502,auto,100.0,52.0
530,COMPUTE,293.0,793.0,48.0,61.0,66.0,1283,auto,100.0,43.0
531,COMPUTE,275.0,793.0,48.0,61.0,66.0,1472,auto,100.0,58.0
532,COMPUTE,295.0,793.0,48.0,62.0,66.0,1283,auto,100.0,43.0
533,COMPUTE,291.0,812.0,48.0,61.0,66.0,1319,auto,100.0,42.0
534,COMPUTE,294.0,806.0,48.0,62.0,67.0,1283,auto,100.0,42.0
535,COMPUTE,285.0,893.0,48.0,61.0,66.0,1283,auto,100.0,42.0
536,COMPUTE,285.0,806.0,48.0,62.0,68.0,1502,auto,100.0,51.0
537,COMPUTE,292.0,862.0,48.0,61.0,66.0,1283,auto,100.0,43.0
538,COMPUTE,272.0,812.0,48.0,62.0,65.0,1502,auto,100.0,50.0
539,COMPUTE,283.0,806.0,48.0,62.0,67.0,1319,auto,100.0,42.0
540,COMPUTE,288.0,812.0,48.0,61.0,66.0,1319,auto,100.0,42.0
541,COMPUTE,293.0,793.0,48.0,62.0,67.0,1319,auto,100.0,41.0
542,COMPUTE,291.0,912.0,49.0,62.0,66.0,1319,auto,100.0,42.0
543,COMPUTE,280.0,806.0,48.0,62.0,68.0,1502,auto,99.0,45.0
544,COMPUTE,291.0,806.0,48.0,62.0,66.0,1319,auto,100.0,41.0
545,COMPUTE,272.0,812.0,48.0,61.0,66.0,1502,auto,100.0,50.0
546,COMPUTE,288.0,806.0,48.0,62.0,66.0,1319,auto,100.0,40.0
547,COMPUTE,287.0,906.0,48.0,61.0,66.0,1319,auto,100.0,40.0
548,COMPUTE,287.0,806.0,48.0,62.0,67.0,1363,auto,100.0,40.0
549,COMPUTE,285.0,912.0,49.0,62.0,66.0,1363,auto,100.0,40.0
550,COMPUTE,284.0,812.0,48.0,62.0,67.0,1502,auto,100.0,51.0
551,COMPUTE,289.0,831.0,49.0,62.0,66.0,1319,auto,100.0,39.0
552,COMPUTE,228.0,806.0,49.0,62.0,66.0,1430,auto,100.0,49.0
553,COMPUTE,230.0,906.0,48.0,60.0,60.0,1502,auto,100.0,2.0
554,COMPUTE,282.0,831.0,48.0,61.0,57.0,1502,auto,100.0,51.0
555,COMPUTE,286.0,812.0,48.0,62.0,65.0,1363,auto,100.0,40.0
556,COMPUTE,297.0,831.0,49.0,62.0,65.0,1319,auto,100.0,40.0
557,COMPUTE,285.0,812.0,48.0,63.0,67.0,1363,auto,100.0,37.0
558,COMPUTE,283.0,912.0,48.0,63.0,66.0,1363,auto,100.0,39.0
559,COMPUTE,274.0,831.0,49.0,62.0,66.0,1502,auto,100.0,50.0
560,COMPUTE,295.0,812.0,49.0,62.0,66.0,1319,auto,100.0,39.0
561,COMPUTE,297.0,906.0,49.0,62.0,64.0,1319,auto,100.0,38.0
562,COMPUTE,286.0,831.0,48.0,63.0,67.0,1502,auto,100.0,51.0
563,COMPUTE,294.0,812.0,49.0,62.0,66.0,1319,auto,100.0,38.0
564,COMPUTE,294.0,825.0,49.0,62.0,65.0,1319,auto,100.0,37.0
565,COMPUTE,292.0,812.0,48.0,63.0,67.0,1363,auto,100.0,38.0
566,COMPUTE,291.0,875.0,49.0,62.0,66.0,1363,auto,100.0,38.0
567,COMPUTE,272.0,825.0,49.0,62.0,66.0,1502,auto,100.0,50.0
568,COMPUTE,281.0,825.0,49.0,63.0,66.0,1363,auto,100.0,36.0
569,COMPUTE,289.0,893.0,49.0,62.0,66.0,1363,auto,100.0,36.0
570,COMPUTE,282.0,806.0,49.0,63.0,67.0,1502,auto,100.0,51.0
571,COMPUTE,292.0,831.0,49.0,63.0,66.0,1363,auto,100.0,38.0
572,COMPUTE,292.0,912.0,49.0,63.0,65.0,1319,auto,100.0,37.0
573,COMPUTE,320.0,831.0,48.0,63.0,68.0,1430,auto,99.0,39.0
574,COMPUTE,294.0,806.0,49.0,63.0,66.0,1363,auto,100.0,38.0
575,COMPUTE,290.0,831.0,49.0,63.0,65.0,1363,auto,100.0,38.0
576,COMPUTE,292.0,825.0,49.0,63.0,67.0,1363,auto,100.0,37.0
577,COMPUTE,292.0,825.0,50.0,63.0,66.0,1363,auto,100.0,37.0
578,COMPUTE,267.0,831.0,49.0,63.0,65.0,1472,auto,100.0,56.0
579,COMPUTE,293.0,825.0,49.0,63.0,67.0,1319,auto,100.0,37.0
580,COMPUTE,281.0,912.0,49.0,62.0,65.0,1363,auto,100.0,38.0
581,COMPUTE,274.0,825.0,49.0,63.0,66.0,1502,auto,100.0,50.0
582,COMPUTE,293.0,812.0,49.0,63.0,66.0,1319,auto,100.0,38.0
583,COMPUTE,292.0,912.0,48.0,63.0,66.0,1363,auto,100.0,36.0
584,COMPUTE,233.0,912.0,48.0,61.0,55.0,1502,auto,100.0,2.0
585,COMPUTE,290.0,912.0,49.0,63.0,64.0,1363,auto,100.0,37.0
586,COMPUTE,288.0,831.0,49.0,63.0,67.0,1502,auto,100.0,53.0
587,COMPUTE,293.0,831.0,49.0,63.0,66.0,1319,auto,100.0,38.0
588,COMPUTE,291.0,912.0,49.0,63.0,65.0,1363,auto,100.0,37.0
589,COMPUTE,285.0,831.0,49.0,63.0,68.0,1502,auto,100.0,50.0
590,COMPUTE,293.0,812.0,49.0,63.0,66.0,1363,auto,100.0,37.0
591,COMPUTE,290.0,912.0,49.0,63.0,66.0,1319,auto,100.0,37.0
592,COMPUTE,283.0,831.0,49.0,63.0,68.0,1502,auto,100.0,51.0
593,COMPUTE,280.0,831.0,49.0,63.0,66.0,1363,auto,100.0,37.0
594,COMPUTE,293.0,912.0,49.0,63.0,66.0,1319,auto,100.0,38.0
595,COMPUTE,289.0,825.0,49.0,63.0,68.0,1502,auto,100.0,52.0
596,COMPUTE,280.0,831.0,49.0,63.0,66.0,1363,auto,100.0,36.0
597,COMPUTE,292.0,912.0,49.0,63.0,66.0,1363,auto,100.0,38.0
598,COMPUTE,281.0,831.0,49.0,63.0,68.0,1502,auto,100.0,49.0
599,COMPUTE,290.0,825.0,49.0,63.0,66.0,1363,auto,100.0,36.0
600,COMPUTE,290.0,906.0,49.0,63.0,66.0,1363,auto,100.0,37.0
601,COMPUTE,324.0,831.0,49.0,63.0,69.0,1472,auto,99.0,44.0
602,COMPUTE,293.0,812.0,49.0,63.0,66.0,1319,auto,100.0,37.0
603,COMPUTE,292.0,912.0,50.0,63.0,66.0,1363,auto,100.0,38.0
604,COMPUTE,338.0,825.0,49.0,64.0,69.0,1430,auto,99.0,39.0
605,COMPUTE,282.0,831.0,49.0,63.0,66.0,1363,auto,100.0,38.0
606,COMPUTE,280.0,825.0,50.0,63.0,66.0,1363,auto,100.0,36.0
607,COMPUTE,292.0,831.0,49.0,64.0,68.0,1363,auto,100.0,38.0
608,COMPUTE,290.0,825.0,49.0,63.0,66.0,1363,auto,100.0,39.0
609,COMPUTE,275.0,831.0,50.0,63.0,66.0,1472,auto,100.0,57.0
610,COMPUTE,280.0,831.0,49.0,63.0,67.0,1363,auto,100.0,39.0
611,COMPUTE,292.0,912.0,49.0,63.0,67.0,1363,auto,100.0,37.0
612,COMPUTE,280.0,825.0,49.0,63.0,67.0,1472,auto,100.0,56.0
613,COMPUTE,293.0,831.0,49.0,63.0,67.0,1363,auto,100.0,37.0
614,COMPUTE,285.0,893.0,50.0,63.0,67.0,1319,auto,100.0,38.0
615,COMPUTE,234.0,906.0,49.0,61.0,56.0,1502,auto,100.0,2.0
616,COMPUTE,287.0,912.0,49.0,62.0,64.0,1319,auto,100.0,37.0
617,COMPUTE,297.0,831.0,49.0,64.0,68.0,1363,auto,99.0,40.0
618,COMPUTE,286.0,831.0,49.0,63.0,66.0,1363,auto,100.0,38.0
619,COMPUTE,298.0,831.0,50.0,63.0,66.0,1319,auto,100.0,39.0
620,COMPUTE,283.0,812.0,49.0,63.0,67.0,1319,auto,100.0,40.0
621,COMPUTE,295.0,893.0,49.0,63.0,67.0,1363,auto,100.0,40.0
622,COMPUTE,275.0,925.0,50.0,63.0,67.0,1502,auto,100.0,50.0
623,COMPUTE,298.0,831.0,49.0,63.0,67.0,1319,auto,100.0,39.0
624,COMPUTE,282.0,912.0,50.0,63.0,67.0,1363,auto,100.0,39.0
625,COMPUTE,286.0,812.0,49.0,63.0,68.0,1502,auto,100.0,52.0
626,COMPUTE,288.0,831.0,50.0,63.0,67.0,1319,auto,100.0,39.0
627,COMPUTE,294.0,912.0,50.0,63.0,66.0,1319,auto,100.0,39.0
628,COMPUTE,319.0,812.0,49.0,64.0,69.0,1404,auto,99.0,40.0
629,COMPUTE,296.0,831.0,49.0,63.0,67.0,1319,auto,100.0,38.0
630,COMPUTE,226.0,906.0,50.0,63.0,67.0,1430,auto,100.0,51.0
631,COMPUTE,128.0,925.0,49.0,64.0,60.0,1502,auto,100.0,0.0
632,COMPUTE,50.0,925.0,46.0,50.0,53.0,1502,auto,0.0,0.0
633,COMPUTE,49.0,925.0,45.0,48.0,52.0,1502,auto,0.0,0.0
634,COMPUTE,49.0,668.0,44.0,47.0,51.0,300,auto,0.0,0.0
635,COMPUTE,40.0,925.0,44.0,47.0,50.0,300,auto,0.0,0.0
636,COMPUTE,48.0,662.0,43.0,46.0,50.0,300,auto,0.0,2.0
637,COMPUTE,48.0,662.0,42.0,46.0,50.0,300,auto,0.0,2.0
638,COMPUTE,40.0,662.0,42.0,45.0,49.0,300,auto,0.0,0.0
639,COMPUTE,40.0,925.0,42.0,45.0,48.0,300,auto,0.0,0.0
640,COMPUTE,39.0,662.0,41.0,44.0,48.0,300,auto,0.0,0.0
641,COMPUTE,39.0,662.0,41.0,44.0,47.0,300,auto,0.0,0.0
642,COMPUTE,72.0,925.0,41.0,44.0,47.0,1502,auto,2.0,0.0
643,COMPUTE,66.0,925.0,40.0,44.0,47.0,1502,auto,15.0,0.0
644,COMPUTE,49.0,668.0,39.0,43.0,47.0,1502,auto,0.0,0.0
645,COMPUTE,61.0,668.0,40.0,43.0,46.0,1502,auto,12.0,0.0
646,COMPUTE,39.0,925.0,39.0,43.0,46.0,300,auto,1.0,0.0
647,COMPUTE,39.0,925.0,39.0,42.0,46.0,300,auto,0.0,0.0
648,COMPUTE,43.0,662.0,38.0,42.0,46.0,300,auto,0.0,0.0
649,COMPUTE,238.0,912.0,41.0,51.0,51.0,1502,auto,100.0,27.0
650,COMPUTE,312.0,812.0,42.0,54.0,61.0,1283,auto,100.0,60.0
651,COMPUTE,228.0,912.0,41.0,53.0,50.0,1502,auto,100.0,8.0
652,COMPUTE,328.0,806.0,42.0,53.0,57.0,1319,auto,100.0,59.0
653,COMPUTE,322.0,881.0,42.0,56.0,65.0,1319,auto,99.0,73.0
654,COMPUTE,253.0,806.0,43.0,55.0,59.0,1283,auto,100.0,47.0
655,COMPUTE,312.0,856.0,43.0,57.0,66.0,1235,auto,100.0,49.0
656,COMPUTE,156.0,793.0,43.0,56.0,61.0,1363,auto,100.0,53.0
657,COMPUTE,365.0,912.0,44.0,56.0,60.0,1430,auto,100.0,20.0
658,COMPUTE,367.0,912.0,43.0,56.0,62.0,1430,auto,100.0,24.0
659,COMPUTE,383.0,912.0,44.0,56.0,62.0,1430,auto,100.0,26.0
660,COMPUTE,312.0,881.0,43.0,56.0,63.0,1283,auto,100.0,75.0
661,COMPUTE,311.0,862.0,44.0,56.0,61.0,1319,auto,99.0,60.0
662,COMPUTE,313.0,831.0,44.0,57.0,61.0,1283,auto,99.0,60.0
663,COMPUTE,300.0,893.0,44.0,57.0,60.0,1283,auto,99.0,60.0
664,COMPUTE,212.0,812.0,43.0,56.0,54.0,1502,auto,100.0,6.0
665,COMPUTE,200.0,843.0,44.0,56.0,54.0,1502,auto,100.0,3.0
666,COMPUTE,200.0,831.0,44.0,57.0,55.0,1502,auto,100.0,4.0
667,COMPUTE,206.0,825.0,44.0,57.0,56.0,1502,auto,100.0,5.0
668,COMPUTE,301.0,906.0,44.0,57.0,55.0,1472,auto,99.0,42.0
669,COMPUTE,218.0,912.0,44.0,57.0,54.0,1502,auto,100.0,10.0
670,COMPUTE,253.0,912.0,44.0,58.0,55.0,1502,auto,100.0,14.0
671,COMPUTE,255.0,912.0,45.0,58.0,55.0,1502,auto,100.0,13.0
672,COMPUTE,248.0,906.0,45.0,58.0,55.0,1502,auto,100.0,14.0
673,COMPUTE,274.0,912.0,45.0,59.0,56.0,1502,auto,99.0,21.0
674,COMPUTE,235.0,912.0,45.0,59.0,56.0,1472,auto,100.0,7.0
675,COMPUTE,270.0,912.0,45.0,58.0,58.0,1363,auto,100.0,14.0
676,COMPUTE,231.0,906.0,44.0,58.0,61.0,1404,auto,100.0,8.0
677,COMPUTE,250.0,912.0,45.0,58.0,62.0,1502,auto,100.0,14.0
678,COMPUTE,324.0,850.0,44.0,58.0,64.0,1283,auto,99.0,74.0
679,COMPUTE,220.0,856.0,45.0,58.0,63.0,1283,auto,99.0,50.0
680,COMPUTE,141.0,881.0,45.0,58.0,63.0,1319,auto,99.0,61.0
681,COMPUTE,331.0,893.0,45.0,58.0,61.0,1363,auto,99.0,60.0
682,COMPUTE,314.0,912.0,45.0,58.0,61.0,1283,auto,99.0,60.0
683,COMPUTE,315.0,793.0,45.0,59.0,57.0,1319,auto,99.0,59.0
684,COMPUTE,292.0,806.0,45.0,60.0,56.0,1319,auto,100.0,30.0
685,COMPUTE,292.0,800.0,44.0,59.0,56.0,1363,auto,100.0,30.0
686,COMPUTE,271.0,793.0,44.0,59.0,56.0,1502,auto,99.0,32.0
687,COMPUTE,254.0,793.0,44.0,58.0,55.0,1502,auto,100.0,24.0
688,COMPUTE,157.0,800.0,45.0,59.0,54.0,1502,auto,100.0,2.0
689,COMPUTE,204.0,825.0,45.0,58.0,56.0,1502,auto,100.0,4.0
690,COMPUTE,204.0,831.0,45.0,59.0,56.0,1502,auto,100.0,4.0
691,COMPUTE,216.0,825.0,45.0,58.0,57.0,1502,auto,99.0,18.0
692,COMPUTE,262.0,906.0,45.0,58.0,55.0,1502,auto,99.0,39.0
693,COMPUTE,131.0,912.0,45.0,59.0,56.0,1502,auto,100.0,4.0
694,COMPUTE,44.0,906.0,45.0,59.0,55.0,300,auto,0.0,0.0
695,COMPUTE,249.0,912.0,46.0,60.0,57.0,1502,auto,99.0,14.0
696,COMPUTE,225.0,912.0,46.0,60.0,58.0,1430,auto,100.0,9.0
697,COMPUTE,333.0,912.0,46.0,61.0,58.0,1404,auto,100.0,17.0
698,COMPUTE,350.0,912.0,46.0,60.0,60.0,1472,auto,100.0,11.0
699,COMPUTE,209.0,906.0,46.0,59.0,63.0,1472,auto,100.0,5.0
700,COMPUTE,302.0,906.0,46.0,59.0,62.0,1363,auto,100.0,17.0
701,COMPUTE,231.0,906.0,45.0,59.0,65.0,1363,auto,99.0,11.0
702,COMPUTE,251.0,912.0,46.0,59.0,64.0,1502,auto,99.0,16.0
703,COMPUTE,326.0,868.0,45.0,59.0,64.0,1319,auto,99.0,74.0
704,COMPUTE,327.0,831.0,46.0,59.0,62.0,1363,auto,99.0,58.0
705,COMPUTE,297.0,881.0,46.0,59.0,61.0,1283,auto,99.0,40.0
706,COMPUTE,304.0,825.0,46.0,59.0,61.0,1283,auto,99.0,60.0
707,COMPUTE,264.0,812.0,45.0,59.0,60.0,1283,auto,99.0,38.0
708,COMPUTE,319.0,893.0,46.0,59.0,58.0,1319,auto,99.0,60.0
709,COMPUTE,329.0,831.0,46.0,59.0,60.0,1363,auto,99.0,59.0
710,COMPUTE,293.0,812.0,46.0,60.0,58.0,1363,auto,97.0,49.0
711,COMPUTE,253.0,800.0,46.0,60.0,57.0,1363,auto,99.0,55.0
712,COMPUTE,293.0,806.0,45.0,60.0,57.0,1319,auto,99.0,30.0
713,COMPUTE,257.0,812.0,45.0,59.0,56.0,1502,auto,99.0,26.0
714,COMPUTE,344.0,793.0,46.0,60.0,57.0,1430,auto,99.0,31.0
715,COMPUTE,257.0,812.0,45.0,59.0,56.0,1502,auto,99.0,24.0
716,COMPUTE,159.0,831.0,45.0,60.0,55.0,1502,auto,99.0,1.0
717,COMPUTE,256.0,812.0,46.0,59.0,56.0,1502,auto,100.0,24.0
718,COMPUTE,210.0,818.0,46.0,59.0,55.0,1502,auto,100.0,3.0
719,COMPUTE,206.0,812.0,46.0,59.0,57.0,1502,auto,100.0,4.0
720,COMPUTE,209.0,806.0,46.0,59.0,56.0,1502,auto,99.0,3.0
721,COMPUTE,235.0,831.0,46.0,59.0,58.0,1502,auto,99.0,18.0
722,COMPUTE,261.0,906.0,46.0,59.0,57.0,1502,auto,99.0,39.0
723,COMPUTE,337.0,912.0,46.0,60.0,56.0,1502,auto,100.0,29.0
724,COMPUTE,324.0,906.0,46.0,60.0,56.0,1472,auto,100.0,33.0
725,COMPUTE,220.0,912.0,46.0,60.0,57.0,1502,auto,100.0,4.0
726,COMPUTE,254.0,912.0,46.0,60.0,57.0,1502,auto,100.0,14.0
727,COMPUTE,227.0,912.0,47.0,60.0,58.0,1502,auto,99.0,10.0
728,COMPUTE,204.0,912.0,47.0,60.0,57.0,1502,auto,99.0,10.0
729,COMPUTE,132.0,912.0,47.0,61.0,57.0,1502,auto,100.0,0.0
730,COMPUTE,216.0,912.0,47.0,61.0,59.0,1472,auto,100.0,6.0
731,COMPUTE,368.0,912.0,47.0,59.0,62.0,1404,auto,100.0,20.0
732,COMPUTE,322.0,850.0,46.0,60.0,66.0,1319,auto,98.0,68.0
733,COMPUTE,324.0,862.0,46.0,59.0,65.0,1319,auto,99.0,66.0
734,COMPUTE,303.0,881.0,46.0,60.0,64.0,1283,auto,99.0,60.0
735,COMPUTE,314.0,856.0,47.0,59.0,63.0,1319,auto,99.0,60.0
736,COMPUTE,318.0,856.0,47.0,60.0,63.0,1319,auto,99.0,60.0
737,COMPUTE,301.0,856.0,47.0,60.0,62.0,1283,auto,99.0,38.0
738,COMPUTE,315.0,843.0,46.0,59.0,61.0,1319,auto,99.0,60.0
739,COMPUTE,336.0,806.0,46.0,60.0,57.0,1319,auto,99.0,60.0
740,COMPUTE,268.0,806.0,46.0,60.0,57.0,1502,auto,100.0,28.0
741,COMPUTE,267.0,793.0,46.0,60.0,56.0,1502,auto,100.0,25.0
742,COMPUTE,246.0,806.0,46.0,60.0,54.0,1502,auto,99.0,29.0
743,COMPUTE,160.0,806.0,46.0,60.0,55.0,1502,auto,100.0,1.0
744,COMPUTE,210.0,806.0,46.0,60.0,55.0,1502,auto,100.0,3.0
745,COMPUTE,209.0,825.0,46.0,60.0,56.0,1502,auto,99.0,3.0
746,COMPUTE,205.0,812.0,46.0,60.0,58.0,1502,auto,100.0,4.0
747,COMPUTE,272.0,912.0,46.0,60.0,58.0,1502,auto,99.0,55.0
748,COMPUTE,215.0,881.0,47.0,60.0,57.0,1502,auto,99.0,20.0
749,COMPUTE,246.0,906.0,47.0,60.0,57.0,1502,auto,99.0,48.0
750,COMPUTE,257.0,906.0,47.0,60.0,57.0,1502,auto,99.0,38.0
751,COMPUTE,216.0,912.0,47.0,60.0,57.0,1502,auto,100.0,5.0
752,COMPUTE,222.0,912.0,47.0,60.0,57.0,1502,auto,100.0,11.0
753,COMPUTE,261.0,912.0,48.0,61.0,58.0,1502,auto,99.0,13.0
754,COMPUTE,135.0,893.0,47.0,62.0,59.0,1502,auto,100.0,0.0
755,COMPUTE,218.0,912.0,47.0,62.0,59.0,1472,auto,100.0,5.0
756,COMPUTE,227.0,912.0,48.0,62.0,59.0,1430,auto,100.0,4.0
757,COMPUTE,294.0,912.0,47.0,61.0,61.0,1363,auto,100.0,14.0
758,COMPUTE,269.0,912.0,47.0,60.0,62.0,1502,auto,100.0,3.0
759,COMPUTE,330.0,793.0,45.0,57.0,55.0,1430,auto,99.0,31.0
760,COMPUTE,258.0,825.0,46.0,59.0,56.0,1502,auto,99.0,25.0
761,COMPUTE,259.0,806.0,46.0,60.0,55.0,1502,auto,99.0,25.0
762,COMPUTE,260.0,825.0,46.0,60.0,57.0,1502,auto,99.0,25.0
763,COMPUTE,266.0,812.0,46.0,61.0,56.0,1502,auto,99.0,33.0
764,COMPUTE,259.0,825.0,46.0,60.0,57.0,1502,auto,100.0,25.0
765,COMPUTE,259.0,806.0,46.0,60.0,55.0,1502,auto,99.0,27.0
766,COMPUTE,210.0,806.0,46.0,60.0,56.0,1502,auto,99.0,3.0
767,COMPUTE,208.0,812.0,47.0,60.0,58.0,1502,auto,99.0,5.0
768,COMPUTE,232.0,812.0,47.0,60.0,59.0,1502,auto,99.0,24.0
769,COMPUTE,209.0,918.0,47.0,60.0,57.0,1502,auto,100.0,3.0
770,COMPUTE,245.0,906.0,48.0,61.0,57.0,1502,auto,100.0,13.0
771,COMPUTE,238.0,912.0,47.0,61.0,57.0,1502,auto,100.0,11.0
772,COMPUTE,234.0,912.0,47.0,60.0,57.0,1502,auto,99.0,10.0
773,COMPUTE,203.0,912.0,47.0,61.0,58.0,1502,auto,99.0,9.0
774,COMPUTE,280.0,912.0,48.0,61.0,59.0,1502,auto,100.0,15.0
775,COMPUTE,202.0,912.0,47.0,61.0,61.0,1502,auto,100.0,7.0
776,COMPUTE,209.0,912.0,48.0,61.0,60.0,1472,auto,100.0,8.0
777,COMPUTE,150.0,912.0,47.0,61.0,67.0,1404,auto,99.0,34.0
778,COMPUTE,318.0,856.0,47.0,60.0,64.0,1319,auto,99.0,60.0
779,COMPUTE,209.0,912.0,45.0,55.0,56.0,1502,auto,100.0,15.0
780,COMPUTE,252.0,912.0,47.0,60.0,57.0,1502,auto,100.0,11.0
781,COMPUTE,252.0,912.0,47.0,60.0,58.0,1502,auto,100.0,11.0
782,COMPUTE,200.0,912.0,47.0,61.0,58.0,1502,auto,100.0,12.0
783,COMPUTE,242.0,925.0,47.0,61.0,58.0,1502,auto,99.0,14.0
784,COMPUTE,250.0,912.0,48.0,62.0,58.0,1502,auto,99.0,11.0
785,COMPUTE,139.0,925.0,48.0,62.0,58.0,1502,auto,100.0,0.0
786,COMPUTE,286.0,893.0,47.0,61.0,59.0,1363,auto,100.0,16.0
787,COMPUTE,231.0,912.0,47.0,61.0,61.0,1404,auto,100.0,6.0
788,COMPUTE,234.0,918.0,47.0,60.0,65.0,1363,auto,99.0,14.0
789,COMPUTE,346.0,912.0,46.0,60.0,64.0,1319,auto,99.0,30.0
790,COMPUTE,324.0,868.0,47.0,59.0,64.0,1319,auto,99.0,72.0
791,COMPUTE,324.0,831.0,47.0,60.0,64.0,1319,auto,99.0,73.0
792,COMPUTE,334.0,893.0,47.0,60.0,64.0,1319,auto,99.0,72.0
793,COMPUTE,243.0,912.0,46.0,60.0,64.0,1319,auto,99.0,13.0
794,COMPUTE,324.0,868.0,46.0,61.0,66.0,1283,auto,99.0,75.0
795,COMPUTE,141.0,881.0,47.0,60.0,64.0,1319,auto,99.0,64.0
796,COMPUTE,306.0,900.0,47.0,60.0,63.0,1235,auto,99.0,54.0
797,COMPUTE,314.0,825.0,47.0,60.0,63.0,1319,auto,99.0,60.0
798,COMPUTE,229.0,831.0,47.0,60.0,62.0,1319,auto,99.0,58.0
799,COMPUTE,324.0,850.0,47.0,60.0,61.0,1319,auto,100.0,60.0
800,COMPUTE,153.0,825.0,47.0,60.0,61.0,1319,auto,99.0,55.0
801,COMPUTE,151.0,793.0,47.0,60.0,60.0,1319,auto,98.0,54.0
802,COMPUTE,216.0,793.0,47.0,61.0,58.0,1404,auto,100.0,57.0
803,COMPUTE,266.0,800.0,47.0,61.0,57.0,1502,auto,100.0,31.0
804,COMPUTE,261.0,775.0,46.0,60.0,57.0,1502,auto,100.0,27.0
805,COMPUTE,211.0,806.0,46.0,60.0,56.0,1502,auto,100.0,30.0
806,COMPUTE,262.0,793.0,46.0,61.0,56.0,1502,auto,100.0,37.0
807,COMPUTE,205.0,806.0,47.0,60.0,57.0,1502,auto,100.0,4.0
808,COMPUTE,234.0,825.0,47.0,60.0,59.0,1502,auto,100.0,27.0
809,COMPUTE,235.0,806.0,47.0,60.0,59.0,1502,auto,99.0,26.0
810,COMPUTE,305.0,887.0,47.0,60.0,58.0,1472,auto,99.0,37.0
811,COMPUTE,287.0,906.0,47.0,60.0,58.0,1502,auto,99.0,56.0
812,COMPUTE,219.0,912.0,48.0,61.0,58.0,1502,auto,100.0,8.0
813,COMPUTE,202.0,912.0,47.0,61.0,58.0,1502,auto,100.0,10.0
814,COMPUTE,259.0,912.0,48.0,61.0,57.0,1502,auto,100.0,14.0
815,COMPUTE,254.0,912.0,48.0,61.0,57.0,1502,auto,100.0,12.0
816,COMPUTE,242.0,906.0,47.0,61.0,57.0,1502,auto,100.0,14.0
817,COMPUTE,216.0,912.0,47.0,61.0,57.0,1502,auto,100.0,13.0
818,COMPUTE,315.0,906.0,48.0,62.0,58.0,1404,auto,100.0,15.0
819,COMPUTE,224.0,906.0,48.0,62.0,58.0,1430,auto,100.0,6.0
820,COMPUTE,124.0,912.0,48.0,62.0,58.0,1502,auto,100.0,3.0
821,COMPUTE,275.0,906.0,48.0,62.0,59.0,1404,auto,100.0,9.0
822,COMPUTE,145.0,912.0,47.0,62.0,59.0,1502,auto,100.0,1.0
823,COMPUTE,303.0,912.0,48.0,61.0,59.0,1472,auto,100.0,14.0
824,COMPUTE,313.0,912.0,48.0,61.0,60.0,1363,auto,100.0,12.0
825,COMPUTE,294.0,912.0,47.0,61.0,60.0,1363,auto,100.0,18.0
826,COMPUTE,218.0,912.0,48.0,61.0,60.0,1430,auto,100.0,6.0
827,COMPUTE,215.0,912.0,48.0,61.0,60.0,1430,auto,100.0,7.0
828,COMPUTE,253.0,906.0,48.0,60.0,63.0,1363,auto,100.0,11.0
829,COMPUTE,239.0,850.0,47.0,61.0,67.0,1283,auto,99.0,60.0
830,COMPUTE,362.0,912.0,47.0,61.0,66.0,1363,auto,99.0,35.0
831,COMPUTE,324.0,912.0,48.0,61.0,66.0,1319,auto,100.0,73.0
832,COMPUTE,315.0,900.0,48.0,60.0,65.0,1235,auto,100.0,46.0
833,COMPUTE,323.0,881.0,47.0,60.0,64.0,1319,auto,99.0,60.0
834,COMPUTE,307.0,906.0,47.0,60.0,62.0,1235,auto,99.0,52.0
835,COMPUTE,251.0,831.0,47.0,60.0,62.0,1283,auto,99.0,53.0
836,COMPUTE,237.0,887.0,48.0,60.0,63.0,1319,auto,99.0,53.0
837,COMPUTE,323.0,837.0,47.0,61.0,61.0,1283,auto,99.0,61.0
838,COMPUTE,291.0,831.0,47.0,61.0,59.0,1235,auto,100.0,60.0
839,COMPUTE,308.0,793.0,47.0,61.0,59.0,1235,auto,100.0,61.0
840,COMPUTE,305.0,781.0,47.0,61.0,58.0,1319,auto,99.0,31.0
841,COMPUTE,153.0,768.0,47.0,61.0,55.0,1502,auto,100.0,30.0
842,COMPUTE,161.0,793.0,47.0,61.0,55.0,1502,auto,100.0,1.0
843,COMPUTE,212.0,762.0,47.0,61.0,57.0,1502,auto,100.0,4.0
844,COMPUTE,206.0,812.0,47.0,60.0,57.0,1502,auto,100.0,4.0
845,COMPUTE,206.0,806.0,47.0,60.0,58.0,1502,auto,100.0,4.0
846,COMPUTE,205.0,787.0,47.0,61.0,57.0,1502,auto,100.0,4.0
847,COMPUTE,244.0,912.0,47.0,60.0,57.0,1502,auto,99.0,46.0
848,COMPUTE,215.0,912.0,47.0,61.0,58.0,1502,auto,100.0,11.0
849,COMPUTE,230.0,912.0,48.0,61.0,58.0,1502,auto,100.0,11.0
850,COMPUTE,245.0,912.0,48.0,61.0,58.0,1502,auto,100.0,14.0
851,COMPUTE,245.0,918.0,47.0,61.0,58.0,1502,auto,100.0,13.0
852,COMPUTE,215.0,912.0,47.0,61.0,58.0,1502,auto,100.0,5.0
853,COMPUTE,227.0,912.0,48.0,61.0,58.0,1502,auto,100.0,8.0
854,COMPUTE,219.0,912.0,48.0,61.0,58.0,1502,auto,100.0,12.0
855,COMPUTE,259.0,912.0,48.0,61.0,58.0,1502,auto,100.0,14.0
856,COMPUTE,228.0,912.0,48.0,61.0,58.0,1502,auto,100.0,12.0
857,COMPUTE,141.0,912.0,48.0,62.0,58.0,1502,auto,100.0,1.0
858,COMPUTE,233.0,906.0,48.0,62.0,59.0,1430,auto,100.0,6.0
859,COMPUTE,224.0,912.0,48.0,62.0,59.0,1430,auto,100.0,8.0
860,COMPUTE,217.0,912.0,48.0,62.0,60.0,1472,auto,100.0,8.0
861,COMPUTE,218.0,912.0,48.0,61.0,60.0,1430,auto,100.0,7.0
862,COMPUTE,238.0,912.0,48.0,60.0,60.0,1502,auto,100.0,4.0
863,COMPUTE,286.0,781.0,46.0,59.0,56.0,1319,auto,100.0,31.0
864,COMPUTE,262.0,793.0,46.0,60.0,57.0,1502,auto,100.0,25.0
865,COMPUTE,260.0,806.0,47.0,60.0,57.0,1502,auto,100.0,25.0
866,COMPUTE,160.0,775.0,47.0,61.0,56.0,1502,auto,100.0,21.0
867,COMPUTE,160.0,806.0,47.0,61.0,56.0,1502,auto,100.0,1.0
868,COMPUTE,258.0,793.0,47.0,61.0,56.0,1502,auto,100.0,32.0
869,COMPUTE,260.0,806.0,46.0,60.0,57.0,1502,auto,100.0,25.0
870,COMPUTE,211.0,787.0,47.0,61.0,57.0,1502,auto,99.0,3.0
871,COMPUTE,205.0,806.0,48.0,60.0,59.0,1502,auto,100.0,4.0
872,COMPUTE,206.0,793.0,47.0,60.0,58.0,1502,auto,100.0,4.0
873,COMPUTE,188.0,806.0,47.0,61.0,59.0,1502,auto,100.0,24.0
874,COMPUTE,216.0,912.0,48.0,61.0,58.0,1502,auto,100.0,5.0
875,COMPUTE,224.0,912.0,48.0,61.0,57.0,1502,auto,100.0,8.0
876,COMPUTE,224.0,912.0,48.0,61.0,57.0,1502,auto,100.0,10.0
877,COMPUTE,230.0,912.0,48.0,61.0,58.0,1502,auto,100.0,11.0
878,COMPUTE,199.0,906.0,48.0,62.0,58.0,1502,auto,100.0,11.0
879,COMPUTE,200.0,912.0,48.0,62.0,57.0,1502,auto,100.0,11.0
880,COMPUTE,312.0,912.0,48.0,62.0,59.0,1363,auto,100.0,15.0
881,COMPUTE,314.0,912.0,48.0,61.0,60.0,1363,auto,100.0,20.0
882,COMPUTE,272.0,912.0,48.0,62.0,59.0,1363,auto,100.0,13.0
883,COMPUTE,256.0,906.0,48.0,61.0,60.0,1363,auto,100.0,11.0
884,COMPUTE,340.0,912.0,48.0,62.0,61.0,1363,auto,100.0,18.0
885,COMPUTE,240.0,912.0,47.0,61.0,61.0,1404,auto,100.0,8.0
886,COMPUTE,237.0,912.0,48.0,61.0,61.0,1404,auto,100.0,8.0
887,COMPUTE,195.0,906.0,48.0,60.0,64.0,1502,auto,100.0,12.0
888,COMPUTE,324.0,893.0,47.0,61.0,67.0,1319,auto,99.0,73.0
889,COMPUTE,310.0,850.0,48.0,60.0,64.0,1235,auto,99.0,50.0
890,COMPUTE,261.0,856.0,47.0,60.0,64.0,1283,auto,99.0,47.0
891,COMPUTE,152.0,862.0,48.0,60.0,64.0,1319,auto,99.0,44.0
892,COMPUTE,324.0,831.0,47.0,60.0,65.0,1319,auto,100.0,73.0
893,COMPUTE,311.0,868.0,48.0,61.0,63.0,1283,auto,99.0,61.0
894,COMPUTE,309.0,887.0,47.0,60.0,62.0,1283,auto,100.0,61.0
895,COMPUTE,311.0,862.0,47.0,60.0,63.0,1235,auto,99.0,42.0
896,COMPUTE,309.0,812.0,47.0,61.0,58.0,1283,auto,100.0,62.0
897,COMPUTE,265.0,787.0,47.0,61.0,58.0,1502,auto,100.0,26.0
898,COMPUTE,326.0,812.0,47.0,61.0,57.0,1363,auto,99.0,32.0
899,COMPUTE,261.0,775.0,47.0,61.0,57.0,1502,auto,100.0,25.0
900,COMPUTE,240.0,787.0,47.0,61.0,56.0,1502,auto,100.0,29.0
901,COMPUTE,261.0,812.0,47.0,60.0,57.0,1502,auto,100.0,25.0
902,COMPUTE,269.0,806.0,46.0,61.0,57.0,1502,auto,100.0,28.0
903,COMPUTE,261.0,912.0,47.0,61.0,56.0,1502,auto,100.0,25.0
904,COMPUTE,250.0,912.0,47.0,60.0,63.0,1363,auto,99.0,17.0
905,COMPUTE,346.0,906.0,47.0,60.0,66.0,1363,auto,100.0,35.0
906,COMPUTE,334.0,906.0,47.0,61.0,66.0,1404,auto,99.0,33.0
907,COMPUTE,169.0,831.0,47.0,60.0,65.0,1319,auto,99.0,64.0
908,COMPUTE,300.0,850.0,47.0,60.0,64.0,1283,auto,99.0,54.0
909,COMPUTE,332.0,825.0,47.0,60.0,63.0,1319,auto,99.0,56.0
910,COMPUTE,300.0,825.0,47.0,61.0,61.0,1283,auto,100.0,59.0
911,COMPUTE,314.0,787.0,47.0,60.0,59.0,1319,auto,99.0,60.0
912,COMPUTE,285.0,806.0,47.0,62.0,57.0,1319,auto,100.0,30.0
913,COMPUTE,295.0,825.0,47.0,61.0,57.0,1319,auto,100.0,30.0
914,COMPUTE,294.0,806.0,47.0,61.0,58.0,1319,auto,100.0,30.0
915,COMPUTE,301.0,812.0,47.0,61.0,58.0,1363,auto,99.0,30.0
916,COMPUTE,268.0,806.0,46.0,60.0,58.0,1502,auto,100.0,28.0
917,COMPUTE,261.0,787.0,47.0,61.0,56.0,1502,auto,100.0,46.0
918,COMPUTE,205.0,806.0,47.0,60.0,58.0,1502,auto,100.0,4.0
919,COMPUTE,205.0,806.0,47.0,61.0,57.0,1502,auto,100.0,4.0
920,COMPUTE,207.0,831.0,47.0,60.0,59.0,1502,auto,100.0,5.0
921,COMPUTE,262.0,906.0,48.0,61.0,58.0,1502,auto,100.0,38.0
922,COMPUTE,239.0,912.0,48.0,61.0,58.0,1502,auto,100.0,11.0
923,COMPUTE,252.0,912.0,48.0,61.0,58.0,1502,auto,100.0,14.0
924,COMPUTE,251.0,912.0,47.0,61.0,58.0,1502,auto,100.0,12.0
925,COMPUTE,209.0,912.0,47.0,61.0,58.0,1502,auto,100.0,10.0
926,COMPUTE,224.0,912.0,48.0,62.0,60.0,1430,auto,100.0,8.0
927,COMPUTE,361.0,912.0,48.0,61.0,61.0,1430,auto,100.0,19.0
928,COMPUTE,290.0,906.0,48.0,62.0,60.0,1363,auto,100.0,16.0
929,COMPUTE,377.0,906.0,47.0,60.0,63.0,1430,auto,100.0,23.0
930,COMPUTE,313.0,918.0,47.0,60.0,67.0,1283,auto,99.0,66.0
931,COMPUTE,294.0,912.0,48.0,61.0,64.0,1283,auto,99.0,55.0
932,COMPUTE,324.0,850.0,47.0,61.0,66.0,1319,auto,99.0,73.0
933,COMPUTE,325.0,881.0,47.0,60.0,65.0,1319,auto,99.0,73.0
934,COMPUTE,330.0,825.0,47.0,60.0,65.0,1319,auto,99.0,69.0
935,COMPUTE,305.0,850.0,47.0,61.0,64.0,1283,auto,99.0,58.0
936,COMPUTE,331.0,831.0,48.0,61.0,62.0,1319,auto,99.0,59.0
937,COMPUTE,300.0,856.0,47.0,61.0,61.0,1283,auto,99.0,54.0
938,COMPUTE,297.0,812.0,47.0,61.0,59.0,1363,auto,98.0,56.0
939,COMPUTE,284.0,787.0,47.0,62.0,58.0,1363,auto,100.0,30.0
940,COMPUTE,280.0,800.0,46.0,61.0,58.0,1363,auto,99.0,30.0
941,COMPUTE,260.0,806.0,47.0,60.0,57.0,1502,auto,100.0,25.0
942,COMPUTE,213.0,806.0,47.0,60.0,58.0,1502,auto,99.0,4.0
943,COMPUTE,270.0,900.0,47.0,61.0,57.0,1502,auto,99.0,55.0
944,COMPUTE,243.0,912.0,48.0,60.0,56.0,1502,auto,99.0,38.0
945,COMPUTE,145.0,906.0,47.0,61.0,58.0,1502,auto,100.0,1.0
946,COMPUTE,167.0,912.0,48.0,61.0,57.0,1502,auto,100.0,1.0
947,COMPUTE,253.0,912.0,48.0,61.0,58.0,1502,auto,100.0,13.0
948,COMPUTE,143.0,893.0,48.0,62.0,59.0,1502,auto,100.0,0.0
949,COMPUTE,267.0,912.0,48.0,62.0,57.0,1502,auto,99.0,16.0
950,COMPUTE,240.0,906.0,48.0,62.0,59.0,1430,auto,100.0,11.0
951,COMPUTE,272.0,906.0,48.0,61.0,62.0,1363,auto,100.0,17.0
952,COMPUTE,223.0,912.0,48.0,61.0,60.0,1430,auto,100.0,7.0
953,COMPUTE,198.0,906.0,48.0,61.0,62.0,1472,auto,100.0,7.0
954,COMPUTE,331.0,912.0,47.0,61.0,62.0,1472,auto,100.0,16.0
955,COMPUTE,350.0,912.0,48.0,61.0,67.0,1404,auto,99.0,30.0
956,COMPUTE,248.0,862.0,48.0,60.0,66.0,1319,auto,100.0,66.0
957,COMPUTE,310.0,862.0,47.0,60.0,66.0,1283,auto,99.0,48.0
958,COMPUTE,323.0,825.0,47.0,60.0,65.0,1283,auto,100.0,73.0
959,COMPUTE,303.0,831.0,47.0,60.0,64.0,1283,auto,99.0,58.0
960,COMPUTE,239.0,868.0,48.0,61.0,62.0,1283,auto,97.0,42.0
961,COMPUTE,304.0,887.0,48.0,61.0,62.0,1283,auto,99.0,59.0
962,COMPUTE,318.0,793.0,47.0,61.0,61.0,1319,auto,99.0,58.0
963,COMPUTE,284.0,787.0,47.0,62.0,58.0,1363,auto,100.0,30.0
964,COMPUTE,261.0,793.0,47.0,60.0,57.0,1502,auto,99.0,26.0
965,COMPUTE,163.0,806.0,47.0,61.0,56.0,1502,auto,99.0,1.0
966,COMPUTE,259.0,800.0,47.0,61.0,56.0,1502,auto,99.0,37.0
967,COMPUTE,222.0,918.0,46.0,60.0,56.0,1502,auto,100.0,5.0
968,COMPUTE,49.0,662.0,44.0,48.0,52.0,300,auto,0.0,2.0
969,COMPUTE,48.0,668.0,43.0,47.0,51.0,300,auto,0.0,2.0
970,COMPUTE,40.0,662.0,43.0,46.0,48.0,300,auto,0.0,0.0
971,COMPUTE,40.0,925.0,42.0,46.0,49.0,300,auto,0.0,0.0
972,COMPUTE,245.0,893.0,45.0,60.0,49.0,1430,auto,100.0,0.0
973,COMPUTE,293.0,843.0,46.0,62.0,49.0,1404,auto,99.0,0.0
974,COMPUTE,224.0,906.0,46.0,63.0,49.0,1502,auto,100.0,0.0
975,COMPUTE,294.0,843.0,46.0,62.0,49.0,1404,auto,100.0,0.0
976,COMPUTE,205.0,912.0,46.0,63.0,48.0,1502,auto,100.0,1.0
977,COMPUTE,289.0,818.0,46.0,63.0,50.0,1404,auto,100.0,0.0
978,COMPUTE,307.0,918.0,46.0,63.0,49.0,1430,auto,99.0,0.0
979,COMPUTE,294.0,843.0,46.0,62.0,50.0,1404,auto,100.0,0.0
980,COMPUTE,175.0,912.0,47.0,63.0,50.0,1502,auto,99.0,1.0
981,COMPUTE,298.0,925.0,46.0,63.0,50.0,1502,auto,99.0,0.0
982,COMPUTE,290.0,831.0,47.0,63.0,49.0,1404,auto,99.0,0.0
983,COMPUTE,307.0,881.0,47.0,63.0,50.0,1430,auto,99.0,0.0
984,COMPUTE,294.0,843.0,47.0,62.0,49.0,1404,auto,99.0,0.0
985,COMPUTE,273.0,912.0,47.0,63.0,49.0,1502,auto,99.0,1.0
986,BOOTUP DEFAULT,293.0,843.0,47.0,63.0,49.0,1404,auto,100.0,0.0
987,BOOTUP DEFAULT,305.0,893.0,47.0,62.0,49.0,1430,auto,99.0,0.0
988,BOOTUP DEFAULT,209.0,856.0,47.0,63.0,49.0,1502,auto,99.0,0.0
989,BOOTUP DEFAULT,294.0,843.0,47.0,63.0,49.0,1404,auto,99.0,0.0
990,BOOTUP DEFAULT,224.0,912.0,47.0,64.0,49.0,1502,auto,99.0,0.0
991,BOOTUP DEFAULT,334.0,862.0,47.0,64.0,49.0,1472,auto,99.0,0.0
992,BOOTUP DEFAULT,226.0,906.0,47.0,64.0,49.0,1502,auto,99.0,1.0
993,BOOTUP DEFAULT,295.0,843.0,47.0,63.0,49.0,1363,auto,100.0,0.0
994,BOOTUP DEFAULT,226.0,893.0,47.0,64.0,49.0,1502,auto,99.0,0.0
995,BOOTUP DEFAULT,294.0,862.0,47.0,63.0,49.0,1404,auto,99.0,0.0
996,BOOTUP DEFAULT,224.0,925.0,47.0,64.0,49.0,1502,auto,99.0,0.0
997,BOOTUP DEFAULT,295.0,818.0,47.0,64.0,49.0,1404,auto,100.0,0.0
998,BOOTUP DEFAULT,225.0,906.0,47.0,63.0,49.0,1502,auto,99.0,1.0
999,BOOTUP DEFAULT,295.0,843.0,47.0,63.0,49.0,1363,auto,99.0,0.0
1000,BOOTUP DEFAULT,219.0,906.0,47.0,64.0,49.0,1502,auto,99.0,2.0
1001,BOOTUP DEFAULT,294.0,856.0,47.0,63.0,49.0,1363,auto,99.0,0.0
1002,BOOTUP DEFAULT,224.0,906.0,47.0,64.0,49.0,1502,auto,99.0,0.0
1003,BOOTUP DEFAULT,297.0,856.0,47.0,62.0,49.0,1404,auto,99.0,0.0
1004,BOOTUP DEFAULT,42.0,668.0,44.0,48.0,49.0,300,auto,0.0,0.0
1005,BOOTUP DEFAULT,41.0,668.0,43.0,47.0,48.0,300,auto,0.0,0.0
