index,power_profile,power_usage,voltage,edge_temperature,junction_temperature,memory_temperature,sclk,performance,gpu_usage,memory_usage
0,POWER SAVING,39.0,668.0,33.0,36.0,40.0,300,manual,0.0,0.0
1,POWER SAVING,39.0,668.0,33.0,37.0,40.0,300,manual,0.0,0.0
2,POWER SAVING,39.0,662.0,33.0,36.0,40.0,300,manual,0.0,0.0
3,POWER SAVING,39.0,662.0,32.0,36.0,40.0,300,manual,0.0,0.0
4,POWER SAVING,39.0,662.0,32.0,35.0,39.0,300,manual,0.0,0.0
5,POWER SAVING,39.0,668.0,32.0,36.0,39.0,300,manual,0.0,0.0
6,POWER SAVING,39.0,662.0,31.0,35.0,39.0,300,manual,0.0,0.0
7,POWER SAVING,39.0,662.0,31.0,35.0,39.0,300,manual,0.0,0.0
8,POWER SAVING,39.0,662.0,31.0,35.0,39.0,300,manual,0.0,0.0
9,POWER SAVING,39.0,925.0,31.0,35.0,39.0,1502,manual,0.0,0.0
10,POWER SAVING,39.0,925.0,31.0,35.0,38.0,300,manual,0.0,0.0
11,POWER SAVING,54.0,662.0,31.0,35.0,39.0,300,manual,2.0,0.0
12,POWER SAVING,37.0,662.0,31.0,35.0,39.0,300,manual,0.0,0.0
13,POWER SAVING,38.0,662.0,31.0,34.0,38.0,300,manual,0.0,0.0
14,POWER SAVING,38.0,662.0,30.0,34.0,38.0,300,manual,0.0,0.0
15,POWER SAVING,83.0,662.0,30.0,36.0,38.0,1502,manual,7.0,0.0
16,POWER SAVING,37.0,662.0,30.0,34.0,38.0,300,manual,0.0,0.0
17,POWER SAVING,36.0,668.0,30.0,34.0,37.0,300,manual,0.0,0.0
18,POWER SAVING,36.0,668.0,30.0,33.0,37.0,300,manual,0.0,0.0
19,POWER SAVING,37.0,675.0,29.0,33.0,38.0,300,manual,0.0,0.0
20,POWER SAVING,37.0,662.0,29.0,33.0,37.0,300,manual,0.0,0.0
21,POWER SAVING,37.0,662.0,29.0,33.0,37.0,300,manual,0.0,0.0
22,POWER SAVING,36.0,662.0,29.0,33.0,37.0,300,manual,0.0,0.0
23,POWER SAVING,35.0,662.0,29.0,33.0,36.0,300,manual,0.0,0.0
24,POWER SAVING,37.0,662.0,29.0,33.0,36.0,300,manual,0.0,0.0
25,POWER SAVING,36.0,668.0,29.0,32.0,36.0,300,manual,0.0,0.0
26,POWER SAVING,36.0,662.0,29.0,32.0,37.0,300,manual,0.0,0.0
27,POWER SAVING,35.0,662.0,28.0,33.0,36.0,300,manual,0.0,0.0
28,POWER SAVING,36.0,662.0,29.0,32.0,36.0,300,manual,0.0,0.0
29,POWER SAVING,36.0,662.0,28.0,32.0,36.0,300,manual,0.0,0.0
30,POWER SAVING,37.0,668.0,28.0,32.0,36.0,300,manual,0.0,0.0
31,POWER SAVING,37.0,662.0,28.0,32.0,35.0,300,manual,0.0,0.0
32,POWER SAVING,35.0,918.0,28.0,32.0,35.0,300,manual,0.0,0.0
33,POWER SAVING,35.0,662.0,28.0,32.0,35.0,300,manual,0.0,0.0
34,POWER SAVING,36.0,662.0,28.0,32.0,35.0,300,manual,0.0,0.0
35,POWER SAVING,35.0,668.0,27.0,31.0,35.0,300,manual,0.0,0.0
36,POWER SAVING,38.0,668.0,27.0,31.0,35.0,300,manual,0.0,0.0
37,POWER SAVING,38.0,662.0,27.0,31.0,35.0,300,manual,4.0,0.0
38,POWER SAVING,37.0,662.0,27.0,32.0,35.0,300,manual,0.0,0.0
39,POWER SAVING,38.0,925.0,27.0,31.0,35.0,300,manual,0.0,0.0
40,POWER SAVING,37.0,668.0,27.0,31.0,35.0,300,manual,0.0,0.0
41,POWER SAVING,39.0,668.0,27.0,31.0,35.0,300,manual,0.0,0.0
42,POWER SAVING,38.0,662.0,27.0,31.0,34.0,300,manual,0.0,0.0
43,POWER SAVING,38.0,668.0,26.0,31.0,34.0,300,manual,0.0,0.0
44,POWER SAVING,37.0,662.0,27.0,30.0,34.0,300,manual,0.0,0.0
45,POWER SAVING,37.0,668.0,27.0,31.0,34.0,300,manual,0.0,0.0
46,POWER SAVING,67.0,912.0,26.0,30.0,34.0,1502,manual,7.0,0.0
47,POWER SAVING,37.0,668.0,27.0,31.0,34.0,300,manual,0.0,0.0
48,POWER SAVING,37.0,675.0,26.0,30.0,34.0,300,manual,0.0,0.0
49,POWER SAVING,35.0,668.0,26.0,30.0,34.0,300,manual,0.0,0.0
50,POWER SAVING,37.0,662.0,26.0,30.0,34.0,300,manual,0.0,0.0
51,POWER SAVING,38.0,668.0,26.0,30.0,34.0,300,manual,0.0,0.0
52,POWER SAVING,37.0,662.0,26.0,30.0,34.0,300,manual,0.0,0.0
53,POWER SAVING,72.0,668.0,26.0,30.0,33.0,1502,manual,7.0,0.0
54,POWER SAVING,38.0,662.0,26.0,30.0,34.0,300,manual,0.0,0.0
55,POWER SAVING,37.0,662.0,25.0,30.0,34.0,300,manual,2.0,0.0
56,POWER SAVING,38.0,668.0,26.0,30.0,33.0,300,manual,0.0,0.0
57,POWER SAVING,37.0,675.0,26.0,30.0,33.0,300,manual,0.0,0.0
58,POWER SAVING,37.0,743.0,26.0,30.0,33.0,300,manual,0.0,0.0
59,POWER SAVING,38.0,662.0,25.0,30.0,33.0,300,manual,0.0,0.0
60,POWER SAVING,35.0,662.0,25.0,29.0,33.0,300,manual,0.0,0.0
61,POWER SAVING,302.0,918.0,28.0,38.0,36.0,1472,manual,100.0,38.0
62,POWER SAVING,267.0,918.0,29.0,42.0,39.0,1502,manual,99.0,27.0
63,POWER SAVING,273.0,900.0,30.0,43.0,39.0,1502,manual,99.0,24.0
64,POWER SAVING,193.0,893.0,31.0,43.0,40.0,1502,manual,99.0,10.0
65,POWER SAVING,245.0,893.0,31.0,43.0,41.0,1502,manual,99.0,9.0
66,POWER SAVING,251.0,893.0,31.0,45.0,41.0,1502,manual,99.0,21.0
67,POWER SAVING,117.0,900.0,31.0,45.0,41.0,1502,manual,53.0,1.0
68,POWER SAVING,72.0,918.0,32.0,45.0,42.0,1502,manual,12.0,0.0
69,POWER SAVING,256.0,918.0,32.0,45.0,41.0,1502,manual,99.0,17.0
70,POWER SAVING,322.0,906.0,32.0,45.0,42.0,1472,manual,99.0,14.0
71,POWER SAVING,291.0,906.0,32.0,45.0,41.0,1502,manual,75.0,28.0
72,POWER SAVING,230.0,918.0,32.0,46.0,42.0,1502,manual,99.0,12.0
73,POWER SAVING,228.0,906.0,33.0,46.0,43.0,1502,manual,99.0,21.0
74,POWER SAVING,39.0,662.0,30.0,35.0,39.0,300,manual,0.0,0.0
75,POWER SAVING,39.0,662.0,30.0,33.0,38.0,300,manual,0.0,0.0
76,POWER SAVING,254.0,893.0,31.0,43.0,41.0,1502,manual,98.0,19.0
77,POWER SAVING,292.0,893.0,32.0,44.0,41.0,1502,manual,99.0,22.0
78,POWER SAVING,225.0,881.0,33.0,46.0,43.0,1502,manual,98.0,16.0
79,POWER SAVING,216.0,887.0,33.0,47.0,43.0,1502,manual,51.0,15.0
80,POWER SAVING,71.0,906.0,33.0,47.0,43.0,1502,manual,21.0,1.0
81,POWER SAVING,270.0,881.0,33.0,47.0,43.0,1502,manual,99.0,26.0
82,POWER SAVING,183.0,912.0,34.0,47.0,43.0,1502,manual,99.0,9.0
83,POWER SAVING,222.0,918.0,34.0,48.0,44.0,1502,manual,99.0,23.0
84,POWER SAVING,54.0,893.0,35.0,48.0,44.0,300,manual,5.0,3.0
85,POWER SAVING,299.0,912.0,35.0,48.0,44.0,1502,manual,99.0,27.0
86,POWER SAVING,245.0,900.0,35.0,48.0,44.0,1502,manual,96.0,15.0
87,POWER SAVING,126.0,893.0,35.0,48.0,45.0,1502,manual,49.0,21.0
88,POWER SAVING,263.0,893.0,35.0,49.0,44.0,1502,manual,99.0,26.0
89,POWER SAVING,141.0,893.0,35.0,47.0,45.0,1502,manual,81.0,13.0
90,POWER SAVING,73.0,912.0,35.0,46.0,44.0,1502,manual,21.0,0.0
91,POWER SAVING,256.0,900.0,34.0,41.0,42.0,1502,manual,99.0,16.0
92,POWER SAVING,244.0,881.0,35.0,48.0,43.0,1502,manual,99.0,18.0
93,POWER SAVING,274.0,912.0,35.0,49.0,45.0,1502,manual,99.0,24.0
94,POWER SAVING,166.0,900.0,35.0,49.0,45.0,1502,manual,89.0,14.0
95,POWER SAVING,276.0,937.0,36.0,50.0,45.0,1502,manual,91.0,29.0
96,POWER SAVING,274.0,912.0,36.0,49.0,44.0,1502,manual,100.0,39.0
97,POWER SAVING,291.0,925.0,36.0,49.0,44.0,1502,manual,99.0,14.0
98,POWER SAVING,234.0,893.0,36.0,49.0,46.0,1502,manual,99.0,14.0
99,POWER SAVING,286.0,925.0,37.0,50.0,45.0,1502,manual,100.0,41.0
100,POWER SAVING,268.0,912.0,36.0,49.0,46.0,1502,manual,99.0,16.0
101,POWER SAVING,198.0,937.0,37.0,50.0,46.0,1502,manual,99.0,14.0
102,POWER SAVING,257.0,925.0,37.0,50.0,46.0,1502,manual,100.0,19.0
103,POWER SAVING,277.0,893.0,37.0,50.0,46.0,1502,manual,99.0,13.0
104,POWER SAVING,39.0,925.0,37.0,51.0,46.0,300,manual,0.0,0.0
105,POWER SAVING,310.0,662.0,37.0,49.0,45.0,1502,manual,96.0,26.0
106,POWER SAVING,68.0,925.0,37.0,50.0,46.0,1502,manual,21.0,2.0
107,POWER SAVING,282.0,906.0,37.0,49.0,46.0,1502,manual,97.0,17.0
108,POWER SAVING,295.0,912.0,38.0,51.0,46.0,1502,manual,100.0,37.0
109,POWER SAVING,305.0,906.0,38.0,51.0,46.0,1502,manual,99.0,13.0
110,POWER SAVING,269.0,893.0,38.0,51.0,47.0,1502,manual,94.0,16.0
111,POWER SAVING,279.0,931.0,38.0,52.0,47.0,1502,manual,99.0,21.0
112,POWER SAVING,275.0,931.0,38.0,52.0,47.0,1502,manual,100.0,22.0
113,POWER SAVING,294.0,887.0,38.0,51.0,47.0,1502,manual,99.0,14.0
114,POWER SAVING,195.0,912.0,38.0,51.0,47.0,1502,manual,97.0,11.0
115,POWER SAVING,253.0,912.0,39.0,52.0,48.0,1502,manual,93.0,27.0
116,POWER SAVING,271.0,925.0,38.0,52.0,47.0,1502,manual,100.0,26.0
117,POWER SAVING,269.0,893.0,39.0,52.0,47.0,1502,manual,92.0,16.0
118,POWER SAVING,223.0,893.0,39.0,53.0,48.0,1502,manual,55.0,13.0
119,POWER SAVING,296.0,912.0,38.0,50.0,46.0,1502,manual,96.0,28.0
120,POWER SAVING,236.0,893.0,38.0,47.0,46.0,1502,manual,99.0,18.0
121,POWER SAVING,84.0,931.0,38.0,52.0,47.0,1502,manual,26.0,6.0
122,POWER SAVING,300.0,893.0,38.0,52.0,46.0,1472,manual,99.0,14.0
123,POWER SAVING,260.0,893.0,39.0,52.0,48.0,1502,manual,94.0,16.0
124,POWER SAVING,273.0,906.0,39.0,53.0,48.0,1502,manual,98.0,21.0
125,POWER SAVING,258.0,925.0,39.0,53.0,48.0,1502,manual,99.0,12.0
126,POWER SAVING,171.0,918.0,39.0,53.0,47.0,1502,manual,99.0,11.0
127,POWER SAVING,310.0,893.0,39.0,53.0,48.0,1502,manual,95.0,17.0
128,POWER SAVING,273.0,893.0,39.0,53.0,49.0,1502,manual,95.0,28.0
129,POWER SAVING,280.0,893.0,39.0,53.0,48.0,1502,manual,100.0,44.0
130,POWER SAVING,214.0,925.0,40.0,53.0,47.0,1502,manual,99.0,12.0
131,POWER SAVING,298.0,912.0,40.0,53.0,48.0,1502,manual,97.0,30.0
132,POWER SAVING,275.0,881.0,39.0,53.0,47.0,1502,manual,100.0,26.0
133,POWER SAVING,70.0,918.0,38.0,48.0,46.0,1502,manual,35.0,2.0
134,POWER SAVING,40.0,662.0,39.0,47.0,45.0,300,manual,0.0,0.0
135,POWER SAVING,289.0,893.0,39.0,53.0,49.0,1502,manual,65.0,29.0
136,POWER SAVING,291.0,931.0,40.0,53.0,48.0,1502,manual,99.0,13.0
137,POWER SAVING,308.0,925.0,40.0,53.0,49.0,1502,manual,92.0,16.0
138,POWER SAVING,76.0,918.0,40.0,54.0,49.0,1502,manual,20.0,2.0
139,POWER SAVING,237.0,881.0,40.0,53.0,49.0,1502,manual,99.0,15.0
140,POWER SAVING,270.0,943.0,40.0,54.0,48.0,1502,manual,93.0,29.0
141,POWER SAVING,291.0,912.0,40.0,54.0,49.0,1502,manual,99.0,11.0
142,POWER SAVING,82.0,931.0,40.0,55.0,48.0,1502,manual,12.0,1.0
143,POWER SAVING,306.0,900.0,40.0,54.0,49.0,1502,manual,99.0,15.0
144,POWER SAVING,304.0,912.0,40.0,54.0,48.0,1502,manual,99.0,14.0
145,POWER SAVING,78.0,937.0,41.0,54.0,49.0,1502,manual,17.0,2.0
146,POWER SAVING,268.0,912.0,41.0,54.0,48.0,1502,manual,100.0,25.0
147,POWER SAVING,179.0,893.0,41.0,54.0,49.0,1502,manual,99.0,7.0
148,POWER SAVING,313.0,881.0,40.0,52.0,48.0,1502,manual,98.0,17.0
149,POWER SAVING,72.0,925.0,40.0,52.0,48.0,1502,manual,22.0,3.0
150,POWER SAVING,304.0,925.0,41.0,54.0,49.0,1502,manual,99.0,16.0
151,POWER SAVING,242.0,893.0,40.0,53.0,49.0,1502,manual,99.0,9.0
152,POWER SAVING,255.0,906.0,41.0,54.0,50.0,1502,manual,58.0,28.0
153,POWER SAVING,274.0,906.0,41.0,55.0,49.0,1502,manual,100.0,28.0
154,POWER SAVING,233.0,906.0,41.0,54.0,49.0,1502,manual,99.0,16.0
155,POWER SAVING,287.0,881.0,41.0,55.0,49.0,1502,manual,99.0,16.0
156,POWER SAVING,228.0,918.0,41.0,54.0,49.0,1502,manual,100.0,36.0
157,POWER SAVING,260.0,912.0,41.0,54.0,49.0,1502,manual,99.0,8.0
158,POWER SAVING,250.0,906.0,41.0,55.0,49.0,1502,manual,92.0,26.0
159,POWER SAVING,228.0,912.0,41.0,55.0,50.0,1502,manual,100.0,37.0
160,POWER SAVING,242.0,912.0,41.0,54.0,50.0,1502,manual,99.0,14.0
161,POWER SAVING,253.0,912.0,41.0,54.0,49.0,1502,manual,99.0,16.0
162,POWER SAVING,67.0,925.0,40.0,50.0,48.0,1502,manual,29.0,1.0
163,POWER SAVING,58.0,925.0,40.0,46.0,47.0,1502,manual,22.0,0.0
164,POWER SAVING,236.0,862.0,41.0,53.0,50.0,1502,manual,99.0,15.0
165,POWER SAVING,42.0,893.0,41.0,54.0,50.0,1502,manual,5.0,2.0
166,POWER SAVING,257.0,906.0,41.0,54.0,49.0,1502,manual,99.0,12.0
167,POWER SAVING,279.0,875.0,41.0,54.0,50.0,1502,manual,99.0,9.0
168,POWER SAVING,299.0,893.0,42.0,55.0,50.0,1502,manual,98.0,18.0
169,POWER SAVING,271.0,943.0,42.0,55.0,50.0,1502,manual,99.0,27.0
170,POWER SAVING,117.0,912.0,42.0,54.0,50.0,1502,manual,85.0,14.0
171,POWER SAVING,265.0,893.0,42.0,55.0,51.0,1502,manual,76.0,31.0
172,POWER SAVING,256.0,918.0,42.0,55.0,50.0,1502,manual,99.0,24.0
173,POWER SAVING,238.0,893.0,42.0,55.0,50.0,1502,manual,99.0,17.0
174,POWER SAVING,296.0,906.0,42.0,55.0,50.0,1502,manual,99.0,16.0
175,POWER SAVING,279.0,912.0,42.0,55.0,50.0,1502,manual,100.0,40.0
176,POWER SAVING,194.0,881.0,42.0,55.0,50.0,1502,manual,99.0,7.0
177,POWER SAVING,291.0,900.0,41.0,53.0,49.0,1502,manual,99.0,14.0
178,POWER SAVING,39.0,662.0,38.0,43.0,46.0,300,manual,0.0,0.0
179,POWER SAVING,39.0,662.0,38.0,41.0,45.0,300,manual,0.0,0.0
