index,power_profile,power_usage,voltage,edge_temperature,junction_temperature,memory_temperature,sclk,performance,gpu_usage,memory_usage
0,BOOTUP DEFAULT,39.0,662.0,37.0,41.0,44.0,300,manual,0.0,0.0
1,BOOTUP DEFAULT,39.0,668.0,37.0,40.0,44.0,300,manual,0.0,0.0
2,BOOTUP DEFAULT,39.0,662.0,37.0,40.0,44.0,300,manual,0.0,0.0
3,BOOTUP DEFAULT,39.0,662.0,36.0,40.0,44.0,300,manual,0.0,0.0
4,BOOTUP DEFAULT,39.0,662.0,36.0,40.0,44.0,300,manual,0.0,0.0
5,BOOTUP DEFAULT,39.0,662.0,36.0,40.0,43.0,300,manual,0.0,0.0
6,BOOTUP DEFAULT,39.0,662.0,36.0,39.0,43.0,300,manual,0.0,0.0
7,BOOTUP DEFAULT,39.0,662.0,35.0,39.0,43.0,300,manual,0.0,0.0
8,BOOTUP DEFAULT,39.0,668.0,35.0,39.0,42.0,300,manual,0.0,0.0
9,BOOTUP DEFAULT,39.0,662.0,35.0,39.0,42.0,300,manual,0.0,0.0
10,BOOTUP DEFAULT,39.0,668.0,35.0,38.0,42.0,300,manual,0.0,0.0
11,BOOTUP DEFAULT,39.0,668.0,35.0,38.0,42.0,300,manual,0.0,0.0
12,BOOTUP DEFAULT,39.0,662.0,34.0,38.0,42.0,300,manual,0.0,0.0
13,BOOTUP DEFAULT,39.0,662.0,34.0,37.0,41.0,300,manual,0.0,0.0
14,BOOTUP DEFAULT,39.0,662.0,33.0,37.0,42.0,300,manual,0.0,0.0
15,BOOTUP DEFAULT,39.0,668.0,34.0,37.0,41.0,300,manual,0.0,0.0
16,BOOTUP DEFAULT,39.0,662.0,33.0,37.0,41.0,300,manual,0.0,0.0
17,BOOTUP DEFAULT,39.0,662.0,33.0,37.0,41.0,300,manual,0.0,0.0
18,BOOTUP DEFAULT,39.0,668.0,33.0,36.0,40.0,300,manual,0.0,0.0
19,BOOTUP DEFAULT,39.0,662.0,33.0,37.0,40.0,300,manual,0.0,0.0
20,BOOTUP DEFAULT,39.0,662.0,33.0,36.0,40.0,300,manual,0.0,0.0
21,BOOTUP DEFAULT,39.0,662.0,32.0,36.0,40.0,300,manual,0.0,0.0
22,BOOTUP DEFAULT,38.0,668.0,32.0,36.0,40.0,300,manual,0.0,0.0
23,BOOTUP DEFAULT,53.0,912.0,32.0,36.0,40.0,1502,manual,4.0,0.0
24,BOOTUP DEFAULT,39.0,662.0,32.0,36.0,40.0,300,manual,0.0,0.0
25,BOOTUP DEFAULT,39.0,662.0,31.0,36.0,39.0,300,manual,0.0,0.0
26,BOOTUP DEFAULT,39.0,662.0,31.0,35.0,39.0,300,manual,0.0,0.0
27,BOOTUP DEFAULT,38.0,681.0,31.0,35.0,39.0,300,manual,0.0,0.0
28,BOOTUP DEFAULT,37.0,668.0,31.0,35.0,39.0,300,manual,0.0,0.0
29,BOOTUP DEFAULT,49.0,912.0,31.0,35.0,39.0,1502,manual,5.0,1.0
30,BOOTUP DEFAULT,38.0,662.0,31.0,36.0,39.0,300,manual,0.0,0.0
31,BOOTUP DEFAULT,39.0,925.0,31.0,35.0,39.0,1502,manual,0.0,0.0
32,BOOTUP DEFAULT,37.0,668.0,31.0,35.0,39.0,300,manual,3.0,0.0
33,BOOTUP DEFAULT,49.0,918.0,31.0,35.0,38.0,1502,manual,4.0,0.0
34,BOOTUP DEFAULT,44.0,906.0,30.0,34.0,38.0,1502,manual,7.0,0.0
35,BOOTUP DEFAULT,40.0,912.0,31.0,34.0,38.0,300,manual,0.0,1.0
36,BOOTUP DEFAULT,44.0,925.0,30.0,34.0,38.0,1502,manual,0.0,0.0
37,BOOTUP DEFAULT,38.0,662.0,30.0,34.0,38.0,300,manual,0.0,0.0
38,BOOTUP DEFAULT,51.0,662.0,30.0,34.0,38.0,300,manual,0.0,0.0
39,BOOTUP DEFAULT,39.0,662.0,30.0,33.0,38.0,300,manual,0.0,0.0
40,BOOTUP DEFAULT,63.0,906.0,30.0,34.0,38.0,1502,manual,2.0,0.0
41,BOOTUP DEFAULT,39.0,906.0,30.0,33.0,38.0,300,manual,0.0,0.0
42,BOOTUP DEFAULT,41.0,918.0,31.0,35.0,39.0,1502,manual,0.0,0.0
43,BOOTUP DEFAULT,41.0,918.0,30.0,35.0,39.0,300,manual,0.0,0.0
44,BOOTUP DEFAULT,38.0,668.0,30.0,34.0,38.0,300,manual,0.0,0.0
45,BOOTUP DEFAULT,297.0,862.0,31.0,42.0,44.0,1430,manual,100.0,35.0
46,BOOTUP DEFAULT,289.0,906.0,33.0,49.0,49.0,1472,manual,100.0,28.0
47,BOOTUP DEFAULT,271.0,887.0,34.0,51.0,50.0,1502,manual,100.0,49.0
48,BOOTUP DEFAULT,275.0,893.0,35.0,52.0,50.0,1502,manual,100.0,53.0
49,BOOTUP DEFAULT,300.0,906.0,36.0,52.0,51.0,1472,manual,99.0,35.0
50,BOOTUP DEFAULT,292.0,887.0,36.0,52.0,51.0,1472,manual,100.0,27.0
51,BOOTUP DEFAULT,291.0,893.0,36.0,52.0,51.0,1502,manual,100.0,31.0
52,BOOTUP DEFAULT,249.0,912.0,36.0,53.0,52.0,1472,manual,100.0,31.0
53,BOOTUP DEFAULT,292.0,893.0,37.0,53.0,52.0,1430,manual,100.0,27.0
54,BOOTUP DEFAULT,294.0,912.0,37.0,54.0,53.0,1472,manual,100.0,30.0
55,BOOTUP DEFAULT,295.0,887.0,37.0,53.0,53.0,1472,manual,100.0,30.0
56,BOOTUP DEFAULT,281.0,887.0,38.0,54.0,53.0,1472,manual,100.0,30.0
57,BOOTUP DEFAULT,292.0,893.0,38.0,54.0,54.0,1430,manual,100.0,30.0
58,BOOTUP DEFAULT,292.0,887.0,38.0,54.0,54.0,1472,manual,100.0,33.0
59,BOOTUP DEFAULT,301.0,862.0,39.0,55.0,54.0,1430,manual,100.0,34.0
60,BOOTUP DEFAULT,294.0,893.0,38.0,54.0,54.0,1472,manual,100.0,30.0
61,BOOTUP DEFAULT,293.0,893.0,39.0,55.0,55.0,1472,manual,100.0,29.0
62,BOOTUP DEFAULT,297.0,862.0,39.0,55.0,54.0,1430,manual,100.0,29.0
63,BOOTUP DEFAULT,295.0,893.0,40.0,56.0,55.0,1472,manual,99.0,29.0
64,BOOTUP DEFAULT,267.0,912.0,40.0,56.0,55.0,1502,manual,99.0,50.0
65,BOOTUP DEFAULT,287.0,862.0,40.0,54.0,54.0,1430,manual,100.0,38.0
66,BOOTUP DEFAULT,295.0,893.0,40.0,55.0,56.0,1472,manual,100.0,28.0
67,BOOTUP DEFAULT,262.0,912.0,40.0,57.0,56.0,1472,manual,100.0,29.0
68,BOOTUP DEFAULT,298.0,862.0,40.0,57.0,56.0,1430,manual,100.0,35.0
69,BOOTUP DEFAULT,267.0,912.0,41.0,57.0,56.0,1502,manual,100.0,54.0
70,BOOTUP DEFAULT,292.0,862.0,41.0,55.0,53.0,1472,manual,100.0,31.0
71,BOOTUP DEFAULT,285.0,868.0,41.0,57.0,55.0,1472,manual,100.0,35.0
72,BOOTUP DEFAULT,293.0,893.0,42.0,57.0,56.0,1472,manual,99.0,29.0
73,BOOTUP DEFAULT,295.0,862.0,42.0,57.0,56.0,1430,manual,100.0,30.0
74,BOOTUP DEFAULT,295.0,862.0,42.0,57.0,56.0,1430,manual,100.0,32.0
75,BOOTUP DEFAULT,256.0,862.0,41.0,55.0,53.0,1502,manual,100.0,16.0
76,BOOTUP DEFAULT,274.0,912.0,41.0,57.0,55.0,1502,manual,100.0,49.0
77,BOOTUP DEFAULT,297.0,862.0,42.0,58.0,56.0,1472,manual,100.0,32.0
78,BOOTUP DEFAULT,297.0,887.0,42.0,58.0,58.0,1430,manual,100.0,30.0
79,BOOTUP DEFAULT,296.0,893.0,42.0,58.0,58.0,1430,manual,100.0,28.0
80,BOOTUP DEFAULT,243.0,906.0,43.0,56.0,55.0,1502,manual,100.0,13.0
81,BOOTUP DEFAULT,268.0,912.0,42.0,58.0,56.0,1502,manual,100.0,49.0
82,BOOTUP DEFAULT,279.0,862.0,42.0,58.0,57.0,1472,manual,100.0,29.0
83,BOOTUP DEFAULT,291.0,893.0,43.0,59.0,57.0,1430,manual,100.0,35.0
84,BOOTUP DEFAULT,285.0,862.0,43.0,59.0,59.0,1472,manual,99.0,32.0
85,BOOTUP DEFAULT,287.0,906.0,43.0,59.0,57.0,1430,manual,100.0,34.0
86,BOOTUP DEFAULT,277.0,887.0,43.0,59.0,57.0,1472,manual,100.0,29.0
87,BOOTUP DEFAULT,288.0,862.0,44.0,59.0,58.0,1430,manual,100.0,33.0
88,BOOTUP DEFAULT,283.0,893.0,43.0,59.0,58.0,1430,manual,100.0,29.0
89,BOOTUP DEFAULT,284.0,893.0,44.0,60.0,58.0,1472,manual,100.0,34.0
90,BOOTUP DEFAULT,281.0,906.0,44.0,60.0,58.0,1430,manual,100.0,33.0
91,BOOTUP DEFAULT,283.0,862.0,44.0,58.0,57.0,1472,manual,100.0,33.0
92,BOOTUP DEFAULT,294.0,887.0,44.0,60.0,59.0,1502,manual,100.0,33.0
93,BOOTUP DEFAULT,285.0,868.0,44.0,60.0,59.0,1430,manual,100.0,35.0
94,BOOTUP DEFAULT,298.0,893.0,44.0,60.0,60.0,1430,manual,99.0,29.0
95,BOOTUP DEFAULT,289.0,862.0,44.0,60.0,59.0,1430,manual,100.0,34.0
96,BOOTUP DEFAULT,312.0,912.0,44.0,59.0,58.0,1472,manual,96.0,29.0
97,BOOTUP DEFAULT,295.0,862.0,44.0,61.0,60.0,1430,manual,100.0,31.0
98,BOOTUP DEFAULT,44.0,862.0,45.0,61.0,59.0,300,manual,2.0,0.0
99,BOOTUP DEFAULT,270.0,912.0,45.0,61.0,59.0,1502,manual,100.0,49.0
100,BOOTUP DEFAULT,296.0,862.0,45.0,61.0,59.0,1472,manual,100.0,32.0
101,BOOTUP DEFAULT,249.0,875.0,45.0,58.0,56.0,1502,manual,100.0,15.0
102,BOOTUP DEFAULT,283.0,893.0,45.0,60.0,60.0,1472,manual,100.0,30.0
103,BOOTUP DEFAULT,294.0,862.0,45.0,61.0,60.0,1430,manual,100.0,30.0
104,BOOTUP DEFAULT,294.0,862.0,45.0,61.0,61.0,1430,manual,99.0,30.0
105,BOOTUP DEFAULT,287.0,868.0,45.0,61.0,60.0,1430,manual,100.0,35.0
106,BOOTUP DEFAULT,253.0,906.0,45.0,59.0,58.0,1502,manual,100.0,14.0
107,BOOTUP DEFAULT,301.0,862.0,45.0,61.0,60.0,1430,manual,100.0,32.0
108,BOOTUP DEFAULT,278.0,868.0,45.0,61.0,61.0,1472,manual,100.0,42.0
109,BOOTUP DEFAULT,299.0,868.0,45.0,61.0,61.0,1430,manual,100.0,30.0
110,BOOTUP DEFAULT,289.0,862.0,45.0,62.0,61.0,1430,manual,100.0,32.0
111,BOOTUP DEFAULT,296.0,906.0,46.0,62.0,60.0,1472,manual,99.0,30.0
112,BOOTUP DEFAULT,301.0,862.0,45.0,61.0,60.0,1430,manual,100.0,37.0
113,BOOTUP DEFAULT,272.0,893.0,46.0,61.0,60.0,1502,manual,100.0,50.0
114,BOOTUP DEFAULT,286.0,912.0,46.0,61.0,61.0,1430,manual,99.0,34.0
115,BOOTUP DEFAULT,288.0,893.0,46.0,61.0,61.0,1430,manual,100.0,33.0
116,BOOTUP DEFAULT,288.0,887.0,46.0,62.0,61.0,1430,manual,100.0,35.0
117,BOOTUP DEFAULT,272.0,862.0,46.0,60.0,60.0,1502,manual,100.0,48.0
118,BOOTUP DEFAULT,282.0,862.0,46.0,61.0,61.0,1472,manual,100.0,30.0
119,BOOTUP DEFAULT,294.0,893.0,46.0,62.0,62.0,1430,manual,100.0,30.0
120,BOOTUP DEFAULT,270.0,912.0,46.0,62.0,60.0,1502,manual,100.0,44.0
121,BOOTUP DEFAULT,284.0,862.0,46.0,62.0,62.0,1472,manual,100.0,32.0
122,BOOTUP DEFAULT,239.0,850.0,46.0,60.0,58.0,1502,manual,100.0,13.0
123,BOOTUP DEFAULT,64.0,925.0,43.0,48.0,50.0,1502,manual,2.0,0.0
124,BOOTUP DEFAULT,48.0,662.0,42.0,46.0,48.0,300,manual,0.0,2.0
125,BOOTUP DEFAULT,39.0,662.0,41.0,45.0,47.0,300,manual,0.0,0.0
126,BOOTUP DEFAULT,39.0,662.0,41.0,44.0,46.0,300,manual,0.0,0.0
127,BOOTUP DEFAULT,39.0,662.0,40.0,43.0,46.0,300,manual,0.0,0.0
128,BOOTUP DEFAULT,39.0,662.0,40.0,43.0,45.0,300,manual,0.0,0.0
129,BOOTUP DEFAULT,39.0,662.0,39.0,43.0,45.0,300,manual,0.0,0.0
130,BOOTUP DEFAULT,39.0,662.0,39.0,42.0,46.0,300,manual,0.0,0.0
131,BOOTUP DEFAULT,39.0,662.0,39.0,42.0,44.0,300,manual,0.0,0.0
132,BOOTUP DEFAULT,39.0,662.0,38.0,42.0,44.0,300,manual,0.0,0.0
133,BOOTUP DEFAULT,39.0,662.0,38.0,41.0,45.0,300,manual,0.0,0.0
134,BOOTUP DEFAULT,39.0,662.0,37.0,41.0,43.0,300,manual,0.0,0.0
135,BOOTUP DEFAULT,39.0,668.0,37.0,41.0,43.0,300,manual,0.0,0.0
136,BOOTUP DEFAULT,39.0,662.0,37.0,40.0,43.0,300,manual,0.0,0.0
137,BOOTUP DEFAULT,39.0,662.0,36.0,40.0,44.0,300,manual,0.0,0.0
138,BOOTUP DEFAULT,39.0,662.0,36.0,40.0,42.0,300,manual,0.0,0.0
139,BOOTUP DEFAULT,39.0,662.0,36.0,40.0,42.0,300,manual,0.0,0.0
140,BOOTUP DEFAULT,39.0,662.0,35.0,39.0,42.0,300,manual,0.0,0.0
141,BOOTUP DEFAULT,39.0,662.0,35.0,38.0,43.0,300,manual,0.0,0.0
142,BOOTUP DEFAULT,64.0,918.0,35.0,39.0,43.0,1502,manual,2.0,0.0
143,BOOTUP DEFAULT,39.0,662.0,35.0,39.0,42.0,300,manual,0.0,0.0
144,BOOTUP DEFAULT,39.0,662.0,35.0,39.0,41.0,300,manual,0.0,0.0
145,BOOTUP DEFAULT,39.0,668.0,34.0,37.0,41.0,300,manual,0.0,0.0
146,BOOTUP DEFAULT,48.0,925.0,34.0,38.0,41.0,1502,manual,5.0,0.0
147,BOOTUP DEFAULT,61.0,912.0,34.0,38.0,41.0,1502,manual,2.0,1.0
148,BOOTUP DEFAULT,58.0,918.0,34.0,37.0,41.0,300,manual,1.0,2.0
149,BOOTUP DEFAULT,50.0,925.0,33.0,37.0,40.0,1502,manual,4.0,0.0
150,BOOTUP DEFAULT,39.0,743.0,33.0,37.0,40.0,300,manual,0.0,0.0
151,BOOTUP DEFAULT,52.0,756.0,33.0,37.0,40.0,300,manual,1.0,1.0
152,BOOTUP DEFAULT,39.0,881.0,33.0,37.0,40.0,300,manual,0.0,0.0
153,BOOTUP DEFAULT,64.0,918.0,33.0,36.0,41.0,1502,manual,2.0,0.0
154,BOOTUP DEFAULT,39.0,668.0,32.0,36.0,39.0,300,manual,0.0,0.0
155,BOOTUP DEFAULT,40.0,925.0,32.0,36.0,39.0,300,manual,0.0,0.0
156,BOOTUP DEFAULT,39.0,668.0,32.0,36.0,39.0,300,manual,0.0,0.0
157,BOOTUP DEFAULT,53.0,925.0,32.0,36.0,39.0,1502,manual,5.0,0.0
158,BOOTUP DEFAULT,237.0,662.0,32.0,35.0,39.0,1502,manual,91.0,12.0
159,BOOTUP DEFAULT,40.0,918.0,32.0,36.0,39.0,300,manual,0.0,0.0
160,BOOTUP DEFAULT,39.0,918.0,31.0,35.0,39.0,300,manual,0.0,0.0
161,BOOTUP DEFAULT,59.0,918.0,34.0,46.0,41.0,1502,manual,0.0,1.0
162,BOOTUP DEFAULT,263.0,906.0,33.0,42.0,45.0,1502,manual,99.0,44.0
163,BOOTUP DEFAULT,53.0,656.0,33.0,37.0,41.0,300,manual,1.0,0.0
164,BOOTUP DEFAULT,52.0,850.0,32.0,36.0,39.0,300,manual,1.0,0.0
165,BOOTUP DEFAULT,293.0,862.0,35.0,50.0,48.0,1404,manual,100.0,27.0
166,BOOTUP DEFAULT,286.0,893.0,36.0,54.0,46.0,1502,manual,100.0,19.0
167,BOOTUP DEFAULT,291.0,862.0,37.0,54.0,48.0,1472,manual,100.0,16.0
168,BOOTUP DEFAULT,289.0,887.0,37.0,55.0,48.0,1502,manual,99.0,16.0
169,BOOTUP DEFAULT,284.0,906.0,37.0,55.0,49.0,1430,manual,100.0,24.0
170,BOOTUP DEFAULT,289.0,906.0,38.0,56.0,49.0,1502,manual,100.0,29.0
171,BOOTUP DEFAULT,288.0,887.0,38.0,56.0,48.0,1502,manual,100.0,16.0
172,BOOTUP DEFAULT,296.0,862.0,38.0,56.0,49.0,1472,manual,100.0,17.0
173,BOOTUP DEFAULT,293.0,906.0,39.0,56.0,50.0,1502,manual,99.0,18.0
174,BOOTUP DEFAULT,286.0,887.0,39.0,56.0,51.0,1430,manual,100.0,24.0
175,BOOTUP DEFAULT,296.0,906.0,39.0,57.0,50.0,1472,manual,100.0,21.0
176,BOOTUP DEFAULT,301.0,906.0,39.0,57.0,49.0,1472,manual,100.0,21.0
177,BOOTUP DEFAULT,283.0,906.0,40.0,58.0,50.0,1502,manual,100.0,16.0
178,BOOTUP DEFAULT,237.0,906.0,39.0,54.0,49.0,1502,manual,100.0,8.0
179,BOOTUP DEFAULT,298.0,887.0,40.0,58.0,52.0,1472,manual,99.0,21.0
180,BOOTUP DEFAULT,280.0,893.0,40.0,58.0,50.0,1502,manual,100.0,19.0
181,BOOTUP DEFAULT,282.0,887.0,41.0,59.0,51.0,1502,manual,100.0,16.0
182,BOOTUP DEFAULT,290.0,912.0,41.0,58.0,54.0,1430,manual,100.0,41.0
183,BOOTUP DEFAULT,54.0,862.0,39.0,46.0,48.0,300,manual,1.0,0.0
184,BOOTUP DEFAULT,293.0,893.0,41.0,57.0,51.0,1472,manual,100.0,23.0
185,BOOTUP DEFAULT,267.0,887.0,41.0,59.0,52.0,1502,manual,100.0,41.0
186,BOOTUP DEFAULT,292.0,900.0,42.0,59.0,51.0,1472,manual,100.0,17.0
187,BOOTUP DEFAULT,292.0,887.0,41.0,59.0,51.0,1502,manual,100.0,17.0
188,BOOTUP DEFAULT,297.0,912.0,41.0,59.0,52.0,1430,manual,100.0,22.0
189,BOOTUP DEFAULT,286.0,906.0,42.0,59.0,54.0,1430,manual,100.0,23.0
190,BOOTUP DEFAULT,295.0,906.0,42.0,60.0,52.0,1472,manual,100.0,16.0
191,BOOTUP DEFAULT,284.0,881.0,42.0,60.0,52.0,1502,manual,100.0,19.0
192,BOOTUP DEFAULT,299.0,893.0,42.0,60.0,54.0,1472,manual,99.0,18.0
193,BOOTUP DEFAULT,296.0,887.0,42.0,60.0,54.0,1430,manual,100.0,22.0
194,BOOTUP DEFAULT,240.0,906.0,42.0,56.0,50.0,1502,manual,100.0,8.0
195,BOOTUP DEFAULT,286.0,862.0,42.0,60.0,53.0,1472,manual,100.0,20.0
196,BOOTUP DEFAULT,286.0,893.0,43.0,60.0,53.0,1430,manual,100.0,24.0
197,BOOTUP DEFAULT,297.0,887.0,43.0,61.0,53.0,1472,manual,100.0,22.0
198,BOOTUP DEFAULT,285.0,887.0,43.0,60.0,53.0,1502,manual,100.0,17.0
199,BOOTUP DEFAULT,284.0,862.0,43.0,61.0,53.0,1472,manual,100.0,17.0
200,BOOTUP DEFAULT,300.0,887.0,43.0,61.0,54.0,1430,manual,100.0,24.0
201,BOOTUP DEFAULT,296.0,893.0,43.0,61.0,54.0,1472,manual,99.0,21.0
202,BOOTUP DEFAULT,279.0,925.0,43.0,58.0,60.0,1502,manual,100.0,43.0
203,BOOTUP DEFAULT,286.0,906.0,42.0,57.0,52.0,1502,manual,100.0,20.0
204,BOOTUP DEFAULT,281.0,862.0,43.0,61.0,53.0,1502,manual,100.0,16.0
205,BOOTUP DEFAULT,281.0,893.0,43.0,61.0,55.0,1502,manual,99.0,18.0
206,BOOTUP DEFAULT,285.0,893.0,44.0,61.0,55.0,1430,manual,100.0,22.0
207,BOOTUP DEFAULT,286.0,887.0,44.0,61.0,55.0,1502,manual,100.0,21.0
208,BOOTUP DEFAULT,293.0,893.0,44.0,62.0,55.0,1472,manual,100.0,16.0
209,BOOTUP DEFAULT,294.0,887.0,44.0,62.0,56.0,1472,manual,99.0,17.0
210,BOOTUP DEFAULT,249.0,887.0,44.0,58.0,53.0,1502,manual,100.0,10.0
211,BOOTUP DEFAULT,285.0,862.0,44.0,61.0,55.0,1502,manual,100.0,18.0
212,BOOTUP DEFAULT,285.0,868.0,45.0,61.0,56.0,1430,manual,100.0,23.0
213,BOOTUP DEFAULT,298.0,887.0,44.0,62.0,56.0,1472,manual,100.0,23.0
214,BOOTUP DEFAULT,288.0,906.0,44.0,62.0,56.0,1472,manual,100.0,20.0
215,BOOTUP DEFAULT,289.0,862.0,45.0,62.0,56.0,1472,manual,100.0,20.0
216,BOOTUP DEFAULT,286.0,912.0,45.0,62.0,56.0,1430,manual,100.0,18.0
217,BOOTUP DEFAULT,287.0,906.0,45.0,62.0,57.0,1430,manual,99.0,22.0
218,BOOTUP DEFAULT,288.0,893.0,45.0,62.0,56.0,1472,manual,100.0,20.0
219,BOOTUP DEFAULT,286.0,862.0,45.0,63.0,56.0,1472,manual,100.0,18.0
220,BOOTUP DEFAULT,285.0,887.0,45.0,62.0,57.0,1472,manual,100.0,24.0
221,BOOTUP DEFAULT,314.0,912.0,46.0,63.0,56.0,1472,manual,99.0,45.0
222,BOOTUP DEFAULT,55.0,925.0,43.0,55.0,55.0,300,manual,1.0,1.0
223,BOOTUP DEFAULT,285.0,887.0,45.0,61.0,56.0,1472,manual,100.0,21.0
224,BOOTUP DEFAULT,285.0,887.0,45.0,63.0,56.0,1502,manual,100.0,19.0
225,BOOTUP DEFAULT,283.0,893.0,45.0,63.0,57.0,1502,manual,99.0,18.0
226,BOOTUP DEFAULT,243.0,906.0,45.0,59.0,54.0,1502,manual,100.0,7.0
227,BOOTUP DEFAULT,288.0,856.0,45.0,63.0,56.0,1472,manual,100.0,19.0
228,BOOTUP DEFAULT,288.0,862.0,45.0,62.0,57.0,1472,manual,100.0,19.0
229,BOOTUP DEFAULT,291.0,887.0,45.0,63.0,56.0,1430,manual,100.0,24.0
230,BOOTUP DEFAULT,272.0,887.0,45.0,63.0,55.0,1502,manual,99.0,58.0
231,BOOTUP DEFAULT,294.0,906.0,46.0,64.0,55.0,1472,manual,100.0,22.0
232,BOOTUP DEFAULT,285.0,887.0,46.0,64.0,56.0,1472,manual,100.0,19.0
233,BOOTUP DEFAULT,286.0,893.0,46.0,63.0,56.0,1430,manual,100.0,23.0
234,BOOTUP DEFAULT,286.0,893.0,46.0,64.0,56.0,1502,manual,100.0,49.0
235,BOOTUP DEFAULT,289.0,906.0,46.0,64.0,56.0,1472,manual,100.0,22.0
236,BOOTUP DEFAULT,287.0,893.0,46.0,64.0,56.0,1472,manual,100.0,18.0
237,BOOTUP DEFAULT,282.0,893.0,46.0,64.0,57.0,1472,manual,100.0,23.0
238,BOOTUP DEFAULT,297.0,893.0,46.0,64.0,57.0,1472,manual,99.0,20.0
239,BOOTUP DEFAULT,283.0,887.0,46.0,64.0,57.0,1502,manual,100.0,17.0
240,BOOTUP DEFAULT,286.0,862.0,46.0,64.0,56.0,1502,manual,100.0,17.0
241,BOOTUP DEFAULT,287.0,912.0,46.0,61.0,56.0,1404,manual,100.0,40.0
242,BOOTUP DEFAULT,68.0,662.0,45.0,53.0,55.0,1502,manual,2.0,0.0
243,BOOTUP DEFAULT,314.0,906.0,46.0,62.0,56.0,1472,manual,100.0,39.0
244,BOOTUP DEFAULT,288.0,893.0,46.0,64.0,57.0,1472,manual,100.0,17.0
245,BOOTUP DEFAULT,299.0,862.0,46.0,64.0,57.0,1472,manual,100.0,18.0
246,BOOTUP DEFAULT,289.0,912.0,46.0,64.0,58.0,1430,manual,100.0,22.0
247,BOOTUP DEFAULT,272.0,906.0,46.0,63.0,57.0,1502,manual,99.0,56.0
248,BOOTUP DEFAULT,281.0,893.0,47.0,65.0,57.0,1502,manual,100.0,18.0
249,BOOTUP DEFAULT,287.0,862.0,47.0,64.0,58.0,1472,manual,100.0,18.0
250,BOOTUP DEFAULT,289.0,906.0,47.0,64.0,58.0,1430,manual,100.0,23.0
251,BOOTUP DEFAULT,313.0,893.0,47.0,65.0,57.0,1472,manual,100.0,30.0
252,BOOTUP DEFAULT,294.0,906.0,47.0,64.0,57.0,1472,manual,100.0,18.0
253,BOOTUP DEFAULT,290.0,887.0,46.0,65.0,58.0,1472,manual,100.0,19.0
254,BOOTUP DEFAULT,301.0,887.0,47.0,64.0,58.0,1430,manual,100.0,23.0
255,BOOTUP DEFAULT,300.0,887.0,47.0,64.0,59.0,1430,manual,99.0,20.0
256,BOOTUP DEFAULT,287.0,893.0,47.0,65.0,57.0,1472,manual,100.0,20.0
257,BOOTUP DEFAULT,301.0,893.0,47.0,63.0,57.0,1472,manual,100.0,18.0
258,BOOTUP DEFAULT,287.0,893.0,47.0,64.0,59.0,1430,manual,100.0,24.0
259,BOOTUP DEFAULT,287.0,887.0,47.0,65.0,57.0,1472,manual,100.0,17.0
260,BOOTUP DEFAULT,289.0,862.0,47.0,65.0,58.0,1502,manual,100.0,19.0
261,BOOTUP DEFAULT,282.0,906.0,47.0,63.0,63.0,1502,manual,100.0,43.0
262,BOOTUP DEFAULT,286.0,862.0,45.0,59.0,57.0,1472,manual,100.0,21.0
263,BOOTUP DEFAULT,289.0,887.0,47.0,64.0,58.0,1430,manual,100.0,25.0
264,BOOTUP DEFAULT,272.0,906.0,47.0,65.0,58.0,1502,manual,100.0,49.0
265,BOOTUP DEFAULT,285.0,875.0,47.0,63.0,57.0,1502,manual,100.0,19.0
266,BOOTUP DEFAULT,298.0,912.0,47.0,65.0,58.0,1472,manual,100.0,19.0
267,BOOTUP DEFAULT,287.0,893.0,47.0,64.0,59.0,1430,manual,100.0,23.0
268,BOOTUP DEFAULT,302.0,906.0,48.0,65.0,58.0,1472,manual,100.0,20.0
269,BOOTUP DEFAULT,288.0,893.0,48.0,65.0,58.0,1472,manual,100.0,19.0
270,BOOTUP DEFAULT,296.0,893.0,48.0,65.0,59.0,1472,manual,99.0,18.0
271,BOOTUP DEFAULT,287.0,893.0,47.0,65.0,59.0,1430,manual,100.0,21.0
272,BOOTUP DEFAULT,296.0,887.0,48.0,65.0,58.0,1472,manual,100.0,19.0
273,BOOTUP DEFAULT,286.0,862.0,48.0,64.0,57.0,1472,manual,100.0,17.0
274,BOOTUP DEFAULT,287.0,893.0,48.0,65.0,59.0,1430,manual,100.0,24.0
275,BOOTUP DEFAULT,226.0,906.0,48.0,65.0,58.0,1502,manual,100.0,46.0
276,BOOTUP DEFAULT,289.0,862.0,48.0,65.0,58.0,1472,manual,100.0,17.0
277,BOOTUP DEFAULT,294.0,893.0,48.0,65.0,59.0,1472,manual,100.0,19.0
278,BOOTUP DEFAULT,291.0,893.0,48.0,65.0,59.0,1430,manual,100.0,25.0
279,BOOTUP DEFAULT,290.0,887.0,48.0,65.0,58.0,1472,manual,100.0,19.0
280,BOOTUP DEFAULT,289.0,850.0,48.0,65.0,59.0,1472,manual,100.0,19.0
281,BOOTUP DEFAULT,132.0,662.0,47.0,62.0,61.0,1502,manual,100.0,0.0
282,BOOTUP DEFAULT,58.0,925.0,44.0,48.0,52.0,300,manual,1.0,1.0
283,BOOTUP DEFAULT,40.0,662.0,43.0,47.0,50.0,300,manual,0.0,0.0
284,BOOTUP DEFAULT,41.0,668.0,42.0,46.0,49.0,300,manual,0.0,0.0
285,BOOTUP DEFAULT,40.0,662.0,42.0,45.0,49.0,300,manual,0.0,0.0
286,BOOTUP DEFAULT,40.0,662.0,42.0,45.0,48.0,300,manual,0.0,0.0
287,BOOTUP DEFAULT,39.0,668.0,40.0,44.0,47.0,300,manual,0.0,0.0
288,BOOTUP DEFAULT,39.0,662.0,41.0,43.0,47.0,300,manual,0.0,0.0
289,BOOTUP DEFAULT,39.0,662.0,40.0,43.0,47.0,300,manual,0.0,0.0
290,BOOTUP DEFAULT,39.0,668.0,39.0,43.0,46.0,300,manual,0.0,0.0
291,BOOTUP DEFAULT,47.0,925.0,39.0,43.0,46.0,1502,manual,0.0,1.0
292,BOOTUP DEFAULT,39.0,662.0,38.0,42.0,46.0,300,manual,0.0,0.0
293,BOOTUP DEFAULT,39.0,668.0,39.0,42.0,45.0,300,manual,0.0,0.0
294,BOOTUP DEFAULT,39.0,668.0,38.0,42.0,45.0,300,manual,0.0,0.0
295,BOOTUP DEFAULT,39.0,662.0,38.0,41.0,45.0,300,manual,0.0,0.0
296,BOOTUP DEFAULT,39.0,662.0,37.0,41.0,44.0,300,manual,0.0,0.0
297,BOOTUP DEFAULT,39.0,662.0,37.0,40.0,44.0,300,manual,0.0,0.0
298,BOOTUP DEFAULT,39.0,662.0,37.0,40.0,44.0,300,manual,0.0,0.0
299,BOOTUP DEFAULT,39.0,662.0,36.0,40.0,44.0,300,manual,0.0,0.0
300,BOOTUP DEFAULT,39.0,662.0,36.0,39.0,43.0,300,manual,0.0,0.0
301,BOOTUP DEFAULT,39.0,662.0,36.0,39.0,43.0,300,manual,0.0,0.0
302,BOOTUP DEFAULT,39.0,662.0,35.0,39.0,43.0,300,manual,0.0,0.0
303,BOOTUP DEFAULT,39.0,662.0,35.0,39.0,43.0,300,manual,0.0,0.0
304,BOOTUP DEFAULT,39.0,662.0,35.0,38.0,42.0,300,manual,0.0,0.0
305,BOOTUP DEFAULT,39.0,668.0,35.0,38.0,42.0,300,manual,0.0,0.0
306,BOOTUP DEFAULT,39.0,662.0,34.0,38.0,42.0,300,manual,0.0,0.0
307,BOOTUP DEFAULT,39.0,668.0,34.0,38.0,42.0,300,manual,0.0,0.0
308,BOOTUP DEFAULT,39.0,662.0,34.0,38.0,41.0,300,manual,0.0,0.0
309,BOOTUP DEFAULT,39.0,662.0,33.0,37.0,41.0,300,manual,0.0,0.0
310,BOOTUP DEFAULT,39.0,662.0,33.0,37.0,41.0,300,manual,0.0,0.0
311,BOOTUP DEFAULT,39.0,668.0,33.0,37.0,41.0,300,manual,0.0,0.0
312,BOOTUP DEFAULT,39.0,668.0,33.0,37.0,41.0,300,manual,0.0,0.0
313,BOOTUP DEFAULT,39.0,662.0,33.0,36.0,40.0,300,manual,0.0,0.0
314,BOOTUP DEFAULT,39.0,662.0,33.0,36.0,40.0,300,manual,0.0,0.0
315,BOOTUP DEFAULT,39.0,662.0,32.0,36.0,40.0,300,manual,0.0,0.0
316,BOOTUP DEFAULT,39.0,662.0,32.0,36.0,40.0,300,manual,0.0,0.0
317,BOOTUP DEFAULT,39.0,662.0,32.0,35.0,40.0,300,manual,0.0,0.0
318,BOOTUP DEFAULT,39.0,662.0,31.0,36.0,40.0,300,manual,0.0,0.0
319,BOOTUP DEFAULT,39.0,662.0,32.0,36.0,39.0,300,manual,0.0,0.0
320,BOOTUP DEFAULT,39.0,668.0,31.0,35.0,39.0,300,manual,0.0,0.0
321,BOOTUP DEFAULT,38.0,662.0,31.0,35.0,39.0,300,manual,0.0,0.0
322,BOOTUP DEFAULT,39.0,662.0,31.0,35.0,39.0,300,manual,0.0,0.0
323,BOOTUP DEFAULT,39.0,668.0,31.0,35.0,39.0,300,manual,0.0,0.0
324,BOOTUP DEFAULT,38.0,662.0,31.0,34.0,39.0,300,manual,0.0,0.0
325,BOOTUP DEFAULT,38.0,662.0,30.0,34.0,39.0,300,manual,0.0,0.0
326,BOOTUP DEFAULT,39.0,668.0,30.0,34.0,38.0,300,manual,0.0,0.0
327,BOOTUP DEFAULT,39.0,662.0,31.0,34.0,38.0,300,manual,0.0,0.0
328,BOOTUP DEFAULT,38.0,662.0,30.0,34.0,38.0,300,manual,0.0,0.0
329,BOOTUP DEFAULT,38.0,662.0,30.0,34.0,38.0,300,manual,0.0,0.0
330,BOOTUP DEFAULT,38.0,668.0,30.0,33.0,38.0,300,manual,0.0,0.0
331,BOOTUP DEFAULT,38.0,662.0,30.0,34.0,38.0,300,manual,0.0,0.0
332,BOOTUP DEFAULT,38.0,662.0,29.0,33.0,38.0,300,manual,0.0,0.0
333,BOOTUP DEFAULT,38.0,675.0,29.0,33.0,37.0,300,manual,0.0,0.0
334,BOOTUP DEFAULT,39.0,662.0,29.0,33.0,37.0,300,manual,0.0,0.0
335,BOOTUP DEFAULT,38.0,668.0,29.0,33.0,37.0,300,manual,0.0,0.0
336,BOOTUP DEFAULT,39.0,662.0,29.0,32.0,37.0,300,manual,0.0,0.0
337,BOOTUP DEFAULT,39.0,662.0,29.0,32.0,37.0,300,manual,0.0,1.0
338,BOOTUP DEFAULT,38.0,668.0,29.0,32.0,37.0,300,manual,0.0,0.0
339,BOOTUP DEFAULT,49.0,912.0,28.0,32.0,37.0,300,manual,1.0,1.0
340,BOOTUP DEFAULT,63.0,918.0,28.0,33.0,37.0,1502,manual,2.0,1.0
341,BOOTUP DEFAULT,52.0,662.0,29.0,32.0,37.0,300,manual,0.0,0.0
342,BOOTUP DEFAULT,55.0,918.0,28.0,32.0,37.0,300,manual,1.0,1.0
343,BOOTUP DEFAULT,63.0,825.0,29.0,32.0,37.0,1502,manual,2.0,0.0
344,BOOTUP DEFAULT,37.0,668.0,28.0,32.0,37.0,300,manual,0.0,0.0
345,BOOTUP DEFAULT,37.0,662.0,28.0,32.0,36.0,300,manual,0.0,0.0
346,BOOTUP DEFAULT,38.0,662.0,28.0,32.0,36.0,300,manual,0.0,0.0
347,BOOTUP DEFAULT,43.0,918.0,28.0,32.0,37.0,300,manual,0.0,1.0
348,BOOTUP DEFAULT,38.0,662.0,28.0,32.0,36.0,300,manual,0.0,0.0
349,BOOTUP DEFAULT,36.0,662.0,28.0,32.0,36.0,300,manual,0.0,0.0
350,BOOTUP DEFAULT,37.0,662.0,28.0,31.0,36.0,300,manual,0.0,0.0
351,BOOTUP DEFAULT,37.0,662.0,27.0,31.0,36.0,300,manual,0.0,0.0
352,BOOTUP DEFAULT,37.0,662.0,27.0,31.0,36.0,300,manual,0.0,0.0
353,BOOTUP DEFAULT,37.0,662.0,27.0,31.0,35.0,300,manual,0.0,0.0
354,BOOTUP DEFAULT,37.0,675.0,27.0,31.0,35.0,300,manual,0.0,0.0
355,BOOTUP DEFAULT,37.0,662.0,27.0,31.0,35.0,300,manual,0.0,0.0
356,BOOTUP DEFAULT,37.0,662.0,27.0,31.0,35.0,300,manual,0.0,0.0
357,BOOTUP DEFAULT,37.0,662.0,27.0,30.0,35.0,300,manual,0.0,0.0
358,BOOTUP DEFAULT,38.0,662.0,27.0,30.0,35.0,300,manual,0.0,0.0
359,BOOTUP DEFAULT,37.0,662.0,27.0,31.0,35.0,300,manual,0.0,0.0
360,BOOTUP DEFAULT,37.0,662.0,26.0,31.0,35.0,300,manual,0.0,0.0
361,BOOTUP DEFAULT,44.0,918.0,26.0,31.0,35.0,1502,manual,0.0,0.0
362,BOOTUP DEFAULT,64.0,768.0,26.0,30.0,35.0,1502,manual,1.0,0.0
363,BOOTUP DEFAULT,61.0,925.0,26.0,31.0,35.0,1502,manual,2.0,0.0
364,BOOTUP DEFAULT,44.0,925.0,27.0,30.0,35.0,300,manual,0.0,0.0
365,BOOTUP DEFAULT,49.0,912.0,26.0,30.0,35.0,300,manual,1.0,0.0
366,BOOTUP DEFAULT,41.0,918.0,26.0,31.0,35.0,300,manual,0.0,0.0
367,BOOTUP DEFAULT,43.0,918.0,26.0,30.0,35.0,1502,manual,7.0,0.0
368,BOOTUP DEFAULT,35.0,906.0,26.0,31.0,35.0,300,manual,0.0,0.0
369,BOOTUP DEFAULT,35.0,662.0,26.0,30.0,35.0,300,manual,0.0,0.0
370,BOOTUP DEFAULT,35.0,668.0,27.0,31.0,35.0,300,manual,0.0,0.0
371,BOOTUP DEFAULT,57.0,668.0,26.0,31.0,35.0,300,manual,1.0,2.0
372,BOOTUP DEFAULT,41.0,925.0,27.0,30.0,35.0,300,manual,0.0,0.0
373,BOOTUP DEFAULT,61.0,918.0,26.0,30.0,35.0,1502,manual,2.0,0.0
374,BOOTUP DEFAULT,40.0,656.0,26.0,30.0,35.0,1502,manual,0.0,0.0
375,BOOTUP DEFAULT,36.0,912.0,26.0,30.0,34.0,300,manual,0.0,0.0
376,BOOTUP DEFAULT,44.0,668.0,26.0,30.0,35.0,1502,manual,0.0,1.0
377,BOOTUP DEFAULT,45.0,662.0,26.0,30.0,35.0,1502,manual,5.0,0.0
378,BOOTUP DEFAULT,36.0,662.0,26.0,29.0,34.0,300,manual,0.0,0.0
379,BOOTUP DEFAULT,36.0,906.0,26.0,30.0,34.0,300,manual,0.0,0.0
380,BOOTUP DEFAULT,37.0,662.0,25.0,30.0,34.0,300,manual,0.0,0.0
381,BOOTUP DEFAULT,49.0,731.0,26.0,30.0,34.0,300,manual,1.0,0.0
382,BOOTUP DEFAULT,53.0,918.0,26.0,30.0,34.0,300,manual,0.0,0.0
383,BOOTUP DEFAULT,53.0,918.0,26.0,30.0,34.0,300,manual,1.0,1.0
384,BOOTUP DEFAULT,43.0,668.0,26.0,30.0,34.0,1502,manual,0.0,0.0
385,BOOTUP DEFAULT,41.0,662.0,25.0,30.0,34.0,300,manual,0.0,1.0
386,BOOTUP DEFAULT,37.0,918.0,25.0,29.0,34.0,300,manual,0.0,0.0
387,BOOTUP DEFAULT,36.0,912.0,25.0,30.0,34.0,300,manual,0.0,0.0
388,BOOTUP DEFAULT,63.0,906.0,25.0,29.0,34.0,1502,manual,2.0,0.0
389,BOOTUP DEFAULT,220.0,662.0,29.0,40.0,35.0,1502,manual,100.0,2.0
390,BOOTUP DEFAULT,38.0,668.0,26.0,31.0,35.0,300,manual,0.0,1.0
391,BOOTUP DEFAULT,45.0,668.0,26.0,30.0,34.0,1502,manual,5.0,0.0
392,BOOTUP DEFAULT,287.0,900.0,26.0,31.0,35.0,1502,manual,95.0,60.0
393,BOOTUP DEFAULT,113.0,925.0,28.0,41.0,37.0,1502,manual,100.0,0.0
394,BOOTUP DEFAULT,49.0,662.0,27.0,31.0,35.0,300,manual,1.0,0.0
395,BOOTUP DEFAULT,42.0,662.0,26.0,30.0,35.0,300,manual,0.0,0.0
396,BOOTUP DEFAULT,36.0,725.0,26.0,30.0,35.0,300,manual,0.0,1.0
397,BOOTUP DEFAULT,65.0,918.0,26.0,30.0,35.0,1502,manual,2.0,1.0
398,BOOTUP DEFAULT,36.0,687.0,26.0,30.0,34.0,300,manual,0.0,0.0
399,BOOTUP DEFAULT,277.0,831.0,26.0,36.0,41.0,1502,manual,99.0,56.0
400,BOOTUP DEFAULT,298.0,906.0,31.0,43.0,48.0,1319,manual,100.0,42.0
401,BOOTUP DEFAULT,289.0,800.0,31.0,45.0,51.0,1319,manual,100.0,42.0
402,BOOTUP DEFAULT,286.0,812.0,32.0,45.0,50.0,1319,manual,100.0,43.0
403,BOOTUP DEFAULT,287.0,812.0,32.0,46.0,52.0,1319,manual,100.0,42.0
404,BOOTUP DEFAULT,301.0,812.0,33.0,46.0,52.0,1502,manual,100.0,65.0
405,BOOTUP DEFAULT,285.0,906.0,33.0,47.0,52.0,1319,manual,100.0,42.0
406,BOOTUP DEFAULT,307.0,812.0,33.0,48.0,55.0,1363,manual,99.0,44.0
407,BOOTUP DEFAULT,291.0,906.0,34.0,48.0,53.0,1319,manual,100.0,43.0
408,BOOTUP DEFAULT,289.0,806.0,34.0,48.0,53.0,1319,manual,100.0,42.0
409,BOOTUP DEFAULT,300.0,812.0,35.0,48.0,54.0,1319,manual,100.0,42.0
410,BOOTUP DEFAULT,289.0,812.0,35.0,49.0,53.0,1319,manual,100.0,42.0
411,BOOTUP DEFAULT,293.0,806.0,35.0,49.0,54.0,1502,manual,100.0,60.0
412,BOOTUP DEFAULT,290.0,906.0,36.0,49.0,55.0,1319,manual,100.0,42.0
413,BOOTUP DEFAULT,295.0,812.0,36.0,50.0,56.0,1319,manual,99.0,44.0
414,BOOTUP DEFAULT,291.0,906.0,36.0,50.0,54.0,1319,manual,100.0,42.0
415,BOOTUP DEFAULT,287.0,812.0,37.0,50.0,55.0,1319,manual,100.0,42.0
416,BOOTUP DEFAULT,290.0,793.0,37.0,51.0,55.0,1319,manual,100.0,42.0
417,BOOTUP DEFAULT,291.0,812.0,37.0,51.0,55.0,1319,manual,100.0,42.0
418,BOOTUP DEFAULT,270.0,812.0,38.0,51.0,56.0,1502,manual,100.0,70.0
419,BOOTUP DEFAULT,289.0,912.0,37.0,51.0,56.0,1319,manual,100.0,43.0
420,BOOTUP DEFAULT,349.0,812.0,37.0,52.0,58.0,1430,manual,100.0,47.0
421,BOOTUP DEFAULT,289.0,912.0,38.0,52.0,56.0,1319,manual,100.0,43.0
422,BOOTUP DEFAULT,288.0,793.0,38.0,52.0,57.0,1319,manual,100.0,41.0
423,BOOTUP DEFAULT,290.0,806.0,39.0,53.0,56.0,1319,manual,100.0,42.0
424,BOOTUP DEFAULT,229.0,906.0,38.0,51.0,50.0,1502,manual,100.0,2.0
425,BOOTUP DEFAULT,229.0,906.0,38.0,51.0,45.0,1502,manual,100.0,2.0
426,BOOTUP DEFAULT,44.0,662.0,37.0,47.0,44.0,300,manual,0.0,2.0
427,BOOTUP DEFAULT,284.0,831.0,38.0,51.0,54.0,1502,manual,99.0,53.0
428,BOOTUP DEFAULT,287.0,812.0,39.0,52.0,56.0,1319,manual,100.0,41.0
429,BOOTUP DEFAULT,297.0,812.0,39.0,53.0,57.0,1319,manual,100.0,42.0
430,BOOTUP DEFAULT,283.0,812.0,39.0,54.0,57.0,1363,manual,100.0,41.0
431,BOOTUP DEFAULT,291.0,912.0,40.0,54.0,57.0,1363,manual,100.0,39.0
432,BOOTUP DEFAULT,286.0,812.0,40.0,54.0,59.0,1502,manual,100.0,51.0
433,BOOTUP DEFAULT,291.0,825.0,41.0,54.0,57.0,1363,manual,100.0,38.0
434,BOOTUP DEFAULT,281.0,831.0,41.0,54.0,57.0,1502,manual,100.0,57.0
435,BOOTUP DEFAULT,287.0,831.0,41.0,54.0,58.0,1363,manual,100.0,36.0
436,BOOTUP DEFAULT,286.0,912.0,41.0,55.0,58.0,1404,manual,100.0,37.0
437,BOOTUP DEFAULT,278.0,843.0,41.0,55.0,58.0,1502,manual,100.0,51.0
438,BOOTUP DEFAULT,288.0,831.0,41.0,55.0,58.0,1363,manual,100.0,36.0
439,BOOTUP DEFAULT,297.0,912.0,42.0,55.0,57.0,1363,manual,100.0,35.0
440,BOOTUP DEFAULT,286.0,850.0,42.0,56.0,59.0,1502,manual,100.0,53.0
441,BOOTUP DEFAULT,294.0,831.0,41.0,56.0,58.0,1404,manual,100.0,35.0
442,BOOTUP DEFAULT,284.0,912.0,42.0,56.0,58.0,1404,manual,100.0,35.0
443,BOOTUP DEFAULT,282.0,850.0,42.0,55.0,57.0,1502,manual,99.0,56.0
444,BOOTUP DEFAULT,294.0,831.0,42.0,56.0,58.0,1404,manual,100.0,33.0
445,BOOTUP DEFAULT,297.0,831.0,42.0,56.0,58.0,1363,manual,100.0,34.0
446,BOOTUP DEFAULT,292.0,912.0,42.0,56.0,57.0,1404,manual,100.0,33.0
447,BOOTUP DEFAULT,286.0,850.0,42.0,57.0,60.0,1502,manual,100.0,51.0
448,BOOTUP DEFAULT,291.0,850.0,43.0,57.0,58.0,1363,manual,100.0,33.0
449,BOOTUP DEFAULT,294.0,912.0,43.0,57.0,58.0,1404,manual,100.0,33.0
450,BOOTUP DEFAULT,289.0,850.0,43.0,57.0,59.0,1404,manual,100.0,33.0
451,BOOTUP DEFAULT,305.0,850.0,42.0,57.0,61.0,1404,manual,100.0,33.0
452,BOOTUP DEFAULT,290.0,850.0,43.0,57.0,58.0,1404,manual,100.0,33.0
453,BOOTUP DEFAULT,293.0,912.0,43.0,57.0,58.0,1404,manual,100.0,33.0
454,BOOTUP DEFAULT,294.0,850.0,43.0,58.0,58.0,1404,manual,100.0,32.0
455,BOOTUP DEFAULT,305.0,850.0,43.0,58.0,61.0,1430,manual,99.0,33.0
456,BOOTUP DEFAULT,292.0,850.0,43.0,58.0,59.0,1404,manual,100.0,32.0
457,BOOTUP DEFAULT,229.0,906.0,43.0,55.0,51.0,1502,manual,100.0,2.0
458,BOOTUP DEFAULT,279.0,850.0,43.0,57.0,56.0,1404,manual,100.0,34.0
459,BOOTUP DEFAULT,283.0,850.0,44.0,58.0,58.0,1404,manual,100.0,37.0
460,BOOTUP DEFAULT,297.0,912.0,44.0,58.0,59.0,1363,manual,100.0,34.0
461,BOOTUP DEFAULT,294.0,850.0,44.0,58.0,59.0,1404,manual,100.0,34.0
462,BOOTUP DEFAULT,275.0,850.0,43.0,58.0,62.0,1502,manual,100.0,49.0
463,BOOTUP DEFAULT,294.0,831.0,44.0,58.0,60.0,1363,manual,100.0,34.0
464,BOOTUP DEFAULT,281.0,850.0,44.0,58.0,59.0,1404,manual,100.0,34.0
465,BOOTUP DEFAULT,299.0,912.0,44.0,58.0,59.0,1363,manual,100.0,34.0
466,BOOTUP DEFAULT,272.0,850.0,44.0,58.0,60.0,1502,manual,99.0,50.0
467,BOOTUP DEFAULT,297.0,850.0,44.0,59.0,62.0,1363,manual,99.0,34.0
468,BOOTUP DEFAULT,288.0,831.0,44.0,58.0,60.0,1363,manual,100.0,35.0
469,BOOTUP DEFAULT,287.0,912.0,45.0,58.0,60.0,1363,manual,100.0,36.0
470,BOOTUP DEFAULT,294.0,850.0,45.0,59.0,60.0,1363,manual,100.0,35.0
471,BOOTUP DEFAULT,281.0,850.0,45.0,59.0,63.0,1502,manual,100.0,51.0
472,BOOTUP DEFAULT,298.0,850.0,45.0,59.0,62.0,1363,manual,100.0,37.0
473,BOOTUP DEFAULT,297.0,850.0,45.0,59.0,60.0,1363,manual,100.0,35.0
474,BOOTUP DEFAULT,282.0,862.0,45.0,59.0,61.0,1404,manual,100.0,35.0
475,BOOTUP DEFAULT,276.0,831.0,45.0,60.0,63.0,1502,manual,100.0,49.0
476,BOOTUP DEFAULT,285.0,850.0,45.0,59.0,61.0,1363,manual,100.0,36.0
477,BOOTUP DEFAULT,297.0,912.0,45.0,59.0,61.0,1363,manual,100.0,35.0
478,BOOTUP DEFAULT,284.0,825.0,45.0,59.0,61.0,1404,manual,100.0,36.0
479,BOOTUP DEFAULT,286.0,662.0,45.0,60.0,63.0,1363,manual,99.0,36.0
480,BOOTUP DEFAULT,287.0,831.0,46.0,59.0,61.0,1363,manual,100.0,36.0
481,BOOTUP DEFAULT,289.0,912.0,46.0,59.0,62.0,1363,manual,100.0,39.0
482,BOOTUP DEFAULT,283.0,825.0,46.0,60.0,62.0,1502,manual,100.0,51.0
483,BOOTUP DEFAULT,289.0,831.0,46.0,59.0,62.0,1404,manual,100.0,36.0
484,BOOTUP DEFAULT,292.0,912.0,46.0,60.0,62.0,1363,manual,100.0,39.0
485,BOOTUP DEFAULT,275.0,825.0,46.0,59.0,62.0,1472,manual,97.0,55.0
486,BOOTUP DEFAULT,294.0,831.0,46.0,60.0,63.0,1319,manual,100.0,37.0
487,BOOTUP DEFAULT,283.0,831.0,46.0,59.0,63.0,1363,manual,100.0,40.0
488,BOOTUP DEFAULT,266.0,831.0,46.0,60.0,62.0,1430,manual,100.0,55.0
489,BOOTUP DEFAULT,285.0,831.0,46.0,60.0,64.0,1363,manual,100.0,40.0
490,BOOTUP DEFAULT,229.0,912.0,46.0,58.0,54.0,1502,manual,100.0,2.0
491,BOOTUP DEFAULT,286.0,831.0,45.0,59.0,58.0,1319,manual,100.0,39.0
492,BOOTUP DEFAULT,285.0,806.0,46.0,59.0,62.0,1319,manual,100.0,39.0
493,BOOTUP DEFAULT,284.0,806.0,46.0,60.0,63.0,1363,manual,100.0,39.0
494,BOOTUP DEFAULT,285.0,831.0,46.0,61.0,64.0,1363,manual,100.0,41.0
495,BOOTUP DEFAULT,286.0,831.0,46.0,60.0,63.0,1363,manual,100.0,40.0
496,BOOTUP DEFAULT,271.0,812.0,46.0,60.0,63.0,1502,manual,100.0,51.0
497,BOOTUP DEFAULT,286.0,812.0,46.0,60.0,64.0,1319,manual,100.0,42.0
498,BOOTUP DEFAULT,299.0,912.0,47.0,60.0,64.0,1319,manual,100.0,40.0
499,BOOTUP DEFAULT,279.0,812.0,46.0,61.0,65.0,1502,manual,100.0,51.0
500,BOOTUP DEFAULT,292.0,812.0,46.0,60.0,64.0,1319,manual,100.0,43.0
501,BOOTUP DEFAULT,290.0,825.0,47.0,60.0,64.0,1319,manual,100.0,42.0
502,BOOTUP DEFAULT,292.0,812.0,46.0,61.0,65.0,1319,manual,100.0,43.0
503,BOOTUP DEFAULT,289.0,912.0,47.0,60.0,65.0,1319,manual,100.0,44.0
504,BOOTUP DEFAULT,273.0,812.0,47.0,61.0,66.0,1502,manual,100.0,70.0
505,BOOTUP DEFAULT,282.0,812.0,47.0,61.0,65.0,1319,manual,100.0,42.0
506,BOOTUP DEFAULT,289.0,912.0,47.0,60.0,65.0,1319,manual,100.0,43.0
507,BOOTUP DEFAULT,279.0,793.0,47.0,61.0,66.0,1502,manual,100.0,49.0
508,BOOTUP DEFAULT,294.0,806.0,47.0,60.0,65.0,1319,manual,100.0,43.0
509,BOOTUP DEFAULT,291.0,806.0,47.0,60.0,64.0,1319,manual,100.0,43.0
510,BOOTUP DEFAULT,287.0,812.0,48.0,61.0,66.0,1319,manual,100.0,44.0
511,BOOTUP DEFAULT,293.0,912.0,47.0,60.0,65.0,1319,manual,100.0,42.0
512,BOOTUP DEFAULT,277.0,812.0,47.0,61.0,65.0,1502,manual,100.0,50.0
513,BOOTUP DEFAULT,289.0,806.0,47.0,61.0,65.0,1319,manual,100.0,45.0
514,BOOTUP DEFAULT,296.0,912.0,48.0,60.0,65.0,1283,manual,100.0,43.0
515,BOOTUP DEFAULT,297.0,806.0,47.0,61.0,66.0,1283,manual,100.0,43.0
516,BOOTUP DEFAULT,284.0,806.0,48.0,61.0,65.0,1319,manual,100.0,43.0
517,BOOTUP DEFAULT,274.0,812.0,47.0,60.0,65.0,1502,manual,99.0,50.0
518,BOOTUP DEFAULT,287.0,812.0,47.0,61.0,66.0,1319,manual,100.0,44.0
519,BOOTUP DEFAULT,292.0,912.0,48.0,61.0,65.0,1283,manual,100.0,42.0
520,BOOTUP DEFAULT,257.0,906.0,48.0,59.0,62.0,1502,manual,83.0,41.0
521,BOOTUP DEFAULT,234.0,812.0,47.0,60.0,52.0,1502,manual,100.0,2.0
522,BOOTUP DEFAULT,285.0,793.0,47.0,61.0,63.0,1319,manual,100.0,42.0
523,BOOTUP DEFAULT,291.0,912.0,48.0,61.0,64.0,1319,manual,100.0,43.0
524,BOOTUP DEFAULT,330.0,806.0,47.0,62.0,66.0,1363,manual,100.0,45.0
525,BOOTUP DEFAULT,287.0,912.0,48.0,61.0,65.0,1319,manual,100.0,44.0
526,BOOTUP DEFAULT,285.0,793.0,47.0,61.0,67.0,1502,manual,100.0,52.0
527,BOOTUP DEFAULT,296.0,812.0,48.0,61.0,65.0,1319,manual,100.0,43.0
528,BOOTUP DEFAULT,240.0,793.0,48.0,61.0,65.0,1363,manual,100.0,55.0
529,BOOTUP DEFAULT,296.0,812.0,48.0,61.0,66.0,1283,manual,100.0,42.0
530,BOOTUP DEFAULT,290.0,912.0,48.0,61.0,65.0,1319,manual,100.0,43.0
531,BOOTUP DEFAULT,286.0,806.0,48.0,61.0,66.0,1502,manual,100.0,50.0
532,BOOTUP DEFAULT,284.0,837.0,48.0,61.0,65.0,1319,manual,100.0,42.0
533,BOOTUP DEFAULT,293.0,787.0,48.0,61.0,65.0,1502,manual,100.0,55.0
534,BOOTUP DEFAULT,280.0,812.0,48.0,61.0,66.0,1319,manual,100.0,43.0
535,BOOTUP DEFAULT,293.0,812.0,48.0,61.0,65.0,1283,manual,100.0,42.0
536,BOOTUP DEFAULT,279.0,793.0,48.0,61.0,66.0,1319,manual,100.0,40.0
537,BOOTUP DEFAULT,280.0,906.0,48.0,61.0,65.0,1319,manual,100.0,40.0
538,BOOTUP DEFAULT,293.0,812.0,48.0,62.0,67.0,1319,manual,100.0,41.0
539,BOOTUP DEFAULT,292.0,893.0,49.0,61.0,65.0,1319,manual,100.0,42.0
540,BOOTUP DEFAULT,296.0,806.0,48.0,62.0,66.0,1472,manual,100.0,55.0
541,BOOTUP DEFAULT,287.0,812.0,48.0,62.0,65.0,1319,manual,100.0,41.0
542,BOOTUP DEFAULT,286.0,912.0,48.0,61.0,64.0,1319,manual,100.0,42.0
543,BOOTUP DEFAULT,288.0,806.0,48.0,63.0,66.0,1319,manual,100.0,40.0
544,BOOTUP DEFAULT,288.0,912.0,48.0,62.0,65.0,1319,manual,100.0,42.0
545,BOOTUP DEFAULT,289.0,831.0,49.0,62.0,67.0,1502,manual,100.0,52.0
546,BOOTUP DEFAULT,282.0,812.0,49.0,62.0,65.0,1363,manual,100.0,40.0
547,BOOTUP DEFAULT,284.0,812.0,49.0,61.0,65.0,1363,manual,100.0,41.0
548,BOOTUP DEFAULT,286.0,831.0,48.0,63.0,66.0,1319,manual,100.0,39.0
549,BOOTUP DEFAULT,298.0,912.0,49.0,62.0,65.0,1319,manual,100.0,42.0
550,BOOTUP DEFAULT,233.0,912.0,48.0,61.0,54.0,1502,manual,100.0,2.0
551,BOOTUP DEFAULT,286.0,912.0,48.0,62.0,63.0,1319,manual,100.0,38.0
552,BOOTUP DEFAULT,298.0,812.0,48.0,62.0,66.0,1319,manual,99.0,39.0
553,BOOTUP DEFAULT,296.0,825.0,49.0,62.0,65.0,1319,manual,100.0,40.0
554,BOOTUP DEFAULT,273.0,812.0,49.0,62.0,65.0,1502,manual,99.0,50.0
555,BOOTUP DEFAULT,294.0,812.0,49.0,62.0,65.0,1319,manual,100.0,41.0
556,BOOTUP DEFAULT,286.0,912.0,49.0,62.0,66.0,1363,manual,100.0,40.0
557,BOOTUP DEFAULT,279.0,812.0,48.0,62.0,66.0,1502,manual,100.0,51.0
558,BOOTUP DEFAULT,294.0,831.0,49.0,62.0,65.0,1363,manual,100.0,38.0
559,BOOTUP DEFAULT,297.0,831.0,49.0,62.0,64.0,1319,manual,100.0,39.0
560,BOOTUP DEFAULT,295.0,825.0,49.0,63.0,66.0,1319,manual,100.0,37.0
561,BOOTUP DEFAULT,295.0,843.0,48.0,63.0,64.0,1319,manual,100.0,38.0
562,BOOTUP DEFAULT,275.0,831.0,49.0,62.0,65.0,1502,manual,99.0,50.0
563,BOOTUP DEFAULT,295.0,831.0,49.0,62.0,65.0,1319,manual,100.0,38.0
564,BOOTUP DEFAULT,288.0,906.0,48.0,62.0,66.0,1363,manual,100.0,38.0
565,BOOTUP DEFAULT,288.0,831.0,48.0,62.0,66.0,1502,manual,100.0,51.0
566,BOOTUP DEFAULT,296.0,812.0,49.0,62.0,66.0,1319,manual,100.0,38.0
567,BOOTUP DEFAULT,288.0,912.0,48.0,63.0,65.0,1363,manual,100.0,37.0
568,BOOTUP DEFAULT,283.0,812.0,48.0,63.0,68.0,1502,manual,100.0,51.0
569,BOOTUP DEFAULT,280.0,831.0,48.0,62.0,66.0,1363,manual,100.0,37.0
570,BOOTUP DEFAULT,290.0,825.0,49.0,62.0,64.0,1363,manual,100.0,37.0
571,BOOTUP DEFAULT,290.0,825.0,49.0,63.0,66.0,1363,manual,99.0,38.0
572,BOOTUP DEFAULT,289.0,812.0,49.0,62.0,65.0,1363,manual,100.0,35.0
573,BOOTUP DEFAULT,267.0,831.0,49.0,63.0,64.0,1472,manual,100.0,57.0
574,BOOTUP DEFAULT,291.0,831.0,49.0,63.0,66.0,1363,manual,100.0,36.0
575,BOOTUP DEFAULT,292.0,912.0,50.0,62.0,65.0,1363,manual,100.0,39.0
576,BOOTUP DEFAULT,272.0,831.0,49.0,62.0,65.0,1502,manual,99.0,50.0
577,BOOTUP DEFAULT,280.0,831.0,49.0,63.0,65.0,1363,manual,100.0,37.0
578,BOOTUP DEFAULT,292.0,912.0,49.0,63.0,66.0,1363,manual,100.0,38.0
579,BOOTUP DEFAULT,282.0,831.0,49.0,63.0,66.0,1502,manual,100.0,51.0
580,BOOTUP DEFAULT,234.0,912.0,49.0,61.0,58.0,1502,manual,100.0,2.0
581,BOOTUP DEFAULT,280.0,831.0,48.0,62.0,60.0,1502,manual,100.0,50.0
582,BOOTUP DEFAULT,291.0,831.0,49.0,62.0,64.0,1319,manual,100.0,39.0
583,BOOTUP DEFAULT,291.0,912.0,49.0,62.0,64.0,1363,manual,100.0,38.0
584,BOOTUP DEFAULT,282.0,825.0,49.0,63.0,67.0,1502,manual,100.0,50.0
585,BOOTUP DEFAULT,278.0,831.0,49.0,63.0,65.0,1363,manual,100.0,37.0
586,BOOTUP DEFAULT,292.0,912.0,49.0,63.0,66.0,1363,manual,100.0,38.0
587,BOOTUP DEFAULT,278.0,825.0,49.0,63.0,66.0,1502,manual,100.0,50.0
588,BOOTUP DEFAULT,288.0,831.0,49.0,63.0,65.0,1363,manual,100.0,36.0
589,BOOTUP DEFAULT,294.0,912.0,49.0,63.0,66.0,1319,manual,100.0,37.0
590,BOOTUP DEFAULT,278.0,831.0,49.0,63.0,68.0,1502,manual,100.0,49.0
591,BOOTUP DEFAULT,280.0,831.0,49.0,63.0,66.0,1363,manual,100.0,38.0
592,BOOTUP DEFAULT,293.0,906.0,50.0,63.0,66.0,1319,manual,100.0,36.0
593,BOOTUP DEFAULT,281.0,831.0,49.0,63.0,68.0,1502,manual,100.0,49.0
594,BOOTUP DEFAULT,293.0,831.0,49.0,63.0,66.0,1363,manual,100.0,37.0
595,BOOTUP DEFAULT,279.0,912.0,49.0,63.0,66.0,1363,manual,100.0,38.0
596,BOOTUP DEFAULT,281.0,831.0,49.0,63.0,68.0,1502,manual,100.0,49.0
597,BOOTUP DEFAULT,290.0,825.0,49.0,63.0,66.0,1363,manual,100.0,38.0
598,BOOTUP DEFAULT,293.0,912.0,49.0,63.0,66.0,1363,manual,100.0,39.0
599,BOOTUP DEFAULT,282.0,825.0,49.0,63.0,68.0,1502,manual,100.0,50.0
600,BOOTUP DEFAULT,294.0,831.0,50.0,63.0,66.0,1363,manual,100.0,38.0
601,BOOTUP DEFAULT,291.0,912.0,49.0,63.0,66.0,1363,manual,100.0,38.0
602,BOOTUP DEFAULT,279.0,806.0,49.0,64.0,68.0,1502,manual,100.0,51.0
603,BOOTUP DEFAULT,292.0,812.0,49.0,63.0,66.0,1363,manual,100.0,38.0
604,BOOTUP DEFAULT,295.0,862.0,50.0,63.0,66.0,1319,manual,100.0,38.0
605,BOOTUP DEFAULT,283.0,831.0,49.0,63.0,68.0,1363,manual,100.0,38.0
606,BOOTUP DEFAULT,291.0,806.0,49.0,63.0,66.0,1363,manual,100.0,39.0
607,BOOTUP DEFAULT,290.0,825.0,50.0,63.0,66.0,1363,manual,100.0,38.0
608,BOOTUP DEFAULT,296.0,825.0,49.0,63.0,67.0,1319,manual,100.0,38.0
609,BOOTUP DEFAULT,295.0,912.0,49.0,63.0,66.0,1363,manual,100.0,39.0
610,BOOTUP DEFAULT,272.0,812.0,49.0,63.0,67.0,1502,manual,100.0,49.0
611,BOOTUP DEFAULT,234.0,906.0,49.0,61.0,60.0,1502,manual,100.0,2.0
612,BOOTUP DEFAULT,285.0,831.0,48.0,62.0,57.0,1502,manual,100.0,50.0
613,BOOTUP DEFAULT,283.0,831.0,49.0,63.0,65.0,1363,manual,100.0,40.0
614,BOOTUP DEFAULT,294.0,912.0,49.0,63.0,66.0,1319,manual,100.0,38.0
615,BOOTUP DEFAULT,282.0,806.0,49.0,63.0,68.0,1502,manual,100.0,49.0
616,BOOTUP DEFAULT,294.0,806.0,49.0,63.0,66.0,1363,manual,100.0,40.0
617,BOOTUP DEFAULT,285.0,912.0,50.0,63.0,66.0,1363,manual,100.0,40.0
618,BOOTUP DEFAULT,262.0,825.0,49.0,64.0,67.0,1502,manual,87.0,41.0
619,BOOTUP DEFAULT,295.0,806.0,50.0,63.0,67.0,1319,manual,100.0,40.0
620,BOOTUP DEFAULT,296.0,850.0,49.0,63.0,66.0,1319,manual,100.0,39.0
621,BOOTUP DEFAULT,298.0,831.0,49.0,64.0,68.0,1319,manual,100.0,38.0
622,BOOTUP DEFAULT,299.0,812.0,49.0,63.0,67.0,1319,manual,100.0,41.0
623,BOOTUP DEFAULT,276.0,831.0,50.0,63.0,67.0,1472,manual,100.0,57.0
624,BOOTUP DEFAULT,284.0,825.0,49.0,63.0,67.0,1363,manual,100.0,41.0
625,BOOTUP DEFAULT,287.0,912.0,49.0,63.0,67.0,1319,manual,100.0,40.0
626,BOOTUP DEFAULT,299.0,806.0,49.0,63.0,67.0,1472,manual,100.0,64.0
627,BOOTUP DEFAULT,278.0,912.0,50.0,64.0,64.0,1502,manual,100.0,23.0
628,BOOTUP DEFAULT,52.0,925.0,47.0,61.0,58.0,300,manual,0.0,1.0
629,BOOTUP DEFAULT,42.0,925.0,45.0,49.0,53.0,300,manual,0.0,1.0
630,BOOTUP DEFAULT,42.0,925.0,44.0,48.0,51.0,300,manual,0.0,1.0
631,BOOTUP DEFAULT,55.0,925.0,44.0,47.0,50.0,300,manual,1.0,0.0
632,BOOTUP DEFAULT,56.0,662.0,43.0,46.0,50.0,1502,manual,2.0,0.0
633,BOOTUP DEFAULT,48.0,662.0,43.0,46.0,50.0,300,manual,0.0,2.0
634,BOOTUP DEFAULT,48.0,668.0,42.0,46.0,49.0,300,manual,0.0,2.0
635,BOOTUP DEFAULT,39.0,662.0,42.0,45.0,48.0,300,manual,0.0,0.0
636,BOOTUP DEFAULT,39.0,662.0,41.0,45.0,48.0,300,manual,0.0,0.0
637,BOOTUP DEFAULT,70.0,931.0,41.0,44.0,47.0,1502,manual,5.0,3.0
638,BOOTUP DEFAULT,67.0,925.0,41.0,44.0,47.0,1502,manual,5.0,0.0
639,BOOTUP DEFAULT,125.0,925.0,40.0,44.0,47.0,1502,manual,29.0,2.0
640,BOOTUP DEFAULT,67.0,925.0,40.0,43.0,46.0,1502,manual,2.0,0.0
641,BOOTUP DEFAULT,81.0,931.0,39.0,43.0,46.0,300,manual,9.0,0.0
642,BOOTUP DEFAULT,39.0,662.0,39.0,43.0,46.0,300,manual,0.0,0.0
643,BOOTUP DEFAULT,47.0,662.0,39.0,42.0,46.0,300,manual,0.0,0.0
644,BOOTUP DEFAULT,59.0,925.0,39.0,42.0,45.0,300,manual,1.0,1.0
645,BOOTUP DEFAULT,54.0,925.0,38.0,42.0,45.0,300,manual,4.0,0.0
646,BOOTUP DEFAULT,279.0,831.0,39.0,45.0,48.0,300,manual,93.0,79.0
647,BOOTUP DEFAULT,322.0,906.0,42.0,55.0,63.0,1319,manual,100.0,73.0
648,BOOTUP DEFAULT,240.0,912.0,42.0,54.0,51.0,1502,manual,100.0,13.0
649,BOOTUP DEFAULT,231.0,812.0,42.0,54.0,61.0,1319,manual,100.0,53.0
650,BOOTUP DEFAULT,274.0,912.0,43.0,56.0,57.0,1363,manual,100.0,13.0
651,BOOTUP DEFAULT,310.0,806.0,43.0,55.0,62.0,1319,manual,99.0,60.0
652,BOOTUP DEFAULT,214.0,912.0,44.0,57.0,56.0,1472,manual,100.0,3.0
653,BOOTUP DEFAULT,323.0,812.0,43.0,57.0,64.0,1319,manual,100.0,74.0
654,BOOTUP DEFAULT,215.0,906.0,43.0,56.0,55.0,1502,manual,99.0,25.0
655,BOOTUP DEFAULT,240.0,912.0,44.0,56.0,55.0,1502,manual,100.0,10.0
656,BOOTUP DEFAULT,237.0,912.0,43.0,56.0,55.0,1502,manual,100.0,13.0
657,BOOTUP DEFAULT,199.0,912.0,44.0,57.0,55.0,1502,manual,100.0,12.0
658,BOOTUP DEFAULT,250.0,912.0,44.0,57.0,55.0,1502,manual,100.0,12.0
659,BOOTUP DEFAULT,360.0,912.0,45.0,58.0,57.0,1472,manual,100.0,18.0
660,BOOTUP DEFAULT,291.0,912.0,44.0,57.0,59.0,1363,manual,100.0,15.0
661,BOOTUP DEFAULT,316.0,831.0,43.0,57.0,60.0,1319,manual,99.0,59.0
662,BOOTUP DEFAULT,235.0,875.0,44.0,57.0,60.0,1319,manual,100.0,55.0
663,BOOTUP DEFAULT,316.0,825.0,44.0,57.0,60.0,1319,manual,100.0,59.0
664,BOOTUP DEFAULT,313.0,831.0,44.0,57.0,60.0,1319,manual,99.0,60.0
665,BOOTUP DEFAULT,155.0,812.0,44.0,57.0,58.0,1363,manual,100.0,55.0
666,BOOTUP DEFAULT,295.0,812.0,43.0,57.0,55.0,1363,manual,99.0,30.0
667,BOOTUP DEFAULT,293.0,800.0,44.0,58.0,55.0,1319,manual,100.0,30.0
668,BOOTUP DEFAULT,296.0,812.0,44.0,58.0,55.0,1363,manual,99.0,30.0
669,BOOTUP DEFAULT,243.0,812.0,44.0,58.0,55.0,1502,manual,100.0,34.0
670,BOOTUP DEFAULT,253.0,793.0,44.0,57.0,55.0,1502,manual,100.0,24.0
671,BOOTUP DEFAULT,264.0,793.0,44.0,58.0,53.0,1502,manual,100.0,46.0
672,BOOTUP DEFAULT,210.0,806.0,44.0,57.0,55.0,1502,manual,100.0,3.0
673,BOOTUP DEFAULT,233.0,812.0,45.0,57.0,56.0,1502,manual,100.0,14.0
674,BOOTUP DEFAULT,233.0,806.0,45.0,58.0,56.0,1502,manual,100.0,27.0
675,BOOTUP DEFAULT,275.0,912.0,44.0,57.0,56.0,1502,manual,100.0,55.0
676,BOOTUP DEFAULT,207.0,906.0,45.0,58.0,55.0,1502,manual,100.0,3.0
677,BOOTUP DEFAULT,223.0,912.0,45.0,58.0,55.0,1502,manual,100.0,5.0
678,BOOTUP DEFAULT,248.0,912.0,45.0,58.0,55.0,1502,manual,100.0,13.0
679,BOOTUP DEFAULT,229.0,912.0,45.0,59.0,56.0,1502,manual,100.0,11.0
680,BOOTUP DEFAULT,192.0,887.0,45.0,59.0,57.0,1502,manual,100.0,1.0
681,BOOTUP DEFAULT,136.0,912.0,46.0,59.0,57.0,1502,manual,100.0,0.0
682,BOOTUP DEFAULT,356.0,912.0,45.0,59.0,58.0,1430,manual,100.0,15.0
683,BOOTUP DEFAULT,343.0,912.0,46.0,59.0,57.0,1430,manual,100.0,17.0
684,BOOTUP DEFAULT,248.0,912.0,45.0,59.0,59.0,1404,manual,100.0,14.0
685,BOOTUP DEFAULT,378.0,912.0,45.0,59.0,61.0,1430,manual,100.0,22.0
686,BOOTUP DEFAULT,219.0,912.0,45.0,59.0,59.0,1430,manual,100.0,5.0
687,BOOTUP DEFAULT,324.0,868.0,45.0,58.0,65.0,1283,manual,100.0,73.0
688,BOOTUP DEFAULT,314.0,893.0,45.0,58.0,64.0,1283,manual,99.0,75.0
689,BOOTUP DEFAULT,324.0,850.0,45.0,58.0,62.0,1283,manual,100.0,75.0
690,BOOTUP DEFAULT,152.0,831.0,45.0,58.0,62.0,1363,manual,100.0,53.0
691,BOOTUP DEFAULT,300.0,900.0,45.0,58.0,62.0,1283,manual,99.0,58.0
692,BOOTUP DEFAULT,299.0,825.0,45.0,58.0,61.0,1283,manual,100.0,51.0
693,BOOTUP DEFAULT,314.0,875.0,45.0,59.0,59.0,1283,manual,99.0,60.0
694,BOOTUP DEFAULT,312.0,781.0,45.0,59.0,59.0,1319,manual,99.0,57.0
695,BOOTUP DEFAULT,255.0,793.0,44.0,58.0,55.0,1502,manual,100.0,24.0
696,BOOTUP DEFAULT,210.0,800.0,45.0,59.0,55.0,1502,manual,100.0,3.0
697,BOOTUP DEFAULT,158.0,806.0,45.0,59.0,54.0,1502,manual,100.0,1.0
698,BOOTUP DEFAULT,210.0,787.0,45.0,59.0,55.0,1502,manual,100.0,2.0
699,BOOTUP DEFAULT,159.0,793.0,45.0,59.0,54.0,1502,manual,100.0,2.0
700,BOOTUP DEFAULT,203.0,806.0,46.0,58.0,56.0,1502,manual,100.0,4.0
701,BOOTUP DEFAULT,216.0,850.0,46.0,59.0,57.0,1502,manual,100.0,19.0
702,BOOTUP DEFAULT,236.0,825.0,46.0,59.0,57.0,1502,manual,100.0,27.0
703,BOOTUP DEFAULT,265.0,912.0,46.0,59.0,55.0,1502,manual,99.0,36.0
704,BOOTUP DEFAULT,217.0,912.0,46.0,59.0,56.0,1502,manual,100.0,11.0
705,BOOTUP DEFAULT,239.0,912.0,46.0,60.0,56.0,1502,manual,100.0,13.0
706,BOOTUP DEFAULT,218.0,912.0,46.0,59.0,56.0,1502,manual,100.0,10.0
707,BOOTUP DEFAULT,216.0,912.0,46.0,59.0,56.0,1502,manual,100.0,10.0
708,BOOTUP DEFAULT,245.0,912.0,46.0,60.0,56.0,1502,manual,100.0,11.0
709,BOOTUP DEFAULT,128.0,918.0,46.0,61.0,57.0,1502,manual,100.0,0.0
710,BOOTUP DEFAULT,353.0,912.0,46.0,61.0,57.0,1404,manual,100.0,20.0
711,BOOTUP DEFAULT,232.0,912.0,46.0,60.0,59.0,1430,manual,100.0,7.0
712,BOOTUP DEFAULT,377.0,912.0,46.0,59.0,61.0,1430,manual,100.0,23.0
713,BOOTUP DEFAULT,276.0,912.0,46.0,60.0,58.0,1363,manual,100.0,15.0
714,BOOTUP DEFAULT,318.0,906.0,46.0,59.0,62.0,1363,manual,100.0,18.0
715,BOOTUP DEFAULT,355.0,912.0,46.0,59.0,64.0,1472,manual,99.0,13.0
716,BOOTUP DEFAULT,378.0,912.0,46.0,59.0,62.0,1363,manual,99.0,25.0
717,BOOTUP DEFAULT,214.0,862.0,46.0,59.0,65.0,1363,manual,99.0,67.0
718,BOOTUP DEFAULT,152.0,831.0,46.0,59.0,63.0,1363,manual,99.0,57.0
719,BOOTUP DEFAULT,319.0,825.0,46.0,59.0,62.0,1319,manual,99.0,60.0
720,BOOTUP DEFAULT,300.0,887.0,46.0,59.0,62.0,1283,manual,99.0,60.0
721,BOOTUP DEFAULT,324.0,850.0,46.0,59.0,62.0,1319,manual,99.0,75.0
722,BOOTUP DEFAULT,331.0,893.0,46.0,59.0,62.0,1319,manual,99.0,60.0
723,BOOTUP DEFAULT,314.0,806.0,46.0,59.0,59.0,1319,manual,99.0,60.0
724,BOOTUP DEFAULT,262.0,806.0,45.0,59.0,57.0,1502,manual,98.0,32.0
725,BOOTUP DEFAULT,298.0,793.0,45.0,60.0,57.0,1363,manual,99.0,30.0
726,BOOTUP DEFAULT,266.0,806.0,46.0,60.0,56.0,1502,manual,100.0,28.0
727,BOOTUP DEFAULT,259.0,812.0,45.0,59.0,55.0,1502,manual,99.0,25.0
728,BOOTUP DEFAULT,263.0,806.0,46.0,60.0,55.0,1502,manual,100.0,41.0
729,BOOTUP DEFAULT,210.0,806.0,45.0,59.0,55.0,1502,manual,100.0,3.0
730,BOOTUP DEFAULT,205.0,806.0,46.0,59.0,57.0,1502,manual,100.0,4.0
731,BOOTUP DEFAULT,237.0,812.0,46.0,59.0,58.0,1502,manual,100.0,27.0
732,BOOTUP DEFAULT,232.0,831.0,46.0,60.0,58.0,1502,manual,100.0,26.0
733,BOOTUP DEFAULT,277.0,912.0,46.0,59.0,57.0,1502,manual,99.0,56.0
734,BOOTUP DEFAULT,214.0,906.0,46.0,59.0,57.0,1502,manual,100.0,4.0
735,BOOTUP DEFAULT,144.0,912.0,46.0,59.0,56.0,1502,manual,100.0,1.0
736,BOOTUP DEFAULT,226.0,912.0,46.0,60.0,57.0,1502,manual,100.0,5.0
737,BOOTUP DEFAULT,254.0,912.0,46.0,60.0,57.0,1502,manual,100.0,13.0
738,BOOTUP DEFAULT,231.0,912.0,47.0,60.0,58.0,1502,manual,99.0,13.0
739,BOOTUP DEFAULT,225.0,925.0,46.0,61.0,60.0,1502,manual,100.0,6.0
740,BOOTUP DEFAULT,245.0,912.0,46.0,60.0,59.0,1404,manual,100.0,10.0
741,BOOTUP DEFAULT,376.0,912.0,46.0,60.0,61.0,1430,manual,100.0,13.0
742,BOOTUP DEFAULT,279.0,906.0,47.0,59.0,63.0,1363,manual,100.0,19.0
743,BOOTUP DEFAULT,295.0,906.0,46.0,60.0,65.0,1472,manual,100.0,9.0
744,BOOTUP DEFAULT,243.0,912.0,46.0,59.0,66.0,1319,manual,99.0,16.0
745,BOOTUP DEFAULT,295.0,843.0,46.0,59.0,65.0,1319,manual,99.0,68.0
746,BOOTUP DEFAULT,324.0,856.0,46.0,59.0,64.0,1283,manual,99.0,74.0
747,BOOTUP DEFAULT,159.0,868.0,46.0,59.0,62.0,1363,manual,99.0,42.0
748,BOOTUP DEFAULT,161.0,881.0,46.0,60.0,63.0,1363,manual,99.0,42.0
749,BOOTUP DEFAULT,303.0,793.0,46.0,60.0,61.0,1283,manual,99.0,59.0
750,BOOTUP DEFAULT,284.0,787.0,46.0,60.0,57.0,1319,manual,100.0,30.0
751,BOOTUP DEFAULT,326.0,787.0,46.0,60.0,57.0,1404,manual,100.0,31.0
752,BOOTUP DEFAULT,259.0,806.0,46.0,59.0,56.0,1502,manual,100.0,25.0
753,BOOTUP DEFAULT,258.0,793.0,46.0,60.0,57.0,1502,manual,100.0,25.0
754,BOOTUP DEFAULT,209.0,831.0,46.0,60.0,55.0,1502,manual,100.0,3.0
755,BOOTUP DEFAULT,253.0,912.0,45.0,59.0,54.0,1502,manual,99.0,14.0
756,BOOTUP DEFAULT,234.0,912.0,47.0,60.0,59.0,1430,manual,100.0,7.0
757,BOOTUP DEFAULT,283.0,912.0,47.0,61.0,61.0,1363,manual,100.0,16.0
758,BOOTUP DEFAULT,275.0,906.0,47.0,61.0,59.0,1363,manual,100.0,17.0
759,BOOTUP DEFAULT,230.0,912.0,47.0,60.0,61.0,1430,manual,100.0,10.0
760,BOOTUP DEFAULT,326.0,912.0,46.0,60.0,64.0,1363,manual,100.0,19.0
761,BOOTUP DEFAULT,246.0,912.0,47.0,60.0,63.0,1404,manual,100.0,16.0
762,BOOTUP DEFAULT,327.0,918.0,46.0,59.0,65.0,1319,manual,99.0,74.0
763,BOOTUP DEFAULT,314.0,868.0,47.0,59.0,66.0,1235,manual,100.0,64.0
764,BOOTUP DEFAULT,324.0,843.0,46.0,60.0,66.0,1319,manual,99.0,72.0
765,BOOTUP DEFAULT,321.0,856.0,46.0,59.0,62.0,1319,manual,99.0,71.0
766,BOOTUP DEFAULT,195.0,893.0,46.0,60.0,61.0,1319,manual,99.0,55.0
767,BOOTUP DEFAULT,303.0,806.0,46.0,59.0,59.0,1283,manual,99.0,60.0
768,BOOTUP DEFAULT,295.0,812.0,46.0,61.0,57.0,1363,manual,100.0,30.0
769,BOOTUP DEFAULT,298.0,812.0,46.0,60.0,57.0,1363,manual,100.0,30.0
770,BOOTUP DEFAULT,346.0,793.0,46.0,60.0,57.0,1430,manual,100.0,32.0
771,BOOTUP DEFAULT,260.0,812.0,46.0,59.0,56.0,1502,manual,99.0,25.0
772,BOOTUP DEFAULT,209.0,806.0,46.0,60.0,56.0,1502,manual,100.0,3.0
773,BOOTUP DEFAULT,210.0,806.0,46.0,60.0,57.0,1502,manual,100.0,3.0
774,BOOTUP DEFAULT,205.0,793.0,46.0,59.0,57.0,1502,manual,100.0,4.0
775,BOOTUP DEFAULT,206.0,662.0,46.0,59.0,58.0,1502,manual,100.0,4.0
776,BOOTUP DEFAULT,175.0,850.0,46.0,58.0,63.0,1319,manual,99.0,51.0
777,BOOTUP DEFAULT,324.0,831.0,46.0,59.0,62.0,1319,manual,99.0,74.0
778,BOOTUP DEFAULT,175.0,768.0,46.0,59.0,61.0,1363,manual,99.0,59.0
779,BOOTUP DEFAULT,299.0,787.0,46.0,61.0,57.0,1319,manual,100.0,30.0
780,BOOTUP DEFAULT,290.0,812.0,46.0,61.0,57.0,1319,manual,100.0,31.0
781,BOOTUP DEFAULT,259.0,768.0,46.0,60.0,56.0,1502,manual,100.0,25.0
782,BOOTUP DEFAULT,161.0,806.0,46.0,60.0,56.0,1502,manual,100.0,1.0
783,BOOTUP DEFAULT,209.0,806.0,46.0,60.0,56.0,1502,manual,100.0,3.0
784,BOOTUP DEFAULT,210.0,787.0,46.0,60.0,56.0,1502,manual,100.0,3.0
785,BOOTUP DEFAULT,161.0,768.0,46.0,60.0,55.0,1502,manual,100.0,28.0
786,BOOTUP DEFAULT,211.0,768.0,46.0,60.0,57.0,1502,manual,100.0,3.0
787,BOOTUP DEFAULT,209.0,825.0,47.0,60.0,58.0,1502,manual,100.0,5.0
788,BOOTUP DEFAULT,232.0,806.0,47.0,60.0,58.0,1502,manual,100.0,14.0
789,BOOTUP DEFAULT,216.0,850.0,47.0,60.0,58.0,1502,manual,100.0,18.0
790,BOOTUP DEFAULT,219.0,831.0,47.0,60.0,58.0,1502,manual,99.0,18.0
791,BOOTUP DEFAULT,224.0,918.0,47.0,60.0,57.0,1502,manual,100.0,7.0
792,BOOTUP DEFAULT,256.0,912.0,47.0,60.0,57.0,1502,manual,100.0,14.0
793,BOOTUP DEFAULT,218.0,906.0,46.0,60.0,57.0,1502,manual,100.0,11.0
794,BOOTUP DEFAULT,257.0,912.0,47.0,60.0,58.0,1502,manual,100.0,14.0
795,BOOTUP DEFAULT,353.0,906.0,47.0,61.0,59.0,1363,manual,100.0,17.0
796,BOOTUP DEFAULT,133.0,925.0,47.0,62.0,58.0,1502,manual,100.0,0.0
797,BOOTUP DEFAULT,251.0,906.0,48.0,61.0,59.0,1404,manual,100.0,8.0
798,BOOTUP DEFAULT,275.0,912.0,47.0,61.0,59.0,1363,manual,100.0,10.0
799,BOOTUP DEFAULT,334.0,912.0,47.0,61.0,59.0,1472,manual,100.0,19.0
800,BOOTUP DEFAULT,313.0,893.0,47.0,61.0,58.0,1472,manual,100.0,12.0
801,BOOTUP DEFAULT,228.0,912.0,47.0,61.0,60.0,1404,manual,100.0,6.0
802,BOOTUP DEFAULT,193.0,912.0,47.0,60.0,61.0,1502,manual,100.0,12.0
803,BOOTUP DEFAULT,373.0,912.0,47.0,61.0,60.0,1430,manual,100.0,21.0
804,BOOTUP DEFAULT,374.0,906.0,47.0,60.0,63.0,1430,manual,100.0,18.0
805,BOOTUP DEFAULT,349.0,918.0,47.0,61.0,66.0,1363,manual,99.0,35.0
806,BOOTUP DEFAULT,257.0,906.0,47.0,60.0,65.0,1319,manual,99.0,16.0
807,BOOTUP DEFAULT,223.0,912.0,47.0,60.0,64.0,1404,manual,99.0,11.0
808,BOOTUP DEFAULT,232.0,912.0,46.0,59.0,63.0,1363,manual,99.0,7.0
809,BOOTUP DEFAULT,324.0,875.0,47.0,60.0,66.0,1283,manual,99.0,74.0
810,BOOTUP DEFAULT,316.0,862.0,47.0,60.0,65.0,1283,manual,99.0,62.0
811,BOOTUP DEFAULT,307.0,868.0,47.0,60.0,64.0,1235,manual,99.0,61.0
812,BOOTUP DEFAULT,324.0,893.0,47.0,59.0,63.0,1283,manual,99.0,73.0
813,BOOTUP DEFAULT,324.0,787.0,46.0,60.0,60.0,1283,manual,99.0,62.0
814,BOOTUP DEFAULT,286.0,806.0,46.0,61.0,57.0,1319,manual,100.0,30.0
815,BOOTUP DEFAULT,356.0,793.0,46.0,60.0,57.0,1430,manual,99.0,33.0
816,BOOTUP DEFAULT,260.0,806.0,46.0,60.0,57.0,1502,manual,100.0,27.0
817,BOOTUP DEFAULT,286.0,812.0,46.0,61.0,57.0,1319,manual,99.0,31.0
818,BOOTUP DEFAULT,227.0,812.0,46.0,60.0,55.0,1502,manual,100.0,30.0
819,BOOTUP DEFAULT,210.0,768.0,46.0,60.0,57.0,1502,manual,100.0,3.0
820,BOOTUP DEFAULT,208.0,806.0,47.0,60.0,59.0,1502,manual,100.0,4.0
821,BOOTUP DEFAULT,231.0,806.0,46.0,60.0,58.0,1502,manual,100.0,27.0
822,BOOTUP DEFAULT,208.0,806.0,47.0,60.0,58.0,1502,manual,100.0,4.0
823,BOOTUP DEFAULT,234.0,812.0,47.0,60.0,58.0,1502,manual,99.0,27.0
824,BOOTUP DEFAULT,205.0,787.0,46.0,60.0,57.0,1502,manual,100.0,4.0
825,BOOTUP DEFAULT,205.0,837.0,47.0,60.0,58.0,1502,manual,100.0,4.0
826,BOOTUP DEFAULT,232.0,806.0,47.0,60.0,59.0,1502,manual,100.0,27.0
827,BOOTUP DEFAULT,304.0,900.0,46.0,60.0,58.0,1472,manual,100.0,40.0
828,BOOTUP DEFAULT,219.0,831.0,47.0,60.0,58.0,1502,manual,100.0,18.0
829,BOOTUP DEFAULT,238.0,806.0,47.0,60.0,58.0,1502,manual,100.0,27.0
830,BOOTUP DEFAULT,234.0,806.0,47.0,60.0,58.0,1502,manual,100.0,15.0
831,BOOTUP DEFAULT,216.0,856.0,47.0,60.0,58.0,1502,manual,100.0,20.0
832,BOOTUP DEFAULT,208.0,912.0,47.0,60.0,57.0,1502,manual,100.0,2.0
833,BOOTUP DEFAULT,223.0,918.0,47.0,61.0,57.0,1502,manual,100.0,7.0
834,BOOTUP DEFAULT,212.0,918.0,47.0,60.0,57.0,1502,manual,100.0,5.0
835,BOOTUP DEFAULT,261.0,912.0,47.0,60.0,57.0,1502,manual,99.0,42.0
836,BOOTUP DEFAULT,213.0,912.0,47.0,60.0,57.0,1502,manual,100.0,5.0
837,BOOTUP DEFAULT,219.0,912.0,47.0,60.0,57.0,1502,manual,100.0,11.0
838,BOOTUP DEFAULT,117.0,912.0,47.0,60.0,57.0,1502,manual,100.0,22.0
839,BOOTUP DEFAULT,247.0,906.0,47.0,61.0,57.0,1502,manual,100.0,14.0
840,BOOTUP DEFAULT,256.0,912.0,47.0,61.0,57.0,1502,manual,100.0,15.0
841,BOOTUP DEFAULT,226.0,906.0,47.0,61.0,56.0,1502,manual,100.0,10.0
842,BOOTUP DEFAULT,252.0,906.0,47.0,61.0,57.0,1502,manual,100.0,13.0
843,BOOTUP DEFAULT,245.0,912.0,47.0,61.0,57.0,1502,manual,100.0,10.0
844,BOOTUP DEFAULT,211.0,912.0,48.0,61.0,58.0,1502,manual,100.0,12.0
845,BOOTUP DEFAULT,223.0,912.0,47.0,60.0,57.0,1502,manual,100.0,12.0
846,BOOTUP DEFAULT,206.0,906.0,47.0,61.0,57.0,1502,manual,100.0,9.0
847,BOOTUP DEFAULT,247.0,912.0,47.0,62.0,58.0,1404,manual,100.0,11.0
848,BOOTUP DEFAULT,243.0,912.0,48.0,62.0,59.0,1404,manual,100.0,8.0
849,BOOTUP DEFAULT,282.0,906.0,48.0,61.0,59.0,1363,manual,100.0,13.0
850,BOOTUP DEFAULT,239.0,918.0,48.0,61.0,59.0,1430,manual,100.0,7.0
851,BOOTUP DEFAULT,343.0,912.0,48.0,61.0,60.0,1472,manual,100.0,18.0
852,BOOTUP DEFAULT,269.0,912.0,47.0,61.0,62.0,1363,manual,100.0,16.0
853,BOOTUP DEFAULT,367.0,912.0,47.0,60.0,62.0,1363,manual,100.0,20.0
854,BOOTUP DEFAULT,368.0,906.0,47.0,61.0,63.0,1404,manual,100.0,23.0
855,BOOTUP DEFAULT,314.0,918.0,47.0,60.0,66.0,1283,manual,99.0,70.0
856,BOOTUP DEFAULT,246.0,856.0,47.0,60.0,63.0,1283,manual,99.0,42.0
857,BOOTUP DEFAULT,324.0,881.0,47.0,60.0,63.0,1319,manual,99.0,61.0
858,BOOTUP DEFAULT,265.0,906.0,47.0,60.0,63.0,1283,manual,99.0,49.0
859,BOOTUP DEFAULT,226.0,806.0,46.0,59.0,55.0,1502,manual,99.0,8.0
860,BOOTUP DEFAULT,238.0,806.0,47.0,60.0,58.0,1502,manual,100.0,23.0
861,BOOTUP DEFAULT,325.0,912.0,47.0,60.0,57.0,1472,manual,100.0,30.0
862,BOOTUP DEFAULT,225.0,912.0,48.0,60.0,58.0,1502,manual,100.0,10.0
863,BOOTUP DEFAULT,216.0,912.0,47.0,60.0,57.0,1502,manual,100.0,12.0
864,BOOTUP DEFAULT,194.0,912.0,48.0,60.0,58.0,1502,manual,100.0,12.0
865,BOOTUP DEFAULT,126.0,912.0,48.0,62.0,59.0,1502,manual,100.0,0.0
866,BOOTUP DEFAULT,265.0,912.0,47.0,61.0,57.0,1502,manual,100.0,16.0
867,BOOTUP DEFAULT,226.0,912.0,48.0,61.0,59.0,1430,manual,100.0,7.0
868,BOOTUP DEFAULT,224.0,912.0,48.0,61.0,60.0,1430,manual,100.0,6.0
869,BOOTUP DEFAULT,260.0,912.0,47.0,61.0,59.0,1502,manual,100.0,12.0
870,BOOTUP DEFAULT,284.0,912.0,47.0,61.0,60.0,1363,manual,100.0,14.0
871,BOOTUP DEFAULT,257.0,912.0,47.0,61.0,59.0,1404,manual,100.0,14.0
872,BOOTUP DEFAULT,209.0,912.0,47.0,61.0,61.0,1472,manual,100.0,6.0
873,BOOTUP DEFAULT,237.0,912.0,47.0,59.0,64.0,1404,manual,100.0,7.0
874,BOOTUP DEFAULT,338.0,912.0,47.0,60.0,61.0,1472,manual,100.0,20.0
875,BOOTUP DEFAULT,250.0,912.0,48.0,60.0,66.0,1319,manual,99.0,17.0
876,BOOTUP DEFAULT,155.0,856.0,47.0,60.0,65.0,1319,manual,99.0,63.0
877,BOOTUP DEFAULT,324.0,875.0,46.0,60.0,64.0,1319,manual,99.0,74.0
878,BOOTUP DEFAULT,353.0,906.0,47.0,60.0,65.0,1363,manual,99.0,32.0
879,BOOTUP DEFAULT,367.0,912.0,47.0,60.0,63.0,1363,manual,99.0,23.0
880,BOOTUP DEFAULT,342.0,906.0,47.0,60.0,65.0,1319,manual,99.0,35.0
881,BOOTUP DEFAULT,230.0,850.0,47.0,61.0,65.0,1283,manual,100.0,48.0
882,BOOTUP DEFAULT,323.0,900.0,47.0,60.0,63.0,1319,manual,99.0,61.0
883,BOOTUP DEFAULT,306.0,843.0,47.0,60.0,62.0,1283,manual,99.0,61.0
884,BOOTUP DEFAULT,324.0,812.0,47.0,60.0,60.0,1283,manual,99.0,61.0
885,BOOTUP DEFAULT,323.0,818.0,47.0,60.0,59.0,1319,manual,99.0,60.0
886,BOOTUP DEFAULT,357.0,781.0,47.0,61.0,57.0,1363,manual,100.0,61.0
887,BOOTUP DEFAULT,286.0,806.0,47.0,61.0,57.0,1319,manual,100.0,31.0
888,BOOTUP DEFAULT,259.0,787.0,46.0,60.0,56.0,1502,manual,100.0,25.0
889,BOOTUP DEFAULT,259.0,806.0,46.0,60.0,56.0,1502,manual,100.0,25.0
890,BOOTUP DEFAULT,261.0,806.0,46.0,61.0,56.0,1502,manual,100.0,26.0
891,BOOTUP DEFAULT,210.0,806.0,47.0,60.0,56.0,1502,manual,100.0,3.0
892,BOOTUP DEFAULT,206.0,843.0,47.0,60.0,57.0,1502,manual,100.0,4.0
893,BOOTUP DEFAULT,206.0,806.0,47.0,60.0,58.0,1502,manual,100.0,4.0
894,BOOTUP DEFAULT,214.0,825.0,47.0,60.0,58.0,1502,manual,99.0,19.0
895,BOOTUP DEFAULT,214.0,912.0,47.0,61.0,57.0,1502,manual,100.0,4.0
896,BOOTUP DEFAULT,262.0,912.0,47.0,60.0,57.0,1502,manual,100.0,38.0
897,BOOTUP DEFAULT,250.0,912.0,48.0,61.0,58.0,1502,manual,100.0,13.0
898,BOOTUP DEFAULT,246.0,912.0,47.0,61.0,57.0,1502,manual,100.0,14.0
899,BOOTUP DEFAULT,280.0,912.0,48.0,62.0,57.0,1502,manual,100.0,22.0
900,BOOTUP DEFAULT,283.0,787.0,46.0,58.0,57.0,1502,manual,99.0,66.0
901,BOOTUP DEFAULT,269.0,806.0,46.0,60.0,57.0,1502,manual,100.0,29.0
902,BOOTUP DEFAULT,294.0,800.0,46.0,61.0,56.0,1319,manual,100.0,30.0
903,BOOTUP DEFAULT,259.0,806.0,46.0,60.0,56.0,1502,manual,100.0,25.0
904,BOOTUP DEFAULT,161.0,806.0,46.0,61.0,56.0,1502,manual,100.0,1.0
905,BOOTUP DEFAULT,161.0,806.0,46.0,61.0,56.0,1502,manual,100.0,1.0
906,BOOTUP DEFAULT,219.0,806.0,46.0,61.0,56.0,1502,manual,100.0,32.0
907,BOOTUP DEFAULT,209.0,806.0,47.0,60.0,57.0,1502,manual,100.0,3.0
908,BOOTUP DEFAULT,207.0,806.0,47.0,60.0,58.0,1502,manual,100.0,4.0
909,BOOTUP DEFAULT,206.0,812.0,47.0,60.0,59.0,1502,manual,100.0,4.0
910,BOOTUP DEFAULT,238.0,812.0,47.0,60.0,59.0,1502,manual,100.0,26.0
911,BOOTUP DEFAULT,259.0,906.0,47.0,60.0,57.0,1502,manual,100.0,39.0
912,BOOTUP DEFAULT,251.0,912.0,48.0,61.0,58.0,1502,manual,100.0,12.0
913,BOOTUP DEFAULT,195.0,912.0,48.0,62.0,57.0,1502,manual,99.0,14.0
914,BOOTUP DEFAULT,261.0,912.0,48.0,61.0,58.0,1502,manual,100.0,15.0
915,BOOTUP DEFAULT,121.0,912.0,48.0,62.0,58.0,1502,manual,100.0,0.0
916,BOOTUP DEFAULT,301.0,912.0,47.0,61.0,60.0,1363,manual,100.0,19.0
917,BOOTUP DEFAULT,259.0,906.0,48.0,62.0,59.0,1404,manual,100.0,11.0
918,BOOTUP DEFAULT,231.0,912.0,47.0,61.0,61.0,1430,manual,100.0,7.0
919,BOOTUP DEFAULT,272.0,912.0,48.0,61.0,62.0,1502,manual,100.0,14.0
920,BOOTUP DEFAULT,297.0,906.0,47.0,61.0,61.0,1363,manual,100.0,16.0
921,BOOTUP DEFAULT,179.0,918.0,47.0,61.0,67.0,1319,manual,100.0,50.0
922,BOOTUP DEFAULT,151.0,843.0,47.0,60.0,66.0,1319,manual,100.0,64.0
923,BOOTUP DEFAULT,303.0,831.0,47.0,60.0,65.0,1283,manual,99.0,60.0
924,BOOTUP DEFAULT,312.0,831.0,47.0,60.0,64.0,1283,manual,99.0,60.0
925,BOOTUP DEFAULT,314.0,850.0,48.0,60.0,63.0,1319,manual,99.0,59.0
926,BOOTUP DEFAULT,314.0,856.0,48.0,61.0,62.0,1363,manual,100.0,57.0
927,BOOTUP DEFAULT,314.0,893.0,47.0,60.0,62.0,1283,manual,100.0,60.0
928,BOOTUP DEFAULT,262.0,781.0,47.0,61.0,62.0,1363,manual,99.0,56.0
929,BOOTUP DEFAULT,283.0,787.0,47.0,61.0,58.0,1363,manual,100.0,30.0
930,BOOTUP DEFAULT,265.0,806.0,47.0,60.0,56.0,1502,manual,100.0,45.0
931,BOOTUP DEFAULT,259.0,806.0,46.0,61.0,57.0,1502,manual,100.0,27.0
932,BOOTUP DEFAULT,264.0,793.0,47.0,61.0,56.0,1502,manual,100.0,42.0
933,BOOTUP DEFAULT,205.0,793.0,47.0,60.0,58.0,1502,manual,100.0,4.0
934,BOOTUP DEFAULT,210.0,806.0,47.0,60.0,57.0,1502,manual,100.0,4.0
935,BOOTUP DEFAULT,188.0,825.0,47.0,60.0,58.0,1502,manual,98.0,4.0
936,BOOTUP DEFAULT,206.0,793.0,47.0,60.0,57.0,1502,manual,100.0,3.0
937,BOOTUP DEFAULT,206.0,812.0,48.0,60.0,58.0,1502,manual,100.0,5.0
938,BOOTUP DEFAULT,286.0,900.0,48.0,60.0,57.0,1502,manual,100.0,57.0
939,BOOTUP DEFAULT,260.0,906.0,47.0,60.0,57.0,1502,manual,100.0,39.0
940,BOOTUP DEFAULT,253.0,906.0,47.0,61.0,56.0,1502,manual,100.0,37.0
941,BOOTUP DEFAULT,248.0,912.0,48.0,61.0,57.0,1502,manual,100.0,12.0
942,BOOTUP DEFAULT,261.0,912.0,48.0,61.0,58.0,1502,manual,100.0,15.0
943,BOOTUP DEFAULT,246.0,906.0,48.0,61.0,57.0,1502,manual,100.0,14.0
944,BOOTUP DEFAULT,244.0,906.0,48.0,62.0,59.0,1430,manual,100.0,8.0
945,BOOTUP DEFAULT,363.0,912.0,48.0,61.0,61.0,1430,manual,100.0,20.0
946,BOOTUP DEFAULT,209.0,912.0,48.0,62.0,61.0,1472,manual,100.0,7.0
947,BOOTUP DEFAULT,261.0,912.0,48.0,61.0,62.0,1363,manual,100.0,13.0
948,BOOTUP DEFAULT,369.0,912.0,47.0,61.0,62.0,1404,manual,100.0,23.0
949,BOOTUP DEFAULT,185.0,918.0,47.0,61.0,67.0,1363,manual,100.0,28.0
950,BOOTUP DEFAULT,309.0,868.0,48.0,61.0,67.0,1283,manual,99.0,55.0
951,BOOTUP DEFAULT,323.0,918.0,47.0,60.0,65.0,1283,manual,100.0,74.0
952,BOOTUP DEFAULT,314.0,862.0,47.0,60.0,66.0,1283,manual,99.0,74.0
953,BOOTUP DEFAULT,300.0,825.0,47.0,60.0,65.0,1283,manual,100.0,59.0
954,BOOTUP DEFAULT,314.0,856.0,47.0,60.0,64.0,1283,manual,99.0,59.0
955,BOOTUP DEFAULT,303.0,831.0,47.0,60.0,64.0,1283,manual,99.0,60.0
956,BOOTUP DEFAULT,327.0,818.0,47.0,61.0,61.0,1319,manual,99.0,59.0
957,BOOTUP DEFAULT,336.0,806.0,47.0,61.0,58.0,1319,manual,100.0,60.0
958,BOOTUP DEFAULT,294.0,806.0,47.0,61.0,58.0,1319,manual,100.0,30.0
959,BOOTUP DEFAULT,258.0,806.0,47.0,61.0,56.0,1502,manual,100.0,28.0
960,BOOTUP DEFAULT,210.0,825.0,47.0,61.0,57.0,1502,manual,100.0,3.0
961,BOOTUP DEFAULT,211.0,793.0,47.0,61.0,57.0,1502,manual,100.0,3.0
962,BOOTUP DEFAULT,205.0,825.0,47.0,61.0,58.0,1502,manual,100.0,4.0
963,BOOTUP DEFAULT,123.0,900.0,47.0,61.0,55.0,1502,manual,100.0,0.0
964,BOOTUP DEFAULT,48.0,662.0,45.0,49.0,52.0,300,manual,0.0,2.0
965,BOOTUP DEFAULT,47.0,662.0,43.0,47.0,51.0,300,manual,0.0,2.0
966,BOOTUP DEFAULT,39.0,662.0,42.0,46.0,49.0,300,manual,0.0,0.0
967,BOOTUP DEFAULT,86.0,893.0,42.0,46.0,49.0,1502,manual,49.0,0.0
968,BOOTUP DEFAULT,305.0,856.0,45.0,60.0,49.0,1430,manual,100.0,0.0
969,BOOTUP DEFAULT,224.0,925.0,46.0,62.0,49.0,1502,manual,100.0,0.0
970,BOOTUP DEFAULT,293.0,843.0,46.0,62.0,49.0,1404,manual,100.0,0.0
971,BOOTUP DEFAULT,333.0,906.0,46.0,62.0,49.0,1472,manual,100.0,0.0
972,BOOTUP DEFAULT,238.0,843.0,46.0,63.0,49.0,1430,manual,100.0,0.0
973,BOOTUP DEFAULT,311.0,856.0,46.0,62.0,49.0,1430,manual,100.0,0.0
974,BOOTUP DEFAULT,292.0,843.0,46.0,61.0,49.0,1404,manual,99.0,0.0
975,BOOTUP DEFAULT,217.0,906.0,46.0,63.0,49.0,1502,manual,99.0,4.0
976,BOOTUP DEFAULT,305.0,881.0,46.0,62.0,50.0,1430,manual,99.0,0.0
977,BOOTUP DEFAULT,293.0,843.0,46.0,63.0,50.0,1363,manual,100.0,0.0
978,BOOTUP DEFAULT,348.0,912.0,47.0,63.0,50.0,1472,manual,99.0,2.0
979,BOOTUP DEFAULT,288.0,843.0,47.0,63.0,50.0,1404,manual,100.0,0.0
980,BOOTUP DEFAULT,305.0,912.0,47.0,63.0,50.0,1430,manual,99.0,0.0
981,BOOTUP DEFAULT,191.0,843.0,47.0,63.0,50.0,1472,manual,100.0,0.0
982,BOOTUP DEFAULT,306.0,856.0,46.0,63.0,50.0,1404,manual,99.0,0.0
983,BOOTUP DEFAULT,224.0,893.0,47.0,64.0,50.0,1502,manual,99.0,2.0
984,BOOTUP DEFAULT,293.0,850.0,47.0,63.0,50.0,1404,manual,100.0,0.0
985,BOOTUP DEFAULT,311.0,906.0,47.0,62.0,50.0,1430,manual,99.0,0.0
986,BOOTUP DEFAULT,294.0,818.0,46.0,63.0,50.0,1404,manual,100.0,0.0
987,BOOTUP DEFAULT,297.0,843.0,47.0,63.0,50.0,1404,manual,99.0,0.0
988,BOOTUP DEFAULT,162.0,906.0,47.0,64.0,50.0,1502,manual,99.0,1.0
989,BOOTUP DEFAULT,289.0,843.0,47.0,63.0,50.0,1404,manual,100.0,0.0
990,BOOTUP DEFAULT,212.0,868.0,47.0,63.0,50.0,1502,manual,100.0,0.0
991,BOOTUP DEFAULT,306.0,843.0,47.0,63.0,50.0,1404,manual,99.0,0.0
992,BOOTUP DEFAULT,216.0,881.0,47.0,64.0,50.0,1502,manual,100.0,4.0
993,BOOTUP DEFAULT,199.0,906.0,47.0,63.0,50.0,1430,manual,100.0,0.0
994,BOOTUP DEFAULT,293.0,843.0,47.0,63.0,50.0,1404,manual,100.0,0.0
995,BOOTUP DEFAULT,316.0,893.0,47.0,64.0,50.0,1502,manual,100.0,1.0
996,BOOTUP DEFAULT,294.0,818.0,47.0,64.0,50.0,1404,manual,100.0,0.0
997,BOOTUP DEFAULT,333.0,906.0,47.0,64.0,50.0,1472,manual,100.0,0.0
998,BOOTUP DEFAULT,281.0,843.0,46.0,64.0,50.0,1404,manual,100.0,0.0
999,BOOTUP DEFAULT,148.0,662.0,47.0,63.0,50.0,1502,manual,100.0,1.0
1000,BOOTUP DEFAULT,40.0,662.0,43.0,47.0,49.0,300,manual,0.0,0.0
1001,BOOTUP DEFAULT,40.0,662.0,42.0,46.0,49.0,300,manual,0.0,0.0
