index,power_profile,power_usage,voltage,edge_temperature,junction_temperature,memory_temperature,sclk,performance,gpu_usage,memory_usage
0,POWER SAVING,39.0,668.0,39.0,42.0,44.0,300,manual,0.0,0.0
1,POWER SAVING,39.0,662.0,38.0,42.0,44.0,300,manual,0.0,0.0
2,POWER SAVING,39.0,662.0,38.0,41.0,44.0,300,manual,0.0,0.0
3,POWER SAVING,39.0,668.0,38.0,41.0,44.0,300,manual,0.0,0.0
4,POWER SAVING,39.0,662.0,37.0,41.0,44.0,300,manual,0.0,0.0
5,POWER SAVING,39.0,662.0,37.0,41.0,43.0,300,manual,0.0,0.0
6,POWER SAVING,39.0,662.0,37.0,40.0,43.0,300,manual,0.0,0.0
7,POWER SAVING,39.0,662.0,37.0,40.0,43.0,300,manual,0.0,0.0
8,POWER SAVING,39.0,668.0,36.0,40.0,42.0,300,manual,0.0,0.0
9,POWER SAVING,39.0,662.0,36.0,39.0,42.0,300,manual,0.0,0.0
10,POWER SAVING,279.0,881.0,38.0,49.0,46.0,1472,manual,100.0,11.0
11,POWER SAVING,40.0,906.0,41.0,55.0,47.0,300,manual,0.0,0.0
12,POWER SAVING,324.0,881.0,41.0,56.0,47.0,1430,manual,100.0,14.0
13,POWER SAVING,262.0,881.0,41.0,56.0,48.0,1472,manual,100.0,10.0
14,POWER SAVING,280.0,881.0,41.0,56.0,48.0,1472,manual,100.0,12.0
15,POWER SAVING,279.0,893.0,41.0,57.0,48.0,1472,manual,100.0,11.0
16,POWER SAVING,333.0,925.0,42.0,57.0,49.0,1430,manual,99.0,13.0
17,POWER SAVING,279.0,906.0,42.0,57.0,49.0,1472,manual,100.0,12.0
18,POWER SAVING,280.0,881.0,42.0,56.0,49.0,1472,manual,100.0,11.0
19,POWER SAVING,334.0,881.0,43.0,57.0,49.0,1430,manual,100.0,14.0
20,POWER SAVING,241.0,887.0,42.0,56.0,49.0,1502,manual,100.0,10.0
21,POWER SAVING,293.0,887.0,42.0,57.0,49.0,1472,manual,99.0,11.0
22,POWER SAVING,284.0,668.0,43.0,58.0,50.0,1472,manual,99.0,12.0
23,POWER SAVING,248.0,875.0,43.0,59.0,50.0,1502,manual,100.0,11.0
24,POWER SAVING,309.0,856.0,43.0,59.0,50.0,1472,manual,100.0,11.0
25,POWER SAVING,234.0,856.0,43.0,59.0,49.0,1472,manual,100.0,13.0
26,POWER SAVING,306.0,875.0,43.0,57.0,49.0,1472,manual,99.0,14.0
27,POWER SAVING,286.0,881.0,43.0,56.0,50.0,1472,manual,99.0,13.0
28,POWER SAVING,229.0,881.0,43.0,58.0,50.0,1472,manual,99.0,13.0
29,POWER SAVING,288.0,881.0,44.0,59.0,51.0,1472,manual,99.0,8.0
30,POWER SAVING,271.0,856.0,43.0,58.0,50.0,1472,manual,100.0,12.0
31,POWER SAVING,320.0,856.0,44.0,59.0,51.0,1430,manual,100.0,12.0
32,POWER SAVING,303.0,856.0,44.0,59.0,50.0,1472,manual,100.0,14.0
33,POWER SAVING,327.0,881.0,44.0,59.0,51.0,1472,manual,100.0,12.0
34,POWER SAVING,307.0,906.0,44.0,57.0,50.0,1430,manual,100.0,10.0
35,POWER SAVING,332.0,887.0,44.0,60.0,51.0,1430,manual,99.0,14.0
36,POWER SAVING,331.0,881.0,44.0,60.0,51.0,1430,manual,100.0,13.0
37,POWER SAVING,93.0,887.0,44.0,54.0,49.0,1502,manual,38.0,2.0
38,POWER SAVING,333.0,893.0,45.0,60.0,51.0,1472,manual,100.0,10.0
39,POWER SAVING,301.0,881.0,44.0,59.0,51.0,1430,manual,99.0,14.0
40,POWER SAVING,335.0,668.0,45.0,60.0,51.0,1430,manual,99.0,13.0
41,POWER SAVING,267.0,875.0,45.0,60.0,51.0,1472,manual,100.0,13.0
42,POWER SAVING,261.0,850.0,45.0,60.0,51.0,1472,manual,100.0,8.0
43,POWER SAVING,44.0,881.0,45.0,56.0,50.0,300,manual,0.0,0.0
44,POWER SAVING,307.0,887.0,45.0,60.0,51.0,1472,manual,99.0,14.0
45,POWER SAVING,335.0,668.0,45.0,61.0,52.0,1472,manual,100.0,13.0
46,POWER SAVING,315.0,900.0,45.0,60.0,51.0,1472,manual,100.0,14.0
47,POWER SAVING,307.0,881.0,45.0,60.0,52.0,1430,manual,99.0,14.0
48,POWER SAVING,305.0,881.0,46.0,61.0,52.0,1430,manual,100.0,14.0
49,POWER SAVING,247.0,856.0,45.0,57.0,51.0,1502,manual,100.0,12.0
50,POWER SAVING,275.0,881.0,46.0,61.0,52.0,1472,manual,100.0,8.0
51,POWER SAVING,328.0,925.0,44.0,55.0,51.0,1472,manual,99.0,13.0
52,POWER SAVING,276.0,893.0,46.0,61.0,51.0,1472,manual,99.0,12.0
53,POWER SAVING,272.0,887.0,46.0,60.0,52.0,1472,manual,99.0,12.0
54,POWER SAVING,334.0,881.0,46.0,61.0,51.0,1430,manual,99.0,13.0
55,POWER SAVING,267.0,850.0,46.0,61.0,51.0,1472,manual,100.0,11.0
56,POWER SAVING,265.0,881.0,46.0,61.0,51.0,1430,manual,100.0,10.0
57,POWER SAVING,278.0,862.0,46.0,62.0,51.0,1430,manual,99.0,12.0
58,POWER SAVING,274.0,881.0,46.0,60.0,52.0,1472,manual,100.0,13.0
59,POWER SAVING,292.0,881.0,46.0,62.0,52.0,1502,manual,100.0,11.0
60,POWER SAVING,292.0,662.0,46.0,62.0,51.0,1472,manual,100.0,12.0
61,POWER SAVING,288.0,893.0,46.0,61.0,52.0,1430,manual,99.0,12.0
62,POWER SAVING,300.0,900.0,45.0,54.0,51.0,1502,manual,99.0,14.0
63,POWER SAVING,263.0,887.0,46.0,62.0,53.0,1472,manual,100.0,11.0
64,POWER SAVING,310.0,906.0,46.0,62.0,52.0,1472,manual,100.0,12.0
65,POWER SAVING,224.0,856.0,45.0,60.0,52.0,1472,manual,100.0,9.0
66,POWER SAVING,226.0,881.0,46.0,62.0,53.0,1472,manual,100.0,8.0
67,POWER SAVING,262.0,862.0,46.0,62.0,52.0,1472,manual,100.0,12.0
68,POWER SAVING,249.0,862.0,46.0,61.0,53.0,1502,manual,99.0,11.0
69,POWER SAVING,282.0,881.0,46.0,62.0,53.0,1472,manual,100.0,9.0
70,POWER SAVING,314.0,881.0,47.0,62.0,52.0,1472,manual,100.0,14.0
71,POWER SAVING,327.0,906.0,47.0,62.0,53.0,1472,manual,100.0,13.0
72,POWER SAVING,278.0,850.0,46.0,61.0,53.0,1472,manual,100.0,8.0
73,POWER SAVING,286.0,881.0,47.0,62.0,52.0,1472,manual,100.0,12.0
74,POWER SAVING,253.0,668.0,47.0,62.0,52.0,1502,manual,100.0,11.0
75,POWER SAVING,331.0,881.0,47.0,63.0,52.0,1430,manual,100.0,12.0
76,POWER SAVING,221.0,875.0,46.0,59.0,53.0,1472,manual,99.0,10.0
77,POWER SAVING,334.0,856.0,47.0,62.0,53.0,1472,manual,100.0,10.0
78,POWER SAVING,44.0,881.0,46.0,58.0,52.0,300,manual,0.0,0.0
79,POWER SAVING,313.0,881.0,47.0,63.0,53.0,1472,manual,100.0,11.0
80,POWER SAVING,271.0,875.0,47.0,63.0,53.0,1472,manual,99.0,11.0
81,POWER SAVING,288.0,862.0,47.0,62.0,53.0,1472,manual,100.0,13.0
82,POWER SAVING,283.0,881.0,48.0,63.0,54.0,1472,manual,100.0,12.0
83,POWER SAVING,44.0,881.0,47.0,59.0,52.0,300,manual,0.0,0.0
84,POWER SAVING,258.0,887.0,47.0,62.0,54.0,1472,manual,100.0,12.0
85,POWER SAVING,318.0,856.0,47.0,63.0,54.0,1472,manual,100.0,10.0
86,POWER SAVING,292.0,925.0,47.0,62.0,53.0,1472,manual,100.0,11.0
87,POWER SAVING,44.0,881.0,48.0,63.0,54.0,300,manual,0.0,0.0
88,POWER SAVING,253.0,887.0,48.0,63.0,53.0,1472,manual,100.0,8.0
89,POWER SAVING,318.0,893.0,48.0,63.0,54.0,1472,manual,99.0,11.0
90,POWER SAVING,282.0,893.0,48.0,62.0,53.0,1430,manual,100.0,12.0
91,POWER SAVING,281.0,887.0,48.0,63.0,54.0,1430,manual,100.0,11.0
92,POWER SAVING,215.0,850.0,48.0,63.0,54.0,1502,manual,100.0,8.0
93,POWER SAVING,325.0,893.0,47.0,57.0,51.0,300,manual,68.0,2.0
94,POWER SAVING,282.0,893.0,48.0,63.0,53.0,1472,manual,100.0,11.0
95,POWER SAVING,282.0,875.0,48.0,64.0,54.0,1472,manual,100.0,12.0
96,POWER SAVING,322.0,850.0,48.0,63.0,54.0,1430,manual,100.0,13.0
97,POWER SAVING,289.0,881.0,48.0,63.0,53.0,1472,manual,100.0,14.0
98,POWER SAVING,261.0,881.0,47.0,62.0,54.0,1472,manual,100.0,11.0
99,POWER SAVING,277.0,856.0,48.0,63.0,54.0,1430,manual,100.0,13.0
100,POWER SAVING,254.0,881.0,48.0,62.0,54.0,1502,manual,100.0,10.0
101,POWER SAVING,295.0,881.0,48.0,63.0,53.0,1472,manual,100.0,11.0
102,POWER SAVING,308.0,893.0,48.0,63.0,54.0,1472,manual,100.0,13.0
103,POWER SAVING,296.0,900.0,49.0,64.0,53.0,1472,manual,100.0,14.0
104,POWER SAVING,288.0,887.0,48.0,61.0,54.0,1472,manual,100.0,9.0
105,POWER SAVING,267.0,881.0,48.0,64.0,54.0,1472,manual,100.0,12.0
106,POWER SAVING,335.0,881.0,47.0,63.0,54.0,1472,manual,99.0,8.0
107,POWER SAVING,337.0,881.0,48.0,64.0,54.0,1430,manual,99.0,14.0
108,POWER SAVING,256.0,881.0,48.0,64.0,54.0,1472,manual,100.0,11.0
109,POWER SAVING,319.0,906.0,48.0,63.0,54.0,1472,manual,100.0,14.0
110,POWER SAVING,67.0,893.0,48.0,64.0,54.0,300,manual,40.0,4.0
111,POWER SAVING,288.0,900.0,49.0,64.0,54.0,1472,manual,100.0,13.0
112,POWER SAVING,271.0,881.0,48.0,63.0,54.0,1430,manual,100.0,12.0
113,POWER SAVING,273.0,862.0,48.0,64.0,54.0,1430,manual,100.0,12.0
114,POWER SAVING,304.0,893.0,48.0,62.0,54.0,1472,manual,100.0,12.0
115,POWER SAVING,305.0,881.0,48.0,64.0,54.0,1430,manual,100.0,13.0
116,POWER SAVING,290.0,900.0,48.0,64.0,55.0,1472,manual,99.0,12.0
117,POWER SAVING,319.0,881.0,48.0,62.0,53.0,1472,manual,100.0,13.0
118,POWER SAVING,289.0,887.0,47.0,56.0,52.0,1502,manual,92.0,11.0
119,POWER SAVING,271.0,887.0,48.0,63.0,53.0,1472,manual,100.0,12.0
120,POWER SAVING,305.0,862.0,49.0,64.0,54.0,1472,manual,100.0,11.0
121,POWER SAVING,270.0,900.0,48.0,64.0,55.0,1430,manual,100.0,11.0
122,POWER SAVING,275.0,893.0,48.0,63.0,54.0,1430,manual,100.0,10.0
123,POWER SAVING,269.0,881.0,48.0,64.0,54.0,1472,manual,100.0,12.0
124,POWER SAVING,241.0,893.0,47.0,58.0,54.0,1502,manual,99.0,8.0
125,POWER SAVING,264.0,881.0,48.0,64.0,54.0,1472,manual,100.0,12.0
126,POWER SAVING,286.0,856.0,48.0,63.0,54.0,1472,manual,100.0,9.0
127,POWER SAVING,285.0,881.0,49.0,64.0,55.0,1472,manual,100.0,12.0
128,POWER SAVING,317.0,856.0,48.0,63.0,54.0,1472,manual,100.0,10.0
129,POWER SAVING,305.0,662.0,48.0,64.0,54.0,1472,manual,99.0,13.0
130,POWER SAVING,308.0,856.0,49.0,64.0,54.0,1430,manual,100.0,13.0
131,POWER SAVING,291.0,850.0,48.0,64.0,55.0,1472,manual,100.0,14.0
132,POWER SAVING,289.0,900.0,48.0,64.0,55.0,1430,manual,100.0,13.0
133,POWER SAVING,261.0,881.0,48.0,63.0,54.0,1472,manual,100.0,11.0
134,POWER SAVING,44.0,900.0,48.0,61.0,54.0,300,manual,0.0,0.0
135,POWER SAVING,292.0,862.0,49.0,63.0,54.0,1472,manual,100.0,14.0
136,POWER SAVING,307.0,881.0,47.0,60.0,54.0,1472,manual,100.0,12.0
137,POWER SAVING,314.0,881.0,48.0,64.0,55.0,1472,manual,100.0,13.0
138,POWER SAVING,286.0,856.0,48.0,63.0,55.0,1430,manual,100.0,13.0
139,POWER SAVING,287.0,881.0,48.0,59.0,53.0,1472,manual,99.0,11.0
140,POWER SAVING,280.0,881.0,48.0,64.0,55.0,1430,manual,99.0,9.0
141,POWER SAVING,282.0,906.0,48.0,63.0,54.0,1472,manual,100.0,10.0
142,POWER SAVING,243.0,881.0,49.0,64.0,55.0,1502,manual,100.0,12.0
143,POWER SAVING,210.0,887.0,49.0,64.0,54.0,1502,manual,99.0,9.0
144,POWER SAVING,293.0,881.0,48.0,64.0,55.0,1472,manual,100.0,13.0
145,POWER SAVING,226.0,856.0,48.0,63.0,54.0,1472,manual,100.0,8.0
146,POWER SAVING,332.0,881.0,48.0,64.0,55.0,1430,manual,100.0,11.0
147,POWER SAVING,310.0,893.0,48.0,63.0,54.0,1430,manual,100.0,13.0
148,POWER SAVING,288.0,900.0,49.0,64.0,55.0,1430,manual,99.0,13.0
149,POWER SAVING,256.0,887.0,48.0,64.0,54.0,1472,manual,100.0,11.0
150,POWER SAVING,297.0,881.0,48.0,64.0,54.0,1472,manual,100.0,11.0
151,POWER SAVING,294.0,862.0,49.0,64.0,54.0,1430,manual,100.0,11.0
152,POWER SAVING,280.0,875.0,47.0,57.0,53.0,1502,manual,98.0,11.0
153,POWER SAVING,284.0,875.0,49.0,64.0,54.0,1472,manual,100.0,14.0
154,POWER SAVING,269.0,881.0,49.0,64.0,54.0,1472,manual,100.0,14.0
155,POWER SAVING,280.0,868.0,48.0,63.0,55.0,1472,manual,100.0,14.0
156,POWER SAVING,255.0,887.0,49.0,64.0,54.0,1472,manual,99.0,10.0
157,POWER SAVING,301.0,881.0,49.0,64.0,55.0,1472,manual,100.0,13.0
158,POWER SAVING,278.0,881.0,48.0,63.0,54.0,1472,manual,100.0,13.0
159,POWER SAVING,280.0,881.0,48.0,64.0,55.0,1472,manual,100.0,11.0
160,POWER SAVING,44.0,881.0,49.0,64.0,54.0,300,manual,0.0,0.0
161,POWER SAVING,337.0,856.0,49.0,64.0,55.0,1430,manual,100.0,11.0
162,POWER SAVING,273.0,868.0,49.0,64.0,55.0,1430,manual,100.0,13.0
163,POWER SAVING,289.0,893.0,48.0,63.0,53.0,1472,manual,100.0,14.0
164,POWER SAVING,44.0,856.0,48.0,59.0,54.0,300,manual,0.0,0.0
165,POWER SAVING,292.0,881.0,48.0,56.0,53.0,1472,manual,99.0,11.0
166,POWER SAVING,291.0,856.0,49.0,64.0,55.0,1430,manual,100.0,9.0
167,POWER SAVING,282.0,881.0,49.0,64.0,54.0,1430,manual,100.0,13.0
168,POWER SAVING,293.0,906.0,49.0,64.0,55.0,1472,manual,99.0,11.0
169,POWER SAVING,290.0,881.0,48.0,57.0,53.0,1472,manual,99.0,11.0
170,POWER SAVING,44.0,881.0,49.0,63.0,54.0,300,manual,0.0,0.0
171,POWER SAVING,314.0,881.0,48.0,64.0,55.0,1472,manual,100.0,11.0
172,POWER SAVING,305.0,887.0,49.0,64.0,54.0,1472,manual,100.0,12.0
173,POWER SAVING,328.0,893.0,48.0,64.0,55.0,1472,manual,100.0,13.0
174,POWER SAVING,309.0,881.0,49.0,64.0,55.0,1430,manual,100.0,9.0
175,POWER SAVING,285.0,887.0,49.0,63.0,55.0,1472,manual,100.0,12.0
176,POWER SAVING,76.0,893.0,49.0,64.0,54.0,1502,manual,4.0,0.0
177,POWER SAVING,332.0,881.0,48.0,61.0,53.0,1472,manual,100.0,11.0
178,POWER SAVING,44.0,843.0,48.0,60.0,54.0,300,manual,0.0,0.0
179,POWER SAVING,341.0,881.0,49.0,64.0,55.0,1472,manual,100.0,13.0
180,POWER SAVING,281.0,862.0,49.0,64.0,55.0,1472,manual,100.0,11.0
181,POWER SAVING,44.0,906.0,48.0,60.0,54.0,300,manual,0.0,0.0
182,POWER SAVING,283.0,856.0,49.0,64.0,54.0,1472,manual,100.0,12.0
183,POWER SAVING,310.0,881.0,49.0,64.0,55.0,1472,manual,100.0,10.0
184,POWER SAVING,323.0,668.0,49.0,64.0,55.0,1472,manual,100.0,11.0
185,POWER SAVING,313.0,881.0,49.0,64.0,54.0,1472,manual,100.0,14.0
186,POWER SAVING,44.0,881.0,49.0,64.0,55.0,300,manual,0.0,0.0
187,POWER SAVING,301.0,881.0,49.0,64.0,55.0,1430,manual,100.0,11.0
188,POWER SAVING,276.0,900.0,49.0,64.0,55.0,1502,manual,99.0,11.0
189,POWER SAVING,299.0,881.0,48.0,62.0,54.0,1472,manual,100.0,12.0
190,POWER SAVING,303.0,856.0,48.0,58.0,53.0,1472,manual,99.0,13.0
191,POWER SAVING,288.0,906.0,49.0,63.0,55.0,1472,manual,100.0,10.0
192,POWER SAVING,305.0,893.0,49.0,64.0,54.0,1472,manual,100.0,11.0
193,POWER SAVING,291.0,893.0,49.0,64.0,55.0,1430,manual,99.0,11.0
194,POWER SAVING,281.0,856.0,49.0,65.0,54.0,1472,manual,100.0,12.0
195,POWER SAVING,215.0,881.0,49.0,63.0,55.0,1502,manual,100.0,13.0
196,POWER SAVING,307.0,881.0,49.0,64.0,55.0,1430,manual,100.0,10.0
197,POWER SAVING,292.0,906.0,49.0,64.0,55.0,1430,manual,100.0,11.0
198,POWER SAVING,290.0,862.0,49.0,64.0,55.0,1472,manual,100.0,13.0
199,POWER SAVING,280.0,862.0,48.0,62.0,54.0,1430,manual,99.0,13.0
200,POWER SAVING,290.0,906.0,49.0,64.0,55.0,1472,manual,100.0,12.0
201,POWER SAVING,289.0,881.0,49.0,64.0,54.0,1472,manual,100.0,12.0
202,POWER SAVING,264.0,881.0,48.0,61.0,54.0,1472,manual,100.0,13.0
203,POWER SAVING,277.0,856.0,48.0,64.0,55.0,1472,manual,100.0,13.0
204,POWER SAVING,304.0,893.0,48.0,57.0,53.0,1472,manual,99.0,10.0
205,POWER SAVING,268.0,668.0,49.0,64.0,55.0,1472,manual,100.0,10.0
