index,power_profile,power_usage,voltage,edge_temperature,junction_temperature,memory_temperature,sclk,performance,gpu_usage,memory_usage
0,VIDEO,39.0,662.0,33.0,37.0,40.0,300,manual,0.0,0.0
1,VIDEO,39.0,662.0,33.0,36.0,40.0,300,manual,0.0,0.0
2,VIDEO,39.0,662.0,32.0,36.0,40.0,300,manual,0.0,0.0
3,VIDEO,39.0,662.0,32.0,36.0,40.0,300,manual,0.0,0.0
4,VIDEO,39.0,668.0,32.0,36.0,40.0,300,manual,0.0,0.0
5,VIDEO,39.0,662.0,32.0,35.0,39.0,300,manual,0.0,0.0
6,VIDEO,39.0,662.0,32.0,35.0,39.0,300,manual,0.0,0.0
7,VIDEO,39.0,668.0,31.0,36.0,39.0,300,manual,0.0,0.0
8,VIDEO,39.0,662.0,31.0,35.0,39.0,300,manual,0.0,0.0
9,VIDEO,49.0,668.0,32.0,35.0,39.0,1502,manual,4.0,0.0
10,VIDEO,50.0,925.0,31.0,35.0,38.0,300,manual,1.0,0.0
11,VIDEO,71.0,668.0,31.0,35.0,38.0,1502,manual,3.0,0.0
12,VIDEO,39.0,668.0,31.0,35.0,38.0,300,manual,1.0,0.0
13,VIDEO,39.0,662.0,31.0,34.0,39.0,300,manual,0.0,0.0
14,VIDEO,39.0,662.0,30.0,35.0,38.0,300,manual,0.0,0.0
15,VIDEO,38.0,662.0,30.0,34.0,38.0,300,manual,0.0,0.0
16,VIDEO,37.0,662.0,30.0,34.0,38.0,300,manual,0.0,0.0
17,VIDEO,37.0,662.0,30.0,34.0,37.0,300,manual,0.0,0.0
18,VIDEO,37.0,662.0,30.0,34.0,37.0,300,manual,0.0,0.0
19,VIDEO,35.0,668.0,30.0,34.0,37.0,300,manual,0.0,0.0
20,VIDEO,37.0,668.0,30.0,33.0,37.0,300,manual,0.0,0.0
21,VIDEO,37.0,668.0,30.0,33.0,37.0,300,manual,0.0,0.0
22,VIDEO,37.0,668.0,29.0,33.0,37.0,300,manual,0.0,0.0
23,VIDEO,36.0,662.0,29.0,32.0,37.0,300,manual,0.0,0.0
24,VIDEO,36.0,662.0,29.0,33.0,36.0,300,manual,0.0,0.0
25,VIDEO,37.0,668.0,28.0,33.0,36.0,300,manual,0.0,0.0
26,VIDEO,35.0,668.0,29.0,33.0,36.0,300,manual,0.0,0.0
27,VIDEO,36.0,662.0,29.0,32.0,36.0,300,manual,0.0,0.0
28,VIDEO,36.0,662.0,29.0,32.0,36.0,300,manual,0.0,0.0
29,VIDEO,36.0,668.0,28.0,32.0,36.0,300,manual,0.0,0.0
30,VIDEO,37.0,662.0,28.0,32.0,36.0,300,manual,0.0,0.0
31,VIDEO,36.0,662.0,28.0,32.0,35.0,300,manual,0.0,0.0
32,VIDEO,38.0,925.0,28.0,32.0,35.0,300,manual,0.0,0.0
33,VIDEO,38.0,662.0,28.0,32.0,35.0,300,manual,0.0,0.0
34,VIDEO,39.0,668.0,28.0,32.0,35.0,300,manual,0.0,0.0
35,VIDEO,38.0,662.0,27.0,32.0,35.0,300,manual,0.0,0.0
36,VIDEO,39.0,662.0,27.0,31.0,35.0,300,manual,0.0,0.0
37,VIDEO,35.0,662.0,27.0,31.0,35.0,300,manual,0.0,0.0
38,VIDEO,38.0,662.0,28.0,32.0,35.0,300,manual,0.0,0.0
39,VIDEO,37.0,662.0,27.0,31.0,35.0,300,manual,0.0,0.0
40,VIDEO,38.0,662.0,27.0,31.0,35.0,300,manual,0.0,0.0
41,VIDEO,38.0,662.0,27.0,31.0,35.0,300,manual,0.0,0.0
42,VIDEO,61.0,675.0,27.0,31.0,35.0,1502,manual,4.0,0.0
43,VIDEO,39.0,668.0,27.0,31.0,34.0,300,manual,0.0,0.0
44,VIDEO,38.0,668.0,27.0,31.0,34.0,300,manual,0.0,0.0
45,VIDEO,39.0,662.0,27.0,31.0,34.0,300,manual,0.0,0.0
46,VIDEO,38.0,662.0,27.0,31.0,34.0,300,manual,0.0,0.0
47,VIDEO,38.0,662.0,27.0,31.0,34.0,300,manual,0.0,0.0
48,VIDEO,54.0,662.0,26.0,30.0,34.0,300,manual,3.0,0.0
49,VIDEO,38.0,662.0,26.0,30.0,34.0,300,manual,0.0,0.0
50,VIDEO,38.0,662.0,26.0,30.0,34.0,300,manual,0.0,0.0
51,VIDEO,36.0,662.0,26.0,31.0,34.0,300,manual,0.0,0.0
52,VIDEO,36.0,662.0,26.0,30.0,34.0,300,manual,0.0,0.0
53,VIDEO,36.0,668.0,26.0,30.0,34.0,300,manual,0.0,0.0
54,VIDEO,38.0,662.0,26.0,30.0,34.0,300,manual,0.0,0.0
55,VIDEO,36.0,662.0,26.0,30.0,33.0,300,manual,0.0,0.0
56,VIDEO,38.0,662.0,26.0,30.0,34.0,300,manual,0.0,0.0
57,VIDEO,35.0,662.0,26.0,30.0,33.0,300,manual,0.0,0.0
58,VIDEO,38.0,662.0,26.0,30.0,33.0,300,manual,0.0,0.0
59,VIDEO,38.0,662.0,26.0,30.0,33.0,300,manual,0.0,0.0
60,VIDEO,36.0,662.0,25.0,30.0,33.0,300,manual,0.0,0.0
61,VIDEO,301.0,912.0,29.0,40.0,39.0,1502,manual,98.0,27.0
62,VIDEO,241.0,893.0,30.0,43.0,40.0,1502,manual,92.0,19.0
63,VIDEO,77.0,662.0,31.0,44.0,40.0,1502,manual,28.0,2.0
64,VIDEO,301.0,912.0,31.0,43.0,39.0,1502,manual,99.0,10.0
65,VIDEO,63.0,893.0,31.0,44.0,40.0,1502,manual,23.0,0.0
66,VIDEO,292.0,900.0,31.0,45.0,40.0,1502,manual,99.0,11.0
67,VIDEO,219.0,906.0,31.0,45.0,41.0,1502,manual,99.0,20.0
68,VIDEO,287.0,881.0,31.0,45.0,42.0,1502,manual,86.0,31.0
69,VIDEO,199.0,912.0,32.0,46.0,42.0,1502,manual,99.0,21.0
70,VIDEO,292.0,906.0,32.0,45.0,42.0,1502,manual,62.0,34.0
71,VIDEO,272.0,943.0,32.0,45.0,42.0,1502,manual,99.0,9.0
72,VIDEO,81.0,918.0,33.0,46.0,42.0,1502,manual,20.0,13.0
73,VIDEO,287.0,906.0,33.0,46.0,43.0,1502,manual,99.0,21.0
74,VIDEO,39.0,668.0,31.0,35.0,39.0,300,manual,0.0,0.0
75,VIDEO,39.0,668.0,30.0,33.0,38.0,300,manual,0.0,0.0
76,VIDEO,233.0,912.0,32.0,43.0,41.0,1502,manual,99.0,15.0
77,VIDEO,71.0,893.0,32.0,44.0,42.0,1502,manual,10.0,1.0
78,VIDEO,304.0,918.0,34.0,47.0,43.0,1472,manual,100.0,27.0
79,VIDEO,253.0,925.0,34.0,48.0,43.0,1502,manual,100.0,39.0
80,VIDEO,253.0,937.0,33.0,48.0,43.0,1502,manual,99.0,24.0
81,VIDEO,247.0,906.0,34.0,46.0,44.0,1502,manual,84.0,13.0
82,VIDEO,241.0,893.0,34.0,46.0,43.0,1502,manual,99.0,16.0
83,VIDEO,227.0,906.0,34.0,46.0,44.0,1502,manual,99.0,15.0
84,VIDEO,254.0,881.0,34.0,48.0,44.0,1502,manual,88.0,10.0
85,VIDEO,277.0,900.0,35.0,48.0,44.0,1502,manual,99.0,15.0
86,VIDEO,242.0,893.0,35.0,47.0,45.0,1502,manual,99.0,8.0
87,VIDEO,139.0,887.0,35.0,47.0,45.0,1502,manual,86.0,17.0
88,VIDEO,304.0,925.0,35.0,49.0,45.0,1502,manual,97.0,19.0
89,VIDEO,255.0,893.0,35.0,49.0,45.0,1502,manual,99.0,9.0
90,VIDEO,245.0,912.0,35.0,47.0,44.0,1502,manual,99.0,14.0
91,VIDEO,162.0,906.0,35.0,47.0,44.0,1502,manual,68.0,7.0
92,VIDEO,40.0,918.0,36.0,50.0,46.0,300,manual,5.0,1.0
93,VIDEO,306.0,912.0,36.0,50.0,46.0,1502,manual,97.0,32.0
94,VIDEO,259.0,925.0,36.0,49.0,46.0,1502,manual,97.0,16.0
95,VIDEO,183.0,893.0,36.0,49.0,46.0,1502,manual,92.0,17.0
96,VIDEO,276.0,862.0,36.0,51.0,46.0,1502,manual,99.0,9.0
97,VIDEO,292.0,925.0,37.0,51.0,46.0,1502,manual,99.0,27.0
98,VIDEO,54.0,893.0,37.0,51.0,47.0,1502,manual,22.0,2.0
99,VIDEO,285.0,875.0,37.0,52.0,46.0,1502,manual,63.0,32.0
100,VIDEO,299.0,925.0,37.0,51.0,46.0,1502,manual,99.0,16.0
101,VIDEO,217.0,893.0,37.0,51.0,47.0,1502,manual,99.0,16.0
102,VIDEO,269.0,937.0,37.0,51.0,47.0,1502,manual,98.0,19.0
103,VIDEO,39.0,912.0,37.0,49.0,46.0,300,manual,0.0,0.0
104,VIDEO,40.0,662.0,37.0,49.0,45.0,300,manual,0.0,0.0
105,VIDEO,296.0,925.0,37.0,51.0,46.0,1502,manual,96.0,40.0
106,VIDEO,71.0,912.0,38.0,51.0,47.0,1502,manual,14.0,13.0
107,VIDEO,274.0,918.0,38.0,52.0,47.0,1502,manual,99.0,13.0
108,VIDEO,248.0,893.0,38.0,51.0,47.0,1502,manual,99.0,14.0
109,VIDEO,252.0,881.0,38.0,51.0,47.0,1502,manual,99.0,13.0
110,VIDEO,142.0,906.0,38.0,50.0,47.0,1502,manual,79.0,15.0
111,VIDEO,268.0,925.0,38.0,52.0,48.0,1502,manual,97.0,17.0
112,VIDEO,266.0,937.0,38.0,53.0,47.0,1502,manual,99.0,13.0
113,VIDEO,295.0,893.0,39.0,54.0,48.0,1502,manual,100.0,41.0
114,VIDEO,299.0,893.0,39.0,53.0,47.0,1502,manual,98.0,19.0
115,VIDEO,300.0,887.0,39.0,53.0,48.0,1502,manual,99.0,17.0
116,VIDEO,306.0,912.0,39.0,54.0,48.0,1472,manual,100.0,23.0
117,VIDEO,78.0,893.0,39.0,51.0,47.0,1502,manual,43.0,2.0
118,VIDEO,253.0,881.0,37.0,47.0,46.0,1502,manual,99.0,14.0
119,VIDEO,275.0,918.0,39.0,53.0,47.0,1502,manual,99.0,31.0
120,VIDEO,287.0,925.0,39.0,53.0,47.0,1502,manual,100.0,47.0
121,VIDEO,289.0,893.0,40.0,53.0,49.0,1502,manual,72.0,33.0
122,VIDEO,312.0,906.0,40.0,53.0,47.0,1472,manual,99.0,17.0
123,VIDEO,287.0,925.0,40.0,53.0,47.0,1502,manual,99.0,14.0
124,VIDEO,265.0,918.0,40.0,53.0,49.0,1502,manual,72.0,28.0
125,VIDEO,161.0,662.0,40.0,54.0,49.0,1502,manual,34.0,33.0
126,VIDEO,304.0,925.0,40.0,53.0,48.0,1502,manual,98.0,21.0
127,VIDEO,261.0,906.0,40.0,54.0,49.0,1502,manual,99.0,15.0
128,VIDEO,232.0,906.0,40.0,54.0,49.0,1502,manual,100.0,41.0
129,VIDEO,74.0,893.0,40.0,54.0,49.0,1502,manual,18.0,8.0
130,VIDEO,289.0,906.0,40.0,55.0,50.0,1502,manual,98.0,23.0
131,VIDEO,269.0,925.0,40.0,52.0,48.0,1502,manual,98.0,17.0
132,VIDEO,309.0,893.0,39.0,50.0,48.0,1502,manual,99.0,17.0
133,VIDEO,250.0,937.0,40.0,53.0,49.0,1502,manual,99.0,12.0
134,VIDEO,310.0,931.0,40.0,54.0,49.0,1502,manual,99.0,16.0
135,VIDEO,173.0,937.0,40.0,53.0,49.0,1502,manual,99.0,12.0
136,VIDEO,297.0,900.0,41.0,54.0,48.0,1502,manual,99.0,17.0
137,VIDEO,70.0,881.0,41.0,55.0,48.0,1502,manual,28.0,14.0
138,VIDEO,230.0,906.0,41.0,54.0,49.0,1502,manual,99.0,19.0
139,VIDEO,256.0,925.0,41.0,55.0,50.0,1502,manual,98.0,24.0
140,VIDEO,203.0,906.0,41.0,55.0,50.0,1502,manual,99.0,14.0
141,VIDEO,307.0,912.0,41.0,55.0,50.0,1472,manual,99.0,15.0
142,VIDEO,303.0,912.0,41.0,54.0,49.0,1472,manual,99.0,12.0
143,VIDEO,297.0,925.0,41.0,54.0,50.0,1502,manual,99.0,27.0
144,VIDEO,39.0,662.0,40.0,49.0,48.0,300,manual,0.0,0.0
145,VIDEO,40.0,662.0,41.0,51.0,48.0,300,manual,0.0,0.0
146,VIDEO,275.0,925.0,41.0,54.0,49.0,1502,manual,100.0,46.0
147,VIDEO,289.0,900.0,41.0,55.0,48.0,1502,manual,100.0,25.0
148,VIDEO,199.0,912.0,41.0,54.0,49.0,1502,manual,99.0,13.0
149,VIDEO,264.0,893.0,41.0,54.0,50.0,1502,manual,99.0,17.0
150,VIDEO,236.0,912.0,42.0,54.0,50.0,1502,manual,96.0,19.0
151,VIDEO,171.0,893.0,41.0,55.0,50.0,1502,manual,99.0,15.0
152,VIDEO,293.0,875.0,41.0,55.0,49.0,1502,manual,99.0,19.0
153,VIDEO,317.0,893.0,42.0,55.0,50.0,1472,manual,98.0,20.0
154,VIDEO,307.0,918.0,42.0,55.0,49.0,1472,manual,99.0,13.0
155,VIDEO,292.0,881.0,42.0,55.0,50.0,1502,manual,89.0,16.0
156,VIDEO,262.0,925.0,42.0,55.0,49.0,1502,manual,99.0,14.0
157,VIDEO,272.0,925.0,42.0,56.0,50.0,1502,manual,100.0,41.0
158,VIDEO,311.0,893.0,41.0,50.0,49.0,1502,manual,88.0,29.0
159,VIDEO,39.0,893.0,40.0,44.0,47.0,300,manual,0.0,0.0
160,VIDEO,331.0,893.0,42.0,54.0,50.0,1472,manual,98.0,21.0
161,VIDEO,131.0,906.0,41.0,55.0,50.0,1502,manual,86.0,10.0
162,VIDEO,239.0,900.0,42.0,55.0,49.0,1502,manual,98.0,17.0
163,VIDEO,252.0,893.0,41.0,55.0,50.0,1502,manual,99.0,16.0
164,VIDEO,310.0,912.0,42.0,56.0,51.0,1472,manual,99.0,16.0
165,VIDEO,257.0,925.0,41.0,56.0,50.0,1502,manual,99.0,22.0
166,VIDEO,312.0,906.0,42.0,56.0,51.0,1502,manual,87.0,29.0
167,VIDEO,283.0,906.0,42.0,56.0,51.0,1502,manual,89.0,31.0
168,VIDEO,301.0,900.0,42.0,56.0,51.0,1502,manual,99.0,16.0
169,VIDEO,231.0,875.0,42.0,56.0,51.0,1502,manual,99.0,15.0
170,VIDEO,174.0,906.0,42.0,57.0,51.0,1502,manual,68.0,9.0
171,VIDEO,267.0,862.0,42.0,57.0,51.0,1502,manual,97.0,18.0
172,VIDEO,322.0,925.0,42.0,55.0,50.0,1502,manual,88.0,31.0
173,VIDEO,39.0,662.0,39.0,43.0,46.0,300,manual,0.0,0.0
174,VIDEO,39.0,662.0,38.0,42.0,45.0,300,manual,0.0,0.0
