index,power_profile,power_usage,voltage,edge_temperature,junction_temperature,memory_temperature,sclk,performance,gpu_usage,memory_usage
0,POWER SAVING,36.0,668.0,24.0,28.0,33.0,300,manual,0.0,0.0
1,POWER SAVING,37.0,662.0,24.0,28.0,32.0,300,manual,0.0,0.0
2,POWER SAVING,37.0,662.0,24.0,28.0,32.0,300,manual,0.0,0.0
3,POWER SAVING,36.0,662.0,24.0,28.0,32.0,300,manual,0.0,0.0
4,POWER SAVING,35.0,662.0,24.0,28.0,32.0,300,manual,0.0,0.0
5,POWER SAVING,36.0,668.0,23.0,28.0,32.0,300,manual,0.0,0.0
6,POWER SAVING,35.0,662.0,23.0,28.0,32.0,300,manual,0.0,0.0
7,POWER SAVING,36.0,668.0,23.0,28.0,32.0,300,manual,0.0,0.0
8,POWER SAVING,36.0,662.0,23.0,28.0,32.0,300,manual,0.0,0.0
9,POWER SAVING,36.0,662.0,24.0,28.0,32.0,300,manual,0.0,0.0
10,POWER SAVING,36.0,662.0,24.0,27.0,32.0,300,manual,0.0,0.0
11,POWER SAVING,34.0,662.0,23.0,27.0,32.0,300,manual,0.0,0.0
12,POWER SAVING,36.0,668.0,24.0,27.0,32.0,300,manual,0.0,0.0
13,POWER SAVING,36.0,662.0,23.0,27.0,32.0,300,manual,0.0,0.0
14,POWER SAVING,35.0,662.0,24.0,27.0,32.0,300,manual,0.0,0.0
15,POWER SAVING,35.0,662.0,23.0,27.0,32.0,300,manual,0.0,0.0
16,POWER SAVING,36.0,668.0,23.0,27.0,32.0,300,manual,0.0,0.0
17,POWER SAVING,96.0,912.0,24.0,32.0,32.0,1502,manual,97.0,0.0
18,POWER SAVING,94.0,912.0,24.0,34.0,32.0,1502,manual,96.0,0.0
19,POWER SAVING,98.0,912.0,24.0,34.0,32.0,1502,manual,92.0,1.0
20,POWER SAVING,98.0,912.0,25.0,34.0,32.0,1502,manual,91.0,1.0
21,POWER SAVING,97.0,918.0,25.0,35.0,32.0,1502,manual,93.0,1.0
22,POWER SAVING,97.0,912.0,25.0,34.0,33.0,1502,manual,90.0,1.0
23,POWER SAVING,97.0,912.0,25.0,35.0,33.0,1502,manual,90.0,1.0
24,POWER SAVING,96.0,912.0,25.0,35.0,33.0,1502,manual,91.0,1.0
25,POWER SAVING,97.0,918.0,25.0,35.0,33.0,1502,manual,99.0,0.0
26,POWER SAVING,94.0,918.0,25.0,35.0,33.0,1502,manual,99.0,0.0
27,POWER SAVING,110.0,912.0,25.0,33.0,33.0,1502,manual,94.0,1.0
28,POWER SAVING,93.0,918.0,25.0,35.0,33.0,1502,manual,87.0,0.0
29,POWER SAVING,93.0,918.0,25.0,35.0,33.0,1502,manual,86.0,0.0
30,POWER SAVING,93.0,912.0,25.0,35.0,33.0,1502,manual,99.0,0.0
31,POWER SAVING,93.0,918.0,26.0,35.0,33.0,1502,manual,86.0,0.0
32,POWER SAVING,93.0,912.0,25.0,35.0,33.0,1502,manual,99.0,0.0
33,POWER SAVING,93.0,918.0,25.0,35.0,33.0,1502,manual,97.0,0.0
34,POWER SAVING,93.0,918.0,26.0,35.0,33.0,1502,manual,96.0,0.0
35,POWER SAVING,93.0,912.0,25.0,35.0,33.0,1502,manual,99.0,0.0
36,POWER SAVING,93.0,912.0,26.0,34.0,34.0,1502,manual,87.0,0.0
37,POWER SAVING,93.0,912.0,26.0,34.0,34.0,1502,manual,98.0,0.0
38,POWER SAVING,92.0,918.0,26.0,35.0,33.0,1502,manual,88.0,0.0
39,POWER SAVING,92.0,912.0,26.0,35.0,33.0,1502,manual,84.0,0.0
40,POWER SAVING,93.0,912.0,26.0,35.0,33.0,1502,manual,83.0,0.0
41,POWER SAVING,93.0,912.0,26.0,35.0,33.0,1502,manual,99.0,0.0
42,POWER SAVING,93.0,912.0,26.0,35.0,34.0,1502,manual,86.0,0.0
43,POWER SAVING,93.0,912.0,25.0,35.0,33.0,1502,manual,99.0,0.0
44,POWER SAVING,93.0,918.0,26.0,36.0,33.0,1502,manual,87.0,0.0
45,POWER SAVING,93.0,912.0,26.0,35.0,33.0,1502,manual,87.0,0.0
46,POWER SAVING,93.0,918.0,26.0,35.0,33.0,1502,manual,99.0,0.0
47,POWER SAVING,93.0,912.0,26.0,35.0,33.0,1502,manual,99.0,0.0
48,POWER SAVING,93.0,918.0,26.0,35.0,33.0,1502,manual,99.0,0.0
49,POWER SAVING,92.0,918.0,26.0,35.0,33.0,1502,manual,88.0,0.0
50,POWER SAVING,93.0,912.0,26.0,35.0,33.0,1502,manual,99.0,0.0
51,POWER SAVING,93.0,918.0,26.0,35.0,33.0,1502,manual,99.0,0.0
52,POWER SAVING,93.0,918.0,26.0,35.0,33.0,1502,manual,99.0,0.0
53,POWER SAVING,93.0,912.0,26.0,36.0,33.0,1502,manual,98.0,0.0
54,POWER SAVING,93.0,912.0,26.0,35.0,33.0,1502,manual,98.0,0.0
55,POWER SAVING,93.0,912.0,26.0,35.0,33.0,1502,manual,99.0,0.0
56,POWER SAVING,93.0,912.0,26.0,35.0,33.0,1502,manual,92.0,0.0
57,POWER SAVING,93.0,918.0,26.0,35.0,33.0,1502,manual,99.0,0.0
58,POWER SAVING,93.0,918.0,26.0,35.0,33.0,1502,manual,97.0,0.0
59,POWER SAVING,93.0,918.0,26.0,36.0,33.0,1502,manual,87.0,0.0
60,POWER SAVING,93.0,912.0,26.0,35.0,33.0,1502,manual,98.0,0.0
61,POWER SAVING,83.0,912.0,26.0,35.0,33.0,1502,manual,67.0,0.0
62,POWER SAVING,93.0,918.0,26.0,36.0,33.0,1502,manual,99.0,0.0
63,POWER SAVING,93.0,918.0,26.0,36.0,34.0,1502,manual,99.0,0.0
64,POWER SAVING,93.0,918.0,26.0,35.0,34.0,1502,manual,99.0,0.0
65,POWER SAVING,93.0,918.0,26.0,35.0,33.0,1502,manual,99.0,0.0
66,POWER SAVING,92.0,918.0,26.0,36.0,34.0,1502,manual,87.0,0.0
67,POWER SAVING,93.0,912.0,26.0,35.0,34.0,1502,manual,98.0,0.0
68,POWER SAVING,93.0,912.0,26.0,36.0,34.0,1502,manual,87.0,0.0
69,POWER SAVING,93.0,918.0,26.0,36.0,33.0,1502,manual,99.0,0.0
70,POWER SAVING,93.0,912.0,27.0,36.0,33.0,1502,manual,86.0,0.0
71,POWER SAVING,93.0,918.0,26.0,36.0,33.0,1502,manual,99.0,0.0
72,POWER SAVING,93.0,912.0,27.0,36.0,33.0,1502,manual,99.0,0.0
73,POWER SAVING,93.0,912.0,27.0,36.0,33.0,1502,manual,87.0,0.0
74,POWER SAVING,93.0,912.0,27.0,36.0,33.0,1502,manual,99.0,0.0
75,POWER SAVING,92.0,912.0,26.0,36.0,33.0,1502,manual,86.0,0.0
76,POWER SAVING,80.0,912.0,26.0,36.0,34.0,1502,manual,68.0,0.0
77,POWER SAVING,93.0,918.0,27.0,35.0,33.0,1502,manual,89.0,0.0
78,POWER SAVING,93.0,912.0,26.0,36.0,33.0,1502,manual,99.0,0.0
79,POWER SAVING,93.0,918.0,27.0,36.0,33.0,1502,manual,87.0,0.0
80,POWER SAVING,93.0,918.0,27.0,36.0,33.0,1502,manual,97.0,0.0
81,POWER SAVING,93.0,918.0,26.0,36.0,33.0,1502,manual,99.0,0.0
82,POWER SAVING,93.0,918.0,26.0,36.0,33.0,1502,manual,98.0,0.0
83,POWER SAVING,93.0,918.0,27.0,36.0,33.0,1502,manual,99.0,0.0
84,POWER SAVING,93.0,912.0,27.0,36.0,33.0,1502,manual,85.0,0.0
85,POWER SAVING,93.0,918.0,26.0,36.0,33.0,1502,manual,99.0,0.0
86,POWER SAVING,93.0,918.0,27.0,36.0,33.0,1502,manual,88.0,0.0
87,POWER SAVING,36.0,662.0,27.0,31.0,33.0,300,manual,0.0,0.0
88,POWER SAVING,37.0,662.0,26.0,30.0,33.0,300,manual,0.0,0.0
