index,power_profile,power_usage,voltage,edge_temperature,junction_temperature,memory_temperature,sclk,performance,gpu_usage,memory_usage
0,VIDEO,39.0,668.0,32.0,36.0,40.0,300,manual,0.0,0.0
1,VIDEO,39.0,662.0,33.0,36.0,40.0,300,manual,0.0,0.0
2,VIDEO,39.0,662.0,32.0,36.0,40.0,300,manual,0.0,0.0
3,VIDEO,39.0,662.0,32.0,36.0,40.0,300,manual,0.0,0.0
4,VIDEO,39.0,662.0,32.0,36.0,39.0,300,manual,0.0,0.0
5,VIDEO,38.0,662.0,31.0,36.0,39.0,300,manual,0.0,0.0
6,VIDEO,39.0,668.0,31.0,35.0,39.0,300,manual,0.0,0.0
7,VIDEO,38.0,668.0,31.0,35.0,39.0,300,manual,0.0,0.0
8,VIDEO,39.0,662.0,31.0,35.0,39.0,300,manual,0.0,0.0
9,VIDEO,39.0,918.0,31.0,35.0,39.0,300,manual,0.0,0.0
10,VIDEO,45.0,662.0,31.0,34.0,39.0,300,manual,7.0,0.0
11,VIDEO,38.0,912.0,31.0,34.0,38.0,300,manual,0.0,0.0
12,VIDEO,37.0,662.0,31.0,34.0,38.0,300,manual,0.0,0.0
13,VIDEO,38.0,662.0,30.0,34.0,38.0,300,manual,0.0,0.0
14,VIDEO,37.0,662.0,30.0,34.0,38.0,300,manual,0.0,0.0
15,VIDEO,81.0,662.0,30.0,34.0,38.0,1502,manual,7.0,0.0
16,VIDEO,39.0,662.0,30.0,33.0,38.0,300,manual,0.0,0.0
17,VIDEO,39.0,662.0,30.0,33.0,37.0,300,manual,0.0,0.0
18,VIDEO,38.0,662.0,29.0,33.0,37.0,300,manual,0.0,0.0
19,VIDEO,38.0,662.0,29.0,33.0,37.0,300,manual,0.0,0.0
20,VIDEO,38.0,662.0,29.0,32.0,37.0,300,manual,0.0,0.0
21,VIDEO,39.0,662.0,29.0,33.0,37.0,300,manual,0.0,0.0
22,VIDEO,37.0,668.0,29.0,33.0,37.0,300,manual,0.0,0.0
23,VIDEO,37.0,668.0,29.0,32.0,37.0,300,manual,0.0,0.0
24,VIDEO,37.0,662.0,29.0,32.0,37.0,300,manual,0.0,0.0
25,VIDEO,38.0,662.0,29.0,32.0,36.0,300,manual,0.0,0.0
26,VIDEO,38.0,662.0,28.0,32.0,36.0,300,manual,0.0,0.0
27,VIDEO,37.0,662.0,28.0,32.0,36.0,300,manual,0.0,0.0
28,VIDEO,38.0,668.0,28.0,32.0,36.0,300,manual,0.0,0.0
29,VIDEO,38.0,668.0,28.0,32.0,36.0,300,manual,0.0,0.0
30,VIDEO,37.0,662.0,28.0,32.0,36.0,300,manual,0.0,0.0
31,VIDEO,37.0,662.0,27.0,32.0,36.0,300,manual,0.0,0.0
32,VIDEO,38.0,662.0,28.0,31.0,36.0,300,manual,0.0,0.0
33,VIDEO,38.0,662.0,28.0,32.0,36.0,300,manual,1.0,0.0
34,VIDEO,37.0,662.0,28.0,32.0,36.0,300,manual,0.0,0.0
35,VIDEO,36.0,662.0,27.0,31.0,35.0,300,manual,0.0,0.0
36,VIDEO,37.0,662.0,27.0,31.0,35.0,300,manual,0.0,0.0
37,VIDEO,36.0,662.0,27.0,31.0,35.0,300,manual,0.0,0.0
38,VIDEO,39.0,668.0,27.0,31.0,35.0,300,manual,0.0,0.0
39,VIDEO,38.0,662.0,27.0,31.0,35.0,300,manual,0.0,0.0
40,VIDEO,38.0,662.0,27.0,31.0,35.0,300,manual,0.0,0.0
41,VIDEO,38.0,668.0,27.0,31.0,35.0,300,manual,0.0,0.0
42,VIDEO,38.0,662.0,27.0,30.0,35.0,300,manual,0.0,0.0
43,VIDEO,38.0,662.0,26.0,31.0,35.0,300,manual,0.0,0.0
44,VIDEO,35.0,668.0,26.0,31.0,35.0,300,manual,0.0,0.0
45,VIDEO,38.0,662.0,27.0,30.0,35.0,300,manual,0.0,0.0
46,VIDEO,59.0,925.0,27.0,30.0,35.0,300,manual,11.0,0.0
47,VIDEO,37.0,662.0,27.0,30.0,35.0,300,manual,0.0,0.0
48,VIDEO,40.0,662.0,26.0,30.0,34.0,1502,manual,20.0,0.0
49,VIDEO,35.0,662.0,26.0,30.0,34.0,300,manual,0.0,0.0
50,VIDEO,38.0,662.0,26.0,30.0,34.0,300,manual,0.0,0.0
51,VIDEO,38.0,662.0,26.0,30.0,34.0,300,manual,0.0,0.0
52,VIDEO,38.0,662.0,26.0,30.0,34.0,300,manual,0.0,0.0
53,VIDEO,38.0,662.0,26.0,30.0,34.0,300,manual,0.0,0.0
54,VIDEO,59.0,662.0,25.0,30.0,34.0,1502,manual,5.0,0.0
55,VIDEO,35.0,662.0,26.0,29.0,34.0,300,manual,0.0,0.0
56,VIDEO,39.0,662.0,26.0,30.0,34.0,300,manual,0.0,0.0
57,VIDEO,36.0,662.0,25.0,30.0,34.0,300,manual,0.0,0.0
58,VIDEO,36.0,662.0,25.0,29.0,34.0,300,manual,0.0,0.0
59,VIDEO,38.0,662.0,26.0,30.0,34.0,300,manual,0.0,0.0
60,VIDEO,36.0,668.0,25.0,29.0,34.0,300,manual,0.0,0.0
61,VIDEO,248.0,906.0,27.0,38.0,37.0,1502,manual,99.0,23.0
62,VIDEO,69.0,906.0,30.0,42.0,39.0,1502,manual,13.0,0.0
63,VIDEO,289.0,912.0,30.0,43.0,40.0,1502,manual,99.0,14.0
64,VIDEO,67.0,893.0,30.0,44.0,40.0,1502,manual,47.0,1.0
65,VIDEO,294.0,906.0,31.0,44.0,41.0,1502,manual,99.0,22.0
66,VIDEO,213.0,887.0,31.0,44.0,41.0,1502,manual,99.0,9.0
67,VIDEO,266.0,918.0,31.0,45.0,41.0,1502,manual,100.0,42.0
68,VIDEO,230.0,925.0,31.0,44.0,41.0,1502,manual,98.0,15.0
69,VIDEO,288.0,925.0,31.0,45.0,42.0,1502,manual,99.0,40.0
70,VIDEO,280.0,900.0,32.0,45.0,42.0,1502,manual,100.0,8.0
71,VIDEO,71.0,662.0,33.0,46.0,42.0,1502,manual,19.0,1.0
72,VIDEO,260.0,893.0,32.0,45.0,42.0,1502,manual,99.0,18.0
73,VIDEO,74.0,912.0,33.0,47.0,43.0,1502,manual,16.0,17.0
74,VIDEO,88.0,662.0,31.0,35.0,39.0,1502,manual,0.0,0.0
75,VIDEO,39.0,668.0,29.0,34.0,38.0,300,manual,0.0,0.0
76,VIDEO,321.0,893.0,31.0,42.0,41.0,1472,manual,87.0,21.0
77,VIDEO,268.0,925.0,32.0,43.0,41.0,1502,manual,40.0,19.0
78,VIDEO,227.0,906.0,33.0,46.0,42.0,1502,manual,99.0,42.0
79,VIDEO,249.0,918.0,33.0,46.0,42.0,1502,manual,99.0,16.0
80,VIDEO,238.0,906.0,33.0,45.0,43.0,1502,manual,99.0,10.0
81,VIDEO,283.0,906.0,33.0,47.0,43.0,1502,manual,97.0,22.0
82,VIDEO,66.0,925.0,34.0,47.0,43.0,1502,manual,23.0,3.0
83,VIDEO,263.0,906.0,34.0,46.0,42.0,1502,manual,99.0,26.0
84,VIDEO,271.0,875.0,34.0,47.0,43.0,1502,manual,99.0,14.0
85,VIDEO,295.0,893.0,34.0,47.0,44.0,1502,manual,98.0,19.0
86,VIDEO,296.0,912.0,35.0,48.0,44.0,1502,manual,80.0,30.0
87,VIDEO,281.0,918.0,35.0,48.0,44.0,1502,manual,100.0,42.0
88,VIDEO,276.0,875.0,35.0,47.0,43.0,1502,manual,99.0,14.0
89,VIDEO,297.0,893.0,35.0,48.0,43.0,1502,manual,77.0,17.0
90,VIDEO,76.0,868.0,34.0,45.0,44.0,1502,manual,28.0,22.0
91,VIDEO,76.0,893.0,34.0,43.0,42.0,1502,manual,12.0,0.0
92,VIDEO,290.0,900.0,35.0,48.0,44.0,1502,manual,99.0,43.0
93,VIDEO,300.0,912.0,35.0,48.0,45.0,1502,manual,99.0,17.0
94,VIDEO,254.0,893.0,35.0,47.0,44.0,1502,manual,91.0,24.0
95,VIDEO,292.0,906.0,36.0,49.0,44.0,1502,manual,99.0,14.0
96,VIDEO,295.0,862.0,36.0,48.0,44.0,1502,manual,99.0,14.0
97,VIDEO,320.0,912.0,36.0,49.0,45.0,1472,manual,99.0,8.0
98,VIDEO,168.0,900.0,36.0,49.0,45.0,1502,manual,99.0,14.0
99,VIDEO,248.0,906.0,36.0,49.0,46.0,1502,manual,99.0,9.0
100,VIDEO,254.0,925.0,36.0,50.0,46.0,1502,manual,98.0,23.0
101,VIDEO,67.0,906.0,37.0,51.0,46.0,1502,manual,49.0,13.0
102,VIDEO,285.0,925.0,37.0,50.0,46.0,1502,manual,100.0,28.0
103,VIDEO,247.0,925.0,37.0,50.0,45.0,1502,manual,99.0,16.0
104,VIDEO,317.0,893.0,36.0,45.0,43.0,1502,manual,94.0,28.0
105,VIDEO,39.0,893.0,35.0,40.0,42.0,300,manual,0.0,0.0
106,VIDEO,296.0,912.0,37.0,50.0,46.0,1502,manual,99.0,15.0
107,VIDEO,250.0,893.0,37.0,50.0,46.0,1502,manual,99.0,17.0
108,VIDEO,289.0,906.0,38.0,51.0,47.0,1502,manual,97.0,23.0
109,VIDEO,233.0,906.0,37.0,51.0,46.0,1502,manual,100.0,34.0
110,VIDEO,84.0,925.0,37.0,51.0,47.0,1502,manual,16.0,2.0
111,VIDEO,276.0,893.0,37.0,50.0,46.0,1502,manual,99.0,14.0
112,VIDEO,153.0,887.0,38.0,51.0,46.0,1502,manual,34.0,12.0
113,VIDEO,306.0,906.0,38.0,50.0,47.0,1472,manual,99.0,18.0
114,VIDEO,207.0,893.0,38.0,52.0,48.0,1502,manual,48.0,28.0
115,VIDEO,259.0,906.0,38.0,51.0,47.0,1502,manual,99.0,6.0
116,VIDEO,223.0,893.0,38.0,52.0,48.0,1502,manual,99.0,10.0
117,VIDEO,274.0,912.0,38.0,51.0,47.0,1502,manual,100.0,25.0
118,VIDEO,250.0,893.0,38.0,52.0,47.0,1502,manual,99.0,17.0
119,VIDEO,271.0,925.0,38.0,50.0,46.0,1502,manual,98.0,20.0
120,VIDEO,252.0,906.0,38.0,49.0,46.0,1502,manual,99.0,19.0
121,VIDEO,80.0,893.0,38.0,52.0,47.0,1502,manual,26.0,24.0
122,VIDEO,170.0,906.0,39.0,51.0,47.0,1502,manual,99.0,12.0
123,VIDEO,160.0,900.0,38.0,52.0,48.0,1502,manual,90.0,8.0
124,VIDEO,59.0,893.0,39.0,53.0,48.0,1502,manual,22.0,3.0
125,VIDEO,259.0,925.0,39.0,52.0,48.0,1502,manual,94.0,15.0
126,VIDEO,293.0,893.0,39.0,53.0,48.0,1502,manual,99.0,14.0
127,VIDEO,115.0,912.0,39.0,52.0,48.0,1502,manual,87.0,10.0
128,VIDEO,291.0,906.0,39.0,53.0,48.0,1502,manual,90.0,32.0
129,VIDEO,231.0,912.0,39.0,53.0,48.0,1502,manual,100.0,29.0
130,VIDEO,210.0,893.0,39.0,53.0,48.0,1502,manual,99.0,12.0
131,VIDEO,159.0,912.0,39.0,52.0,48.0,1502,manual,79.0,13.0
132,VIDEO,291.0,918.0,39.0,51.0,48.0,1502,manual,99.0,15.0
133,VIDEO,257.0,931.0,38.0,49.0,47.0,1502,manual,99.0,16.0
134,VIDEO,253.0,925.0,38.0,46.0,46.0,1502,manual,99.0,24.0
135,VIDEO,266.0,918.0,39.0,51.0,48.0,1502,manual,83.0,16.0
136,VIDEO,264.0,931.0,40.0,53.0,48.0,1502,manual,100.0,37.0
137,VIDEO,250.0,937.0,39.0,53.0,48.0,1502,manual,99.0,20.0
138,VIDEO,272.0,906.0,39.0,52.0,48.0,1502,manual,99.0,16.0
139,VIDEO,265.0,912.0,40.0,53.0,48.0,1502,manual,99.0,27.0
140,VIDEO,206.0,906.0,40.0,52.0,48.0,1502,manual,99.0,14.0
141,VIDEO,295.0,925.0,40.0,54.0,48.0,1502,manual,100.0,42.0
142,VIDEO,204.0,912.0,40.0,53.0,49.0,1502,manual,99.0,16.0
143,VIDEO,238.0,906.0,40.0,53.0,49.0,1502,manual,100.0,38.0
144,VIDEO,205.0,925.0,40.0,53.0,49.0,1502,manual,99.0,14.0
145,VIDEO,56.0,912.0,40.0,54.0,49.0,300,manual,7.0,0.0
146,VIDEO,289.0,906.0,40.0,54.0,48.0,1502,manual,99.0,26.0
147,VIDEO,282.0,668.0,41.0,53.0,48.0,1502,manual,99.0,15.0
148,VIDEO,234.0,662.0,40.0,52.0,48.0,1502,manual,94.0,14.0
149,VIDEO,277.0,906.0,39.0,52.0,48.0,1502,manual,99.0,14.0
150,VIDEO,227.0,925.0,40.0,52.0,49.0,1502,manual,99.0,14.0
151,VIDEO,78.0,900.0,40.0,54.0,49.0,1502,manual,32.0,4.0
152,VIDEO,280.0,912.0,40.0,54.0,49.0,1502,manual,99.0,26.0
153,VIDEO,235.0,925.0,41.0,54.0,48.0,1502,manual,98.0,16.0
154,VIDEO,277.0,925.0,40.0,54.0,48.0,1502,manual,100.0,29.0
155,VIDEO,295.0,925.0,41.0,54.0,48.0,1502,manual,99.0,8.0
156,VIDEO,225.0,925.0,41.0,55.0,49.0,1502,manual,78.0,26.0
157,VIDEO,244.0,906.0,41.0,53.0,49.0,1502,manual,99.0,16.0
158,VIDEO,51.0,668.0,41.0,54.0,50.0,1502,manual,21.0,0.0
159,VIDEO,195.0,925.0,41.0,54.0,49.0,1502,manual,99.0,8.0
160,VIDEO,97.0,931.0,41.0,55.0,50.0,1502,manual,21.0,2.0
161,VIDEO,312.0,925.0,41.0,54.0,50.0,1472,manual,99.0,15.0
162,VIDEO,74.0,925.0,41.0,51.0,49.0,1502,manual,20.0,1.0
163,VIDEO,69.0,925.0,39.0,43.0,46.0,1502,manual,5.0,0.0
164,VIDEO,232.0,912.0,41.0,52.0,49.0,1502,manual,96.0,16.0
165,VIDEO,66.0,912.0,41.0,54.0,49.0,1502,manual,24.0,2.0
166,VIDEO,243.0,918.0,41.0,54.0,49.0,1502,manual,99.0,16.0
167,VIDEO,78.0,925.0,41.0,55.0,50.0,1502,manual,14.0,1.0
168,VIDEO,286.0,887.0,41.0,54.0,50.0,1502,manual,99.0,14.0
169,VIDEO,128.0,906.0,41.0,54.0,50.0,1502,manual,83.0,10.0
170,VIDEO,104.0,925.0,41.0,55.0,50.0,1502,manual,51.0,9.0
171,VIDEO,297.0,906.0,42.0,54.0,50.0,1502,manual,98.0,19.0
172,VIDEO,78.0,925.0,41.0,55.0,50.0,1502,manual,15.0,1.0
173,VIDEO,275.0,868.0,41.0,54.0,50.0,1502,manual,99.0,16.0
174,VIDEO,244.0,906.0,42.0,55.0,50.0,1502,manual,99.0,19.0
175,VIDEO,282.0,918.0,41.0,55.0,50.0,1502,manual,100.0,25.0
176,VIDEO,177.0,893.0,41.0,54.0,50.0,1502,manual,99.0,9.0
177,VIDEO,70.0,893.0,41.0,53.0,49.0,1502,manual,27.0,2.0
178,VIDEO,39.0,668.0,38.0,43.0,45.0,300,manual,0.0,0.0
179,VIDEO,39.0,668.0,38.0,41.0,44.0,300,manual,0.0,0.0
