index,power_profile,power_usage,voltage,edge_temperature,junction_temperature,memory_temperature,sclk,performance,gpu_usage,memory_usage
0,VIDEO,39.0,662.0,35.0,39.0,42.0,300,manual,0.0,0.0
1,VIDEO,39.0,662.0,35.0,39.0,41.0,300,manual,0.0,0.0
2,VIDEO,39.0,662.0,34.0,38.0,41.0,300,manual,0.0,0.0
3,VIDEO,39.0,668.0,34.0,38.0,41.0,300,manual,0.0,0.0
4,VIDEO,39.0,656.0,35.0,38.0,42.0,300,manual,0.0,0.0
5,VIDEO,39.0,662.0,34.0,38.0,41.0,300,manual,0.0,0.0
6,VIDEO,39.0,662.0,34.0,38.0,42.0,300,manual,0.0,0.0
7,VIDEO,39.0,662.0,34.0,38.0,40.0,300,manual,0.0,0.0
8,VIDEO,39.0,662.0,34.0,37.0,40.0,300,manual,0.0,0.0
9,VIDEO,39.0,668.0,33.0,37.0,40.0,300,manual,0.0,0.0
10,VIDEO,39.0,662.0,33.0,37.0,40.0,300,manual,0.0,0.0
11,VIDEO,39.0,662.0,33.0,37.0,40.0,300,manual,0.0,0.0
12,VIDEO,39.0,662.0,32.0,37.0,39.0,300,manual,0.0,0.0
13,VIDEO,60.0,662.0,32.0,36.0,39.0,1502,manual,6.0,0.0
14,VIDEO,39.0,662.0,32.0,36.0,39.0,300,manual,0.0,0.0
15,VIDEO,39.0,662.0,32.0,36.0,39.0,300,manual,0.0,0.0
16,VIDEO,39.0,662.0,32.0,36.0,40.0,300,manual,0.0,0.0
17,VIDEO,39.0,662.0,32.0,35.0,40.0,300,manual,0.0,0.0
18,VIDEO,39.0,662.0,31.0,35.0,38.0,300,manual,0.0,0.0
19,VIDEO,39.0,918.0,31.0,35.0,38.0,300,manual,0.0,0.0
20,VIDEO,39.0,662.0,31.0,35.0,38.0,300,manual,0.0,0.0
21,VIDEO,39.0,662.0,31.0,35.0,38.0,300,manual,0.0,0.0
22,VIDEO,39.0,912.0,31.0,35.0,38.0,300,manual,0.0,0.0
23,VIDEO,39.0,662.0,31.0,34.0,38.0,300,manual,0.0,0.0
24,VIDEO,39.0,675.0,31.0,35.0,39.0,300,manual,0.0,0.0
25,VIDEO,39.0,662.0,30.0,34.0,38.0,300,manual,0.0,0.0
26,VIDEO,39.0,662.0,30.0,34.0,38.0,300,manual,0.0,0.0
27,VIDEO,39.0,662.0,31.0,34.0,38.0,300,manual,0.0,0.0
28,VIDEO,39.0,668.0,30.0,34.0,38.0,300,manual,0.0,0.0
29,VIDEO,38.0,668.0,30.0,34.0,38.0,300,manual,0.0,0.0
30,VIDEO,38.0,668.0,30.0,33.0,37.0,300,manual,0.0,0.0
31,VIDEO,38.0,662.0,30.0,34.0,38.0,300,manual,0.0,0.0
32,VIDEO,38.0,662.0,30.0,33.0,38.0,300,manual,0.0,0.0
33,VIDEO,38.0,662.0,29.0,33.0,37.0,300,manual,0.0,0.0
34,VIDEO,38.0,668.0,30.0,33.0,37.0,300,manual,0.0,0.0
35,VIDEO,39.0,662.0,29.0,33.0,37.0,300,manual,0.0,0.0
36,VIDEO,37.0,662.0,29.0,33.0,36.0,300,manual,0.0,0.0
37,VIDEO,38.0,675.0,29.0,33.0,36.0,300,manual,0.0,0.0
38,VIDEO,38.0,668.0,29.0,32.0,36.0,300,manual,0.0,0.0
39,VIDEO,39.0,668.0,29.0,32.0,37.0,300,manual,0.0,0.0
40,VIDEO,37.0,675.0,28.0,32.0,36.0,300,manual,0.0,0.0
41,VIDEO,38.0,668.0,28.0,32.0,36.0,300,manual,0.0,0.0
42,VIDEO,37.0,662.0,28.0,32.0,36.0,300,manual,0.0,0.0
43,VIDEO,37.0,668.0,28.0,32.0,36.0,300,manual,0.0,0.0
44,VIDEO,38.0,668.0,28.0,32.0,36.0,300,manual,0.0,0.0
45,VIDEO,38.0,668.0,28.0,32.0,36.0,300,manual,0.0,0.0
46,VIDEO,38.0,662.0,28.0,32.0,35.0,300,manual,0.0,0.0
47,VIDEO,38.0,668.0,27.0,32.0,35.0,300,manual,0.0,0.0
48,VIDEO,38.0,662.0,27.0,31.0,35.0,300,manual,0.0,0.0
49,VIDEO,38.0,662.0,27.0,31.0,36.0,300,manual,0.0,0.0
50,VIDEO,38.0,662.0,27.0,31.0,36.0,300,manual,0.0,0.0
51,VIDEO,37.0,662.0,27.0,31.0,35.0,300,manual,0.0,0.0
52,VIDEO,38.0,662.0,27.0,31.0,35.0,300,manual,0.0,0.0
53,VIDEO,38.0,662.0,27.0,31.0,35.0,300,manual,0.0,0.0
54,VIDEO,38.0,668.0,27.0,31.0,35.0,300,manual,0.0,0.0
55,VIDEO,37.0,668.0,27.0,31.0,35.0,300,manual,0.0,0.0
56,VIDEO,37.0,668.0,27.0,30.0,35.0,300,manual,0.0,0.0
57,VIDEO,254.0,912.0,27.0,33.0,36.0,1502,manual,90.0,33.0
58,VIDEO,39.0,662.0,27.0,31.0,35.0,300,manual,0.0,0.0
59,VIDEO,36.0,662.0,27.0,31.0,35.0,300,manual,0.0,0.0
60,VIDEO,38.0,662.0,26.0,31.0,34.0,300,manual,0.0,0.0
61,VIDEO,38.0,668.0,27.0,31.0,34.0,300,manual,0.0,0.0
62,VIDEO,35.0,668.0,27.0,31.0,34.0,300,manual,0.0,0.0
63,VIDEO,35.0,662.0,27.0,30.0,34.0,300,manual,0.0,0.0
64,VIDEO,38.0,662.0,26.0,31.0,34.0,300,manual,0.0,0.0
65,VIDEO,39.0,668.0,26.0,31.0,35.0,300,manual,0.0,0.0
66,VIDEO,39.0,662.0,27.0,31.0,35.0,300,manual,0.0,0.0
67,VIDEO,38.0,662.0,27.0,30.0,34.0,300,manual,1.0,0.0
68,VIDEO,38.0,668.0,26.0,30.0,35.0,300,manual,0.0,0.0
69,VIDEO,321.0,668.0,27.0,31.0,35.0,1502,manual,58.0,4.0
70,VIDEO,38.0,662.0,27.0,31.0,35.0,300,manual,0.0,0.0
71,VIDEO,37.0,668.0,26.0,30.0,34.0,300,manual,0.0,0.0
72,VIDEO,38.0,662.0,26.0,30.0,35.0,300,manual,0.0,0.0
73,VIDEO,275.0,893.0,27.0,33.0,37.0,1502,manual,99.0,43.0
74,VIDEO,226.0,893.0,28.0,36.0,40.0,1502,manual,89.0,38.0
75,VIDEO,311.0,893.0,29.0,35.0,40.0,1472,manual,97.0,30.0
76,VIDEO,61.0,893.0,28.0,32.0,37.0,1502,manual,37.0,6.0
77,VIDEO,38.0,893.0,29.0,32.0,37.0,300,manual,0.0,0.0
78,VIDEO,37.0,668.0,29.0,33.0,38.0,300,manual,0.0,0.0
79,VIDEO,39.0,662.0,29.0,34.0,39.0,300,manual,0.0,0.0
80,VIDEO,39.0,668.0,30.0,35.0,40.0,300,manual,0.0,0.0
81,VIDEO,39.0,662.0,30.0,38.0,42.0,300,manual,0.0,0.0
82,VIDEO,302.0,662.0,31.0,43.0,45.0,1472,manual,100.0,36.0
83,VIDEO,289.0,662.0,31.0,43.0,45.0,1472,manual,100.0,51.0
84,VIDEO,249.0,862.0,31.0,43.0,45.0,1430,manual,100.0,50.0
85,VIDEO,332.0,881.0,30.0,41.0,43.0,1472,manual,99.0,53.0
86,VIDEO,230.0,887.0,30.0,41.0,43.0,1502,manual,85.0,46.0
87,VIDEO,257.0,893.0,30.0,39.0,42.0,1502,manual,87.0,18.0
88,VIDEO,220.0,893.0,30.0,36.0,40.0,1502,manual,91.0,37.0
89,VIDEO,39.0,918.0,30.0,34.0,38.0,300,manual,0.0,0.0
90,VIDEO,39.0,925.0,30.0,34.0,38.0,300,manual,0.0,0.0
91,VIDEO,37.0,918.0,30.0,35.0,39.0,300,manual,0.0,0.0
92,VIDEO,38.0,656.0,31.0,35.0,40.0,300,manual,0.0,0.0
93,VIDEO,39.0,675.0,31.0,36.0,41.0,300,manual,0.0,0.0
94,VIDEO,39.0,662.0,31.0,37.0,42.0,300,manual,0.0,0.0
95,VIDEO,39.0,662.0,32.0,42.0,44.0,300,manual,0.0,0.0
96,VIDEO,289.0,662.0,33.0,44.0,47.0,1502,manual,100.0,40.0
97,VIDEO,292.0,675.0,32.0,44.0,46.0,1430,manual,100.0,52.0
98,VIDEO,257.0,862.0,32.0,43.0,45.0,1472,manual,100.0,37.0
99,VIDEO,290.0,881.0,32.0,43.0,43.0,1502,manual,99.0,54.0
100,VIDEO,326.0,881.0,32.0,42.0,44.0,1472,manual,93.0,36.0
101,VIDEO,306.0,893.0,31.0,39.0,41.0,1472,manual,94.0,48.0
102,VIDEO,298.0,881.0,30.0,35.0,40.0,1502,manual,84.0,42.0
103,VIDEO,39.0,893.0,31.0,35.0,40.0,300,manual,0.0,0.0
104,VIDEO,39.0,906.0,31.0,35.0,40.0,300,manual,0.0,0.0
105,VIDEO,39.0,668.0,31.0,36.0,41.0,300,manual,0.0,0.0
106,VIDEO,39.0,662.0,32.0,37.0,41.0,300,manual,0.0,0.0
107,VIDEO,294.0,893.0,34.0,46.0,47.0,1502,manual,93.0,47.0
108,VIDEO,248.0,875.0,32.0,41.0,44.0,1502,manual,83.0,27.0
109,VIDEO,219.0,906.0,32.0,39.0,42.0,1502,manual,88.0,30.0
110,VIDEO,39.0,906.0,31.0,35.0,40.0,300,manual,0.0,0.0
111,VIDEO,39.0,912.0,32.0,36.0,40.0,300,manual,0.0,0.0
112,VIDEO,39.0,668.0,32.0,36.0,41.0,300,manual,0.0,0.0
113,VIDEO,39.0,668.0,32.0,37.0,41.0,1502,manual,0.0,0.0
114,VIDEO,39.0,662.0,32.0,38.0,42.0,300,manual,0.0,0.0
115,VIDEO,39.0,662.0,33.0,39.0,43.0,300,manual,0.0,0.0
116,VIDEO,39.0,662.0,34.0,43.0,45.0,300,manual,0.0,0.0
117,VIDEO,245.0,662.0,34.0,46.0,48.0,1472,manual,100.0,53.0
118,VIDEO,284.0,662.0,34.0,46.0,48.0,1472,manual,100.0,42.0
119,VIDEO,251.0,662.0,34.0,45.0,47.0,1472,manual,100.0,42.0
120,VIDEO,268.0,875.0,34.0,45.0,47.0,1472,manual,100.0,37.0
121,VIDEO,362.0,893.0,33.0,44.0,45.0,1430,manual,99.0,46.0
122,VIDEO,209.0,925.0,33.0,43.0,45.0,1502,manual,89.0,34.0
123,VIDEO,39.0,668.0,34.0,40.0,44.0,300,manual,0.0,0.0
124,VIDEO,39.0,668.0,33.0,41.0,44.0,300,manual,0.0,0.0
125,VIDEO,39.0,662.0,34.0,43.0,45.0,300,manual,0.0,0.0
126,VIDEO,39.0,662.0,35.0,47.0,48.0,300,manual,6.0,0.0
127,VIDEO,262.0,662.0,35.0,46.0,48.0,1472,manual,100.0,36.0
128,VIDEO,276.0,662.0,34.0,46.0,48.0,1472,manual,100.0,55.0
129,VIDEO,269.0,893.0,34.0,45.0,47.0,1430,manual,100.0,49.0
130,VIDEO,298.0,875.0,34.0,44.0,46.0,1472,manual,99.0,50.0
131,VIDEO,222.0,900.0,33.0,43.0,45.0,1502,manual,86.0,27.0
132,VIDEO,285.0,893.0,33.0,42.0,45.0,1502,manual,90.0,29.0
133,VIDEO,299.0,906.0,33.0,40.0,44.0,1502,manual,95.0,48.0
134,VIDEO,211.0,906.0,32.0,36.0,41.0,1502,manual,84.0,39.0
135,VIDEO,39.0,893.0,32.0,36.0,41.0,300,manual,0.0,0.0
136,VIDEO,39.0,918.0,33.0,37.0,41.0,300,manual,0.0,0.0
137,VIDEO,39.0,668.0,33.0,38.0,42.0,300,manual,0.0,0.0
138,VIDEO,54.0,662.0,33.0,38.0,42.0,300,manual,3.0,0.0
139,VIDEO,39.0,662.0,33.0,39.0,43.0,300,manual,0.0,0.0
140,VIDEO,39.0,662.0,34.0,41.0,43.0,300,manual,0.0,0.0
141,VIDEO,39.0,668.0,35.0,45.0,47.0,300,manual,0.0,0.0
142,VIDEO,285.0,668.0,35.0,47.0,49.0,1430,manual,100.0,58.0
143,VIDEO,285.0,662.0,35.0,46.0,48.0,1472,manual,100.0,33.0
144,VIDEO,293.0,862.0,35.0,46.0,48.0,1430,manual,100.0,47.0
145,VIDEO,299.0,862.0,34.0,45.0,46.0,1430,manual,100.0,55.0
146,VIDEO,277.0,893.0,34.0,44.0,46.0,1502,manual,99.0,43.0
147,VIDEO,303.0,893.0,34.0,43.0,46.0,1472,manual,91.0,31.0
148,VIDEO,315.0,912.0,33.0,42.0,45.0,1472,manual,97.0,35.0
149,VIDEO,328.0,893.0,33.0,41.0,44.0,1472,manual,94.0,39.0
150,VIDEO,302.0,887.0,32.0,37.0,42.0,1502,manual,92.0,44.0
151,VIDEO,39.0,918.0,33.0,37.0,41.0,300,manual,0.0,0.0
152,VIDEO,39.0,912.0,33.0,37.0,42.0,300,manual,0.0,0.0
153,VIDEO,39.0,912.0,34.0,38.0,42.0,300,manual,0.0,0.0
154,VIDEO,39.0,662.0,33.0,38.0,42.0,300,manual,0.0,0.0
155,VIDEO,39.0,662.0,34.0,39.0,43.0,300,manual,0.0,0.0
156,VIDEO,255.0,900.0,35.0,48.0,48.0,1502,manual,86.0,32.0
157,VIDEO,261.0,900.0,33.0,42.0,45.0,1502,manual,91.0,47.0
158,VIDEO,234.0,881.0,33.0,39.0,44.0,1502,manual,87.0,30.0
159,VIDEO,304.0,900.0,33.0,38.0,42.0,1502,manual,91.0,24.0
160,VIDEO,39.0,912.0,33.0,38.0,42.0,300,manual,0.0,0.0
161,VIDEO,39.0,893.0,33.0,38.0,41.0,300,manual,0.0,0.0
162,VIDEO,39.0,662.0,33.0,38.0,41.0,300,manual,0.0,0.0
163,VIDEO,39.0,662.0,33.0,39.0,43.0,300,manual,0.0,0.0
164,VIDEO,39.0,662.0,34.0,40.0,43.0,300,manual,0.0,0.0
165,VIDEO,39.0,675.0,35.0,42.0,44.0,300,manual,0.0,0.0
166,VIDEO,39.0,668.0,35.0,45.0,46.0,300,manual,0.0,0.0
167,VIDEO,310.0,906.0,35.0,48.0,48.0,1430,manual,100.0,41.0
168,VIDEO,39.0,912.0,33.0,38.0,42.0,300,manual,0.0,0.0
169,VIDEO,39.0,943.0,33.0,38.0,42.0,300,manual,0.0,0.0
170,VIDEO,39.0,662.0,33.0,38.0,42.0,300,manual,0.0,0.0
171,VIDEO,39.0,668.0,34.0,38.0,43.0,300,manual,0.0,0.0
172,VIDEO,39.0,668.0,34.0,39.0,44.0,300,manual,0.0,0.0
173,VIDEO,39.0,662.0,35.0,41.0,45.0,300,manual,0.0,0.0
174,VIDEO,39.0,662.0,35.0,45.0,47.0,300,manual,0.0,0.0
175,VIDEO,349.0,662.0,36.0,48.0,49.0,1430,manual,100.0,50.0
176,VIDEO,273.0,662.0,36.0,47.0,49.0,1430,manual,100.0,41.0
177,VIDEO,353.0,856.0,35.0,46.0,47.0,1430,manual,100.0,38.0
178,VIDEO,288.0,868.0,34.0,45.0,46.0,1502,manual,99.0,39.0
179,VIDEO,312.0,887.0,35.0,43.0,45.0,1472,manual,90.0,33.0
180,VIDEO,320.0,912.0,33.0,41.0,45.0,1472,manual,91.0,28.0
181,VIDEO,268.0,906.0,33.0,37.0,42.0,1502,manual,73.0,43.0
182,VIDEO,39.0,906.0,33.0,37.0,41.0,300,manual,0.0,0.0
183,VIDEO,39.0,918.0,33.0,38.0,42.0,300,manual,0.0,0.0
184,VIDEO,39.0,668.0,33.0,38.0,42.0,300,manual,0.0,0.0
185,VIDEO,39.0,662.0,34.0,39.0,43.0,300,manual,0.0,0.0
186,VIDEO,39.0,668.0,34.0,40.0,44.0,300,manual,0.0,0.0
187,VIDEO,302.0,893.0,36.0,48.0,49.0,1472,manual,94.0,33.0
188,VIDEO,318.0,893.0,34.0,40.0,44.0,1472,manual,97.0,38.0
189,VIDEO,68.0,881.0,33.0,38.0,41.0,1502,manual,12.0,1.0
190,VIDEO,282.0,662.0,37.0,50.0,50.0,1472,manual,100.0,42.0
191,VIDEO,304.0,850.0,36.0,47.0,49.0,1472,manual,100.0,38.0
192,VIDEO,258.0,893.0,37.0,50.0,49.0,1472,manual,99.0,54.0
193,VIDEO,39.0,668.0,36.0,42.0,46.0,300,manual,0.0,0.0
194,VIDEO,40.0,662.0,36.0,44.0,47.0,300,manual,0.0,0.0
195,VIDEO,40.0,662.0,36.0,49.0,50.0,300,manual,9.0,3.0
196,VIDEO,312.0,662.0,36.0,48.0,50.0,1430,manual,100.0,47.0
197,VIDEO,247.0,662.0,36.0,47.0,49.0,1472,manual,100.0,38.0
198,VIDEO,367.0,881.0,36.0,46.0,49.0,1430,manual,100.0,36.0
199,VIDEO,299.0,887.0,35.0,45.0,47.0,1472,manual,96.0,28.0
200,VIDEO,299.0,881.0,34.0,43.0,46.0,1502,manual,88.0,40.0
201,VIDEO,39.0,668.0,33.0,37.0,42.0,300,manual,0.0,0.0
202,VIDEO,39.0,662.0,33.0,36.0,41.0,300,manual,0.0,0.0
203,VIDEO,39.0,662.0,32.0,36.0,40.0,300,manual,0.0,0.0
204,VIDEO,38.0,668.0,32.0,36.0,40.0,300,manual,0.0,0.0
205,VIDEO,38.0,662.0,31.0,35.0,39.0,300,manual,0.0,0.0
206,VIDEO,299.0,906.0,35.0,47.0,47.0,1502,manual,90.0,29.0
207,VIDEO,244.0,925.0,36.0,49.0,48.0,1502,manual,90.0,30.0
208,VIDEO,195.0,912.0,37.0,50.0,49.0,1502,manual,88.0,30.0
209,VIDEO,313.0,906.0,36.0,50.0,49.0,1472,manual,89.0,26.0
210,VIDEO,273.0,900.0,37.0,51.0,49.0,1502,manual,90.0,30.0
211,VIDEO,328.0,887.0,37.0,51.0,49.0,1472,manual,93.0,36.0
212,VIDEO,213.0,893.0,38.0,51.0,50.0,1502,manual,85.0,33.0
213,VIDEO,249.0,925.0,38.0,51.0,50.0,1502,manual,86.0,40.0
214,VIDEO,319.0,893.0,38.0,52.0,50.0,1502,manual,83.0,40.0
215,VIDEO,231.0,906.0,38.0,52.0,50.0,1502,manual,85.0,24.0
216,VIDEO,294.0,912.0,38.0,52.0,50.0,1472,manual,94.0,29.0
217,VIDEO,312.0,893.0,38.0,52.0,51.0,1472,manual,96.0,34.0
218,VIDEO,273.0,900.0,38.0,52.0,51.0,1502,manual,85.0,45.0
219,VIDEO,282.0,925.0,39.0,52.0,51.0,1502,manual,90.0,24.0
220,VIDEO,291.0,893.0,38.0,53.0,50.0,1502,manual,91.0,37.0
221,VIDEO,263.0,925.0,39.0,53.0,52.0,1502,manual,69.0,19.0
222,VIDEO,243.0,925.0,40.0,53.0,50.0,1502,manual,90.0,27.0
223,VIDEO,292.0,893.0,40.0,54.0,52.0,1472,manual,91.0,32.0
224,VIDEO,330.0,912.0,39.0,54.0,52.0,1472,manual,95.0,28.0
225,VIDEO,260.0,875.0,40.0,54.0,51.0,1472,manual,87.0,24.0
226,VIDEO,335.0,906.0,40.0,54.0,52.0,1472,manual,90.0,27.0
227,VIDEO,325.0,893.0,40.0,54.0,53.0,1472,manual,94.0,40.0
228,VIDEO,244.0,912.0,40.0,55.0,51.0,1502,manual,84.0,25.0
229,VIDEO,297.0,925.0,40.0,54.0,52.0,1502,manual,86.0,26.0
230,VIDEO,196.0,931.0,40.0,54.0,52.0,1502,manual,89.0,37.0
231,VIDEO,39.0,893.0,39.0,45.0,48.0,300,manual,0.0,0.0
232,VIDEO,348.0,662.0,41.0,54.0,53.0,1430,manual,100.0,36.0
233,VIDEO,252.0,875.0,39.0,51.0,52.0,1430,manual,100.0,38.0
234,VIDEO,285.0,862.0,38.0,49.0,49.0,1472,manual,91.0,22.0
235,VIDEO,208.0,893.0,38.0,46.0,48.0,1502,manual,90.0,36.0
236,VIDEO,309.0,887.0,38.0,44.0,46.0,1472,manual,91.0,44.0
237,VIDEO,39.0,881.0,37.0,41.0,44.0,1502,manual,1.0,0.0
238,VIDEO,287.0,662.0,40.0,53.0,52.0,1472,manual,100.0,52.0
239,VIDEO,310.0,925.0,39.0,51.0,52.0,1430,manual,100.0,39.0
240,VIDEO,254.0,912.0,38.0,50.0,51.0,1430,manual,100.0,37.0
241,VIDEO,240.0,881.0,40.0,54.0,53.0,1502,manual,87.0,46.0
242,VIDEO,224.0,881.0,38.0,47.0,48.0,1502,manual,93.0,26.0
243,VIDEO,302.0,900.0,37.0,44.0,46.0,1472,manual,94.0,37.0
244,VIDEO,322.0,893.0,36.0,42.0,45.0,1502,manual,94.0,48.0
245,VIDEO,280.0,668.0,40.0,53.0,53.0,1472,manual,100.0,43.0
246,VIDEO,304.0,662.0,39.0,50.0,52.0,1430,manual,100.0,37.0
247,VIDEO,326.0,900.0,38.0,49.0,51.0,1472,manual,100.0,54.0
248,VIDEO,39.0,668.0,38.0,43.0,46.0,300,manual,0.0,0.0
249,VIDEO,236.0,881.0,39.0,51.0,52.0,1502,manual,86.0,23.0
250,VIDEO,201.0,906.0,37.0,44.0,46.0,1472,manual,81.0,46.0
251,VIDEO,57.0,900.0,37.0,41.0,44.0,1502,manual,28.0,7.0
252,VIDEO,276.0,662.0,40.0,52.0,53.0,1430,manual,100.0,56.0
253,VIDEO,314.0,675.0,39.0,51.0,52.0,1472,manual,100.0,51.0
254,VIDEO,349.0,893.0,38.0,49.0,51.0,1472,manual,100.0,45.0
255,VIDEO,247.0,887.0,38.0,48.0,50.0,1502,manual,99.0,31.0
256,VIDEO,280.0,893.0,40.0,53.0,51.0,1472,manual,89.0,48.0
257,VIDEO,308.0,893.0,37.0,45.0,48.0,1472,manual,97.0,37.0
258,VIDEO,164.0,893.0,36.0,40.0,46.0,1502,manual,65.0,33.0
259,VIDEO,39.0,893.0,37.0,41.0,45.0,300,manual,0.0,0.0
260,VIDEO,345.0,662.0,39.0,52.0,52.0,1430,manual,100.0,45.0
261,VIDEO,278.0,868.0,39.0,50.0,51.0,1472,manual,100.0,39.0
262,VIDEO,277.0,850.0,38.0,48.0,50.0,1502,manual,99.0,40.0
263,VIDEO,39.0,662.0,38.0,44.0,47.0,300,manual,0.0,0.0
264,VIDEO,39.0,668.0,38.0,46.0,48.0,300,manual,0.0,0.0
265,VIDEO,40.0,662.0,39.0,49.0,49.0,300,manual,0.0,0.0
266,VIDEO,338.0,912.0,39.0,51.0,51.0,1430,manual,100.0,33.0
267,VIDEO,39.0,906.0,37.0,41.0,44.0,300,manual,0.0,0.0
268,VIDEO,39.0,881.0,37.0,41.0,45.0,300,manual,0.0,0.0
269,VIDEO,39.0,662.0,37.0,42.0,45.0,300,manual,0.0,0.0
270,VIDEO,39.0,662.0,37.0,42.0,46.0,300,manual,0.0,0.0
271,VIDEO,39.0,668.0,37.0,43.0,47.0,300,manual,0.0,0.0
272,VIDEO,40.0,662.0,37.0,45.0,48.0,300,manual,0.0,0.0
273,VIDEO,41.0,662.0,38.0,50.0,50.0,300,manual,0.0,0.0
274,VIDEO,267.0,662.0,38.0,51.0,52.0,1430,manual,100.0,47.0
275,VIDEO,286.0,662.0,38.0,50.0,51.0,1472,manual,100.0,57.0
276,VIDEO,272.0,875.0,38.0,49.0,51.0,1472,manual,100.0,46.0
277,VIDEO,248.0,875.0,38.0,48.0,50.0,1502,manual,99.0,32.0
278,VIDEO,262.0,918.0,37.0,47.0,49.0,1502,manual,90.0,32.0
279,VIDEO,329.0,893.0,37.0,45.0,48.0,1472,manual,93.0,47.0
280,VIDEO,223.0,900.0,39.0,52.0,52.0,1502,manual,88.0,42.0
281,VIDEO,83.0,925.0,36.0,41.0,44.0,1502,manual,37.0,6.0
282,VIDEO,295.0,906.0,39.0,52.0,53.0,1472,manual,100.0,34.0
283,VIDEO,318.0,887.0,40.0,53.0,54.0,1472,manual,100.0,35.0
284,VIDEO,260.0,862.0,38.0,49.0,51.0,1472,manual,100.0,50.0
285,VIDEO,39.0,662.0,38.0,43.0,46.0,300,manual,0.0,0.0
286,VIDEO,315.0,850.0,39.0,52.0,51.0,1472,manual,95.0,26.0
287,VIDEO,311.0,912.0,37.0,45.0,47.0,1472,manual,96.0,31.0
288,VIDEO,276.0,906.0,40.0,53.0,52.0,1502,manual,81.0,50.0
289,VIDEO,273.0,662.0,40.0,54.0,53.0,1472,manual,100.0,38.0
290,VIDEO,361.0,662.0,39.0,51.0,52.0,1430,manual,100.0,42.0
291,VIDEO,355.0,881.0,39.0,49.0,50.0,1430,manual,100.0,40.0
292,VIDEO,40.0,668.0,38.0,43.0,47.0,300,manual,0.0,0.0
293,VIDEO,210.0,881.0,40.0,52.0,52.0,1502,manual,87.0,29.0
294,VIDEO,278.0,881.0,38.0,46.0,48.0,1472,manual,89.0,47.0
295,VIDEO,41.0,662.0,40.0,50.0,51.0,300,manual,0.0,0.0
296,VIDEO,143.0,668.0,39.0,51.0,53.0,1502,manual,65.0,8.0
297,VIDEO,228.0,918.0,39.0,51.0,52.0,1472,manual,100.0,51.0
298,VIDEO,285.0,850.0,40.0,53.0,54.0,1472,manual,100.0,39.0
299,VIDEO,257.0,862.0,39.0,50.0,51.0,1472,manual,100.0,52.0
300,VIDEO,252.0,893.0,38.0,48.0,50.0,1502,manual,97.0,39.0
301,VIDEO,39.0,668.0,38.0,44.0,48.0,300,manual,0.0,0.0
302,VIDEO,225.0,893.0,40.0,52.0,52.0,1502,manual,87.0,32.0
303,VIDEO,43.0,668.0,40.0,53.0,53.0,300,manual,0.0,0.0
304,VIDEO,294.0,662.0,40.0,52.0,53.0,1472,manual,100.0,56.0
305,VIDEO,297.0,662.0,39.0,51.0,52.0,1430,manual,100.0,52.0
306,VIDEO,262.0,862.0,38.0,50.0,51.0,1472,manual,100.0,50.0
307,VIDEO,300.0,875.0,38.0,48.0,49.0,1502,manual,99.0,40.0
308,VIDEO,312.0,893.0,38.0,47.0,49.0,1472,manual,96.0,38.0
309,VIDEO,302.0,912.0,37.0,45.0,48.0,1472,manual,90.0,25.0
310,VIDEO,298.0,925.0,36.0,42.0,45.0,1502,manual,89.0,32.0
311,VIDEO,39.0,893.0,36.0,41.0,44.0,300,manual,0.0,0.0
312,VIDEO,39.0,918.0,36.0,41.0,44.0,300,manual,0.0,0.0
313,VIDEO,39.0,918.0,36.0,41.0,44.0,300,manual,0.0,0.0
314,VIDEO,39.0,662.0,37.0,42.0,45.0,300,manual,0.0,0.0
315,VIDEO,39.0,662.0,37.0,42.0,46.0,300,manual,0.0,0.0
316,VIDEO,39.0,662.0,37.0,43.0,46.0,300,manual,0.0,0.0
317,VIDEO,39.0,668.0,37.0,45.0,48.0,300,manual,0.0,0.0
318,VIDEO,39.0,662.0,38.0,50.0,51.0,300,manual,0.0,0.0
319,VIDEO,251.0,925.0,38.0,50.0,51.0,1472,manual,100.0,45.0
320,VIDEO,39.0,906.0,36.0,41.0,45.0,300,manual,0.0,0.0
321,VIDEO,281.0,868.0,39.0,52.0,52.0,1472,manual,100.0,42.0
322,VIDEO,54.0,668.0,37.0,43.0,47.0,300,manual,1.0,0.0
323,VIDEO,39.0,675.0,37.0,43.0,47.0,300,manual,0.0,0.0
324,VIDEO,205.0,893.0,39.0,51.0,52.0,1502,manual,88.0,38.0
325,VIDEO,226.0,881.0,39.0,53.0,52.0,1502,manual,87.0,45.0
326,VIDEO,294.0,881.0,40.0,53.0,54.0,1472,manual,100.0,51.0
327,VIDEO,39.0,912.0,37.0,42.0,45.0,300,manual,0.0,0.0
328,VIDEO,39.0,925.0,37.0,41.0,46.0,300,manual,0.0,0.0
329,VIDEO,39.0,662.0,37.0,42.0,46.0,300,manual,0.0,0.0
330,VIDEO,39.0,662.0,37.0,42.0,46.0,300,manual,0.0,0.0
331,VIDEO,244.0,881.0,39.0,52.0,52.0,1502,manual,86.0,43.0
332,VIDEO,203.0,912.0,40.0,53.0,53.0,1502,manual,84.0,44.0
333,VIDEO,256.0,912.0,40.0,54.0,55.0,1502,manual,80.0,45.0
334,VIDEO,275.0,662.0,40.0,54.0,55.0,1472,manual,100.0,49.0
335,VIDEO,299.0,662.0,39.0,52.0,53.0,1430,manual,100.0,55.0
336,VIDEO,287.0,893.0,39.0,50.0,51.0,1472,manual,100.0,48.0
337,VIDEO,308.0,856.0,38.0,48.0,50.0,1472,manual,97.0,52.0
338,VIDEO,330.0,918.0,37.0,46.0,47.0,1472,manual,92.0,35.0
339,VIDEO,316.0,893.0,36.0,41.0,44.0,1502,manual,90.0,37.0
340,VIDEO,39.0,900.0,36.0,40.0,45.0,300,manual,0.0,0.0
341,VIDEO,288.0,881.0,39.0,49.0,50.0,1502,manual,83.0,36.0
342,VIDEO,311.0,893.0,40.0,53.0,50.0,1472,manual,96.0,29.0
343,VIDEO,324.0,893.0,40.0,54.0,52.0,1472,manual,96.0,30.0
344,VIDEO,316.0,906.0,40.0,54.0,51.0,1472,manual,91.0,37.0
345,VIDEO,328.0,881.0,41.0,54.0,51.0,1472,manual,92.0,37.0
346,VIDEO,326.0,900.0,41.0,54.0,53.0,1472,manual,93.0,32.0
347,VIDEO,253.0,906.0,41.0,54.0,53.0,1502,manual,88.0,24.0
348,VIDEO,257.0,875.0,41.0,55.0,53.0,1502,manual,83.0,15.0
349,VIDEO,269.0,893.0,41.0,55.0,53.0,1502,manual,90.0,29.0
350,VIDEO,318.0,900.0,41.0,55.0,53.0,1472,manual,92.0,31.0
351,VIDEO,325.0,912.0,41.0,54.0,53.0,1502,manual,92.0,42.0
352,VIDEO,315.0,912.0,41.0,55.0,53.0,1472,manual,92.0,36.0
353,VIDEO,310.0,893.0,41.0,55.0,53.0,1502,manual,90.0,25.0
354,VIDEO,270.0,925.0,41.0,55.0,54.0,1502,manual,86.0,40.0
355,VIDEO,325.0,862.0,42.0,56.0,53.0,1472,manual,96.0,39.0
356,VIDEO,315.0,912.0,42.0,55.0,53.0,1472,manual,97.0,39.0
357,VIDEO,270.0,887.0,42.0,56.0,54.0,1502,manual,90.0,37.0
358,VIDEO,320.0,931.0,42.0,55.0,54.0,1472,manual,93.0,44.0
359,VIDEO,248.0,906.0,42.0,56.0,53.0,1502,manual,86.0,44.0
360,VIDEO,242.0,881.0,43.0,56.0,54.0,1502,manual,81.0,15.0
361,VIDEO,329.0,906.0,42.0,57.0,54.0,1472,manual,92.0,26.0
362,VIDEO,300.0,900.0,42.0,56.0,55.0,1472,manual,90.0,32.0
363,VIDEO,318.0,875.0,42.0,56.0,54.0,1472,manual,90.0,34.0
364,VIDEO,191.0,906.0,42.0,57.0,54.0,1502,manual,84.0,29.0
365,VIDEO,243.0,893.0,42.0,56.0,54.0,1502,manual,84.0,43.0
366,VIDEO,314.0,906.0,43.0,56.0,54.0,1472,manual,90.0,35.0
367,VIDEO,322.0,881.0,41.0,51.0,52.0,1472,manual,92.0,51.0
368,VIDEO,291.0,906.0,40.0,47.0,50.0,1502,manual,87.0,30.0
369,VIDEO,44.0,668.0,43.0,56.0,56.0,300,manual,0.0,0.0
370,VIDEO,298.0,662.0,41.0,54.0,55.0,1430,manual,100.0,36.0
371,VIDEO,326.0,850.0,41.0,53.0,54.0,1430,manual,100.0,56.0
372,VIDEO,269.0,881.0,41.0,51.0,52.0,1502,manual,99.0,36.0
373,VIDEO,294.0,881.0,42.0,55.0,55.0,1502,manual,88.0,41.0
374,VIDEO,225.0,875.0,42.0,56.0,55.0,1502,manual,91.0,37.0
375,VIDEO,326.0,893.0,39.0,44.0,48.0,1472,manual,95.0,48.0
376,VIDEO,292.0,662.0,42.0,55.0,56.0,1472,manual,100.0,32.0
377,VIDEO,291.0,893.0,41.0,53.0,54.0,1430,manual,100.0,33.0
378,VIDEO,39.0,668.0,40.0,44.0,48.0,300,manual,0.0,0.0
379,VIDEO,40.0,668.0,39.0,44.0,47.0,300,manual,0.0,0.0
380,VIDEO,40.0,662.0,40.0,46.0,48.0,300,manual,0.0,0.0
381,VIDEO,41.0,668.0,40.0,47.0,49.0,300,manual,0.0,0.0
382,VIDEO,227.0,868.0,41.0,53.0,53.0,1502,manual,88.0,33.0
383,VIDEO,39.0,906.0,39.0,43.0,46.0,300,manual,0.0,0.0
384,VIDEO,39.0,887.0,39.0,43.0,47.0,300,manual,0.0,0.0
385,VIDEO,39.0,925.0,39.0,43.0,47.0,300,manual,0.0,0.0
386,VIDEO,55.0,662.0,39.0,44.0,47.0,300,manual,0.0,0.0
387,VIDEO,40.0,662.0,39.0,44.0,48.0,300,manual,0.0,0.0
388,VIDEO,313.0,875.0,41.0,53.0,53.0,1472,manual,97.0,52.0
389,VIDEO,312.0,912.0,41.0,54.0,54.0,1472,manual,98.0,39.0
390,VIDEO,71.0,887.0,38.0,43.0,46.0,1502,manual,42.0,13.0
391,VIDEO,39.0,912.0,38.0,43.0,46.0,300,manual,0.0,0.0
392,VIDEO,39.0,662.0,39.0,43.0,47.0,300,manual,0.0,0.0
393,VIDEO,338.0,900.0,41.0,54.0,54.0,1472,manual,99.0,37.0
394,VIDEO,297.0,912.0,40.0,50.0,51.0,1502,manual,92.0,29.0
395,VIDEO,270.0,893.0,38.0,47.0,49.0,1502,manual,90.0,26.0
396,VIDEO,245.0,918.0,38.0,44.0,47.0,1502,manual,87.0,33.0
397,VIDEO,220.0,893.0,41.0,54.0,55.0,1472,manual,100.0,36.0
398,VIDEO,39.0,912.0,38.0,43.0,47.0,300,manual,0.0,0.0
399,VIDEO,39.0,662.0,38.0,43.0,47.0,300,manual,0.0,0.0
400,VIDEO,40.0,662.0,39.0,43.0,47.0,300,manual,1.0,0.0
401,VIDEO,291.0,893.0,40.0,53.0,53.0,1502,manual,87.0,27.0
402,VIDEO,304.0,887.0,39.0,47.0,50.0,1472,manual,92.0,49.0
403,VIDEO,239.0,881.0,41.0,54.0,54.0,1502,manual,88.0,26.0
404,VIDEO,49.0,906.0,38.0,42.0,47.0,1502,manual,20.0,12.0
405,VIDEO,39.0,893.0,38.0,42.0,46.0,300,manual,0.0,0.0
406,VIDEO,39.0,925.0,38.0,43.0,46.0,300,manual,0.0,0.0
407,VIDEO,39.0,662.0,38.0,43.0,46.0,300,manual,0.0,0.0
408,VIDEO,39.0,662.0,38.0,43.0,47.0,300,manual,0.0,0.0
409,VIDEO,39.0,668.0,38.0,43.0,47.0,300,manual,0.0,0.0
410,VIDEO,41.0,662.0,38.0,44.0,47.0,300,manual,0.0,0.0
411,VIDEO,40.0,662.0,39.0,47.0,49.0,300,manual,0.0,0.0
412,VIDEO,41.0,662.0,40.0,52.0,52.0,300,manual,0.0,0.0
413,VIDEO,341.0,662.0,39.0,51.0,53.0,1430,manual,100.0,39.0
414,VIDEO,296.0,925.0,40.0,51.0,52.0,1430,manual,100.0,43.0
415,VIDEO,39.0,668.0,38.0,42.0,46.0,300,manual,0.0,0.0
416,VIDEO,267.0,906.0,40.0,53.0,53.0,1502,manual,99.0,48.0
417,VIDEO,40.0,662.0,39.0,45.0,49.0,300,manual,0.0,0.0
418,VIDEO,39.0,662.0,39.0,45.0,49.0,300,manual,0.0,0.0
419,VIDEO,41.0,662.0,39.0,48.0,50.0,300,manual,0.0,0.0
420,VIDEO,276.0,662.0,39.0,51.0,53.0,1472,manual,100.0,41.0
421,VIDEO,270.0,662.0,39.0,51.0,52.0,1502,manual,100.0,45.0
422,VIDEO,364.0,881.0,39.0,49.0,51.0,1430,manual,100.0,37.0
423,VIDEO,297.0,893.0,38.0,48.0,50.0,1502,manual,92.0,27.0
424,VIDEO,250.0,893.0,38.0,46.0,49.0,1502,manual,84.0,39.0
425,VIDEO,42.0,662.0,39.0,49.0,51.0,300,manual,0.0,0.0
426,VIDEO,288.0,893.0,40.0,52.0,53.0,1472,manual,100.0,55.0
427,VIDEO,254.0,662.0,40.0,54.0,54.0,1430,manual,100.0,54.0
428,VIDEO,255.0,881.0,39.0,51.0,52.0,1472,manual,100.0,43.0
429,VIDEO,40.0,662.0,38.0,43.0,47.0,300,manual,0.0,0.0
430,VIDEO,39.0,668.0,38.0,43.0,47.0,300,manual,0.0,0.0
431,VIDEO,262.0,906.0,40.0,53.0,52.0,1502,manual,88.0,47.0
432,VIDEO,306.0,875.0,38.0,46.0,50.0,1472,manual,95.0,47.0
433,VIDEO,250.0,900.0,38.0,45.0,47.0,1502,manual,87.0,32.0
434,VIDEO,306.0,918.0,40.0,53.0,52.0,1472,manual,95.0,50.0
435,VIDEO,278.0,662.0,40.0,54.0,54.0,1472,manual,100.0,46.0
436,VIDEO,251.0,662.0,39.0,51.0,53.0,1472,manual,100.0,33.0
437,VIDEO,323.0,875.0,39.0,50.0,52.0,1472,manual,100.0,40.0
438,VIDEO,40.0,662.0,38.0,43.0,46.0,300,manual,0.0,0.0
439,VIDEO,241.0,893.0,39.0,53.0,52.0,1502,manual,88.0,29.0
440,VIDEO,216.0,875.0,38.0,48.0,50.0,1502,manual,85.0,42.0
441,VIDEO,40.0,662.0,39.0,47.0,49.0,300,manual,0.0,0.0
442,VIDEO,227.0,893.0,40.0,52.0,52.0,1502,manual,85.0,28.0
443,VIDEO,40.0,925.0,37.0,42.0,46.0,300,manual,0.0,0.0
444,VIDEO,39.0,906.0,37.0,42.0,46.0,300,manual,0.0,0.0
445,VIDEO,39.0,925.0,37.0,42.0,46.0,300,manual,0.0,0.0
446,VIDEO,250.0,912.0,40.0,52.0,53.0,1502,manual,100.0,32.0
447,VIDEO,213.0,875.0,38.0,48.0,50.0,1502,manual,88.0,27.0
448,VIDEO,302.0,887.0,40.0,53.0,53.0,1472,manual,93.0,43.0
449,VIDEO,297.0,893.0,38.0,45.0,49.0,1502,manual,90.0,21.0
450,VIDEO,237.0,906.0,37.0,42.0,46.0,1502,manual,92.0,40.0
451,VIDEO,39.0,893.0,37.0,41.0,44.0,300,manual,0.0,0.0
452,VIDEO,271.0,893.0,40.0,53.0,54.0,1430,manual,100.0,46.0
453,VIDEO,39.0,925.0,38.0,42.0,46.0,300,manual,0.0,0.0
454,VIDEO,306.0,912.0,40.0,53.0,53.0,1430,manual,100.0,49.0
455,VIDEO,39.0,662.0,38.0,43.0,48.0,300,manual,0.0,0.0
456,VIDEO,252.0,881.0,40.0,53.0,53.0,1502,manual,86.0,25.0
457,VIDEO,331.0,912.0,38.0,47.0,48.0,1472,manual,92.0,26.0
458,VIDEO,238.0,906.0,37.0,41.0,46.0,1502,manual,76.0,39.0
459,VIDEO,39.0,918.0,37.0,41.0,44.0,300,manual,0.0,0.0
460,VIDEO,39.0,906.0,37.0,41.0,44.0,300,manual,0.0,0.0
461,VIDEO,286.0,868.0,40.0,53.0,52.0,1472,manual,100.0,44.0
462,VIDEO,285.0,843.0,39.0,50.0,52.0,1472,manual,100.0,41.0
463,VIDEO,274.0,893.0,38.0,49.0,49.0,1502,manual,99.0,49.0
464,VIDEO,204.0,881.0,38.0,47.0,49.0,1502,manual,90.0,37.0
465,VIDEO,222.0,918.0,40.0,53.0,52.0,1502,manual,90.0,39.0
466,VIDEO,308.0,875.0,40.0,54.0,54.0,1472,manual,92.0,38.0
467,VIDEO,222.0,912.0,37.0,42.0,47.0,1502,manual,86.0,29.0
468,VIDEO,286.0,662.0,41.0,54.0,54.0,1430,manual,100.0,40.0
469,VIDEO,288.0,943.0,40.0,52.0,53.0,1430,manual,100.0,38.0
470,VIDEO,281.0,875.0,41.0,54.0,54.0,1472,manual,100.0,52.0
471,VIDEO,288.0,881.0,41.0,54.0,54.0,1472,manual,100.0,43.0
472,VIDEO,39.0,662.0,39.0,44.0,49.0,300,manual,0.0,0.0
473,VIDEO,195.0,881.0,39.0,45.0,49.0,1502,manual,84.0,41.0
474,VIDEO,73.0,881.0,40.0,54.0,52.0,1502,manual,36.0,7.0
475,VIDEO,243.0,887.0,41.0,54.0,53.0,1502,manual,89.0,37.0
476,VIDEO,244.0,925.0,41.0,54.0,53.0,1502,manual,86.0,41.0
477,VIDEO,307.0,887.0,41.0,55.0,53.0,1472,manual,93.0,37.0
478,VIDEO,280.0,881.0,41.0,55.0,53.0,1472,manual,88.0,31.0
479,VIDEO,311.0,925.0,42.0,55.0,53.0,1472,manual,94.0,40.0
480,VIDEO,302.0,893.0,41.0,55.0,53.0,1472,manual,93.0,39.0
481,VIDEO,187.0,925.0,42.0,55.0,54.0,1502,manual,74.0,18.0
482,VIDEO,224.0,856.0,42.0,56.0,54.0,1502,manual,83.0,26.0
483,VIDEO,251.0,893.0,42.0,55.0,54.0,1502,manual,87.0,28.0
484,VIDEO,316.0,931.0,42.0,56.0,54.0,1472,manual,89.0,25.0
485,VIDEO,237.0,925.0,42.0,55.0,54.0,1472,manual,89.0,24.0
486,VIDEO,273.0,918.0,42.0,56.0,54.0,1472,manual,88.0,23.0
487,VIDEO,231.0,868.0,42.0,56.0,54.0,1502,manual,81.0,37.0
488,VIDEO,71.0,925.0,42.0,56.0,54.0,1502,manual,31.0,7.0
489,VIDEO,313.0,893.0,42.0,57.0,54.0,1472,manual,91.0,40.0
490,VIDEO,301.0,906.0,43.0,56.0,54.0,1472,manual,89.0,25.0
491,VIDEO,238.0,893.0,42.0,56.0,54.0,1502,manual,87.0,26.0
492,VIDEO,321.0,925.0,42.0,56.0,54.0,1472,manual,97.0,33.0
493,VIDEO,311.0,875.0,43.0,56.0,54.0,1502,manual,86.0,25.0
494,VIDEO,269.0,925.0,42.0,57.0,55.0,1502,manual,90.0,39.0
495,VIDEO,309.0,925.0,43.0,57.0,55.0,1472,manual,89.0,30.0
496,VIDEO,195.0,900.0,43.0,57.0,55.0,1502,manual,85.0,39.0
497,VIDEO,318.0,925.0,42.0,56.0,55.0,1472,manual,94.0,30.0
498,VIDEO,316.0,900.0,43.0,57.0,54.0,1472,manual,94.0,35.0
499,VIDEO,39.0,912.0,42.0,47.0,50.0,300,manual,0.0,0.0
500,VIDEO,39.0,906.0,41.0,44.0,49.0,300,manual,0.0,0.0
501,VIDEO,276.0,881.0,43.0,56.0,56.0,1430,manual,100.0,41.0
502,VIDEO,40.0,662.0,41.0,46.0,49.0,300,manual,1.0,0.0
503,VIDEO,40.0,662.0,41.0,46.0,50.0,300,manual,0.0,0.0
504,VIDEO,41.0,662.0,41.0,48.0,51.0,300,manual,0.0,0.0
505,VIDEO,225.0,887.0,42.0,53.0,53.0,1502,manual,83.0,35.0
506,VIDEO,41.0,906.0,40.0,44.0,47.0,1502,manual,15.0,26.0
507,VIDEO,40.0,925.0,39.0,44.0,46.0,300,manual,0.0,0.0
508,VIDEO,297.0,868.0,42.0,54.0,55.0,1472,manual,100.0,49.0
509,VIDEO,279.0,881.0,42.0,56.0,55.0,1502,manual,99.0,40.0
510,VIDEO,340.0,893.0,41.0,51.0,51.0,1472,manual,93.0,28.0
511,VIDEO,41.0,662.0,42.0,49.0,52.0,300,manual,0.0,0.0
512,VIDEO,227.0,925.0,42.0,54.0,55.0,1502,manual,91.0,30.0
513,VIDEO,310.0,668.0,43.0,56.0,56.0,1430,manual,100.0,35.0
514,VIDEO,296.0,925.0,42.0,53.0,55.0,1472,manual,100.0,55.0
515,VIDEO,313.0,893.0,42.0,55.0,55.0,1472,manual,100.0,50.0
516,VIDEO,41.0,662.0,41.0,47.0,50.0,300,manual,0.0,0.0
517,VIDEO,317.0,850.0,42.0,54.0,54.0,1472,manual,94.0,38.0
518,VIDEO,43.0,662.0,42.0,54.0,54.0,300,manual,0.0,0.0
519,VIDEO,229.0,868.0,42.0,54.0,55.0,1502,manual,100.0,35.0
520,VIDEO,39.0,893.0,40.0,44.0,47.0,300,manual,0.0,0.0
521,VIDEO,342.0,893.0,42.0,55.0,55.0,1430,manual,100.0,45.0
522,VIDEO,282.0,881.0,43.0,56.0,55.0,1472,manual,100.0,48.0
523,VIDEO,41.0,662.0,41.0,47.0,50.0,300,manual,0.0,0.0
524,VIDEO,301.0,881.0,42.0,55.0,55.0,1472,manual,95.0,30.0
525,VIDEO,311.0,906.0,40.0,46.0,50.0,1472,manual,97.0,39.0
526,VIDEO,296.0,925.0,42.0,55.0,55.0,1472,manual,100.0,45.0
527,VIDEO,295.0,668.0,43.0,56.0,56.0,1430,manual,100.0,57.0
528,VIDEO,295.0,906.0,42.0,54.0,55.0,1472,manual,100.0,38.0
529,VIDEO,39.0,668.0,40.0,45.0,49.0,300,manual,0.0,0.0
530,VIDEO,39.0,675.0,40.0,45.0,49.0,300,manual,0.0,0.0
531,VIDEO,40.0,662.0,40.0,46.0,50.0,300,manual,0.0,0.0
532,VIDEO,329.0,912.0,41.0,53.0,52.0,1472,manual,92.0,41.0
533,VIDEO,39.0,906.0,39.0,43.0,47.0,300,manual,0.0,0.0
534,VIDEO,39.0,925.0,39.0,43.0,47.0,300,manual,0.0,0.0
535,VIDEO,311.0,875.0,42.0,54.0,55.0,1430,manual,100.0,50.0
536,VIDEO,259.0,881.0,42.0,56.0,55.0,1502,manual,98.0,41.0
537,VIDEO,42.0,662.0,41.0,47.0,51.0,300,manual,0.0,0.0
538,VIDEO,199.0,925.0,41.0,54.0,53.0,1502,manual,89.0,32.0
539,VIDEO,247.0,912.0,42.0,56.0,56.0,1472,manual,100.0,43.0
540,VIDEO,289.0,906.0,43.0,56.0,56.0,1472,manual,100.0,31.0
541,VIDEO,39.0,925.0,40.0,45.0,49.0,300,manual,0.0,0.0
542,VIDEO,293.0,881.0,42.0,55.0,55.0,1472,manual,100.0,35.0
543,VIDEO,40.0,662.0,41.0,46.0,49.0,300,manual,0.0,0.0
544,VIDEO,40.0,931.0,41.0,47.0,50.0,300,manual,0.0,0.0
545,VIDEO,314.0,862.0,42.0,53.0,54.0,1472,manual,96.0,33.0
546,VIDEO,205.0,925.0,39.0,43.0,47.0,1502,manual,58.0,21.0
547,VIDEO,286.0,881.0,42.0,55.0,56.0,1472,manual,100.0,33.0
548,VIDEO,39.0,912.0,40.0,44.0,48.0,300,manual,0.0,0.0
549,VIDEO,39.0,662.0,39.0,44.0,48.0,300,manual,0.0,0.0
550,VIDEO,307.0,893.0,41.0,54.0,54.0,1430,manual,99.0,36.0
551,VIDEO,304.0,887.0,40.0,50.0,51.0,1472,manual,96.0,45.0
552,VIDEO,233.0,881.0,40.0,48.0,50.0,1502,manual,92.0,33.0
553,VIDEO,43.0,668.0,42.0,52.0,53.0,300,manual,0.0,0.0
554,VIDEO,284.0,887.0,41.0,53.0,55.0,1472,manual,100.0,50.0
555,VIDEO,39.0,868.0,39.0,43.0,47.0,300,manual,0.0,0.0
556,VIDEO,39.0,662.0,39.0,43.0,46.0,300,manual,0.0,0.0
557,VIDEO,55.0,662.0,39.0,44.0,47.0,300,manual,0.0,0.0
558,VIDEO,311.0,875.0,41.0,54.0,53.0,1472,manual,94.0,42.0
559,VIDEO,242.0,887.0,39.0,49.0,51.0,1502,manual,87.0,31.0
560,VIDEO,292.0,906.0,41.0,54.0,53.0,1502,manual,92.0,26.0
561,VIDEO,101.0,906.0,42.0,55.0,55.0,1502,manual,53.0,22.0
562,VIDEO,299.0,881.0,42.0,56.0,56.0,1472,manual,100.0,35.0
563,VIDEO,39.0,925.0,40.0,44.0,48.0,300,manual,0.0,0.0
564,VIDEO,40.0,662.0,39.0,44.0,47.0,300,manual,0.0,0.0
565,VIDEO,39.0,662.0,39.0,44.0,47.0,300,manual,0.0,0.0
566,VIDEO,40.0,662.0,40.0,45.0,48.0,300,manual,0.0,0.0
567,VIDEO,238.0,881.0,41.0,54.0,53.0,1502,manual,88.0,33.0
568,VIDEO,239.0,893.0,42.0,55.0,54.0,1502,manual,89.0,47.0
569,VIDEO,39.0,887.0,39.0,43.0,46.0,300,manual,0.0,0.0
570,VIDEO,283.0,668.0,42.0,54.0,56.0,1472,manual,100.0,47.0
571,VIDEO,293.0,662.0,41.0,52.0,54.0,1472,manual,100.0,38.0
572,VIDEO,303.0,856.0,41.0,51.0,52.0,1430,manual,100.0,47.0
573,VIDEO,274.0,850.0,42.0,54.0,55.0,1502,manual,99.0,52.0
574,VIDEO,322.0,893.0,40.0,50.0,51.0,1472,manual,97.0,32.0
575,VIDEO,299.0,881.0,41.0,54.0,54.0,1502,manual,89.0,27.0
576,VIDEO,213.0,887.0,39.0,45.0,49.0,1502,manual,86.0,50.0
577,VIDEO,261.0,893.0,42.0,55.0,56.0,1472,manual,100.0,49.0
578,VIDEO,39.0,912.0,39.0,43.0,48.0,300,manual,0.0,0.0
579,VIDEO,39.0,912.0,39.0,43.0,47.0,300,manual,0.0,0.0
580,VIDEO,40.0,662.0,39.0,43.0,47.0,300,manual,0.0,0.0
581,VIDEO,39.0,662.0,39.0,43.0,48.0,300,manual,0.0,0.0
582,VIDEO,284.0,875.0,41.0,54.0,53.0,1472,manual,91.0,37.0
583,VIDEO,302.0,906.0,39.0,46.0,49.0,1502,manual,90.0,29.0
584,VIDEO,305.0,906.0,38.0,43.0,47.0,1472,manual,96.0,29.0
585,VIDEO,278.0,900.0,41.0,54.0,55.0,1472,manual,100.0,44.0
586,VIDEO,261.0,900.0,41.0,55.0,56.0,1430,manual,100.0,43.0
587,VIDEO,39.0,668.0,39.0,44.0,48.0,300,manual,0.0,0.0
588,VIDEO,301.0,875.0,41.0,53.0,53.0,1502,manual,94.0,37.0
589,VIDEO,302.0,893.0,42.0,55.0,54.0,1472,manual,96.0,40.0
590,VIDEO,42.0,668.0,41.0,51.0,52.0,300,manual,0.0,0.0
591,VIDEO,62.0,906.0,42.0,53.0,55.0,1502,manual,21.0,3.0
592,VIDEO,39.0,893.0,39.0,43.0,47.0,300,manual,0.0,0.0
593,VIDEO,298.0,925.0,42.0,54.0,55.0,1430,manual,100.0,53.0
594,VIDEO,262.0,906.0,42.0,55.0,56.0,1430,manual,100.0,37.0
595,VIDEO,319.0,893.0,42.0,54.0,53.0,1472,manual,91.0,44.0
596,VIDEO,320.0,893.0,42.0,55.0,54.0,1472,manual,93.0,24.0
597,VIDEO,257.0,906.0,42.0,56.0,54.0,1502,manual,87.0,45.0
598,VIDEO,304.0,875.0,42.0,56.0,54.0,1502,manual,94.0,39.0
599,VIDEO,226.0,906.0,42.0,56.0,54.0,1502,manual,84.0,43.0
600,VIDEO,324.0,906.0,42.0,56.0,55.0,1472,manual,96.0,27.0
601,VIDEO,247.0,881.0,43.0,56.0,55.0,1502,manual,83.0,35.0
602,VIDEO,321.0,881.0,43.0,56.0,54.0,1472,manual,94.0,44.0
603,VIDEO,132.0,906.0,43.0,57.0,55.0,1502,manual,59.0,29.0
604,VIDEO,325.0,862.0,43.0,57.0,54.0,1472,manual,93.0,36.0
605,VIDEO,316.0,900.0,43.0,57.0,54.0,1472,manual,91.0,25.0
606,VIDEO,253.0,918.0,43.0,57.0,54.0,1502,manual,87.0,35.0
607,VIDEO,246.0,912.0,43.0,57.0,55.0,1502,manual,85.0,25.0
608,VIDEO,295.0,925.0,43.0,57.0,55.0,1502,manual,87.0,41.0
609,VIDEO,340.0,906.0,43.0,57.0,55.0,1472,manual,90.0,32.0
610,VIDEO,252.0,893.0,43.0,57.0,54.0,1502,manual,90.0,30.0
611,VIDEO,252.0,881.0,43.0,57.0,55.0,1472,manual,92.0,43.0
612,VIDEO,260.0,881.0,43.0,58.0,55.0,1502,manual,87.0,36.0
613,VIDEO,291.0,925.0,44.0,57.0,55.0,1502,manual,88.0,24.0
614,VIDEO,262.0,900.0,43.0,58.0,55.0,1472,manual,87.0,28.0
615,VIDEO,213.0,906.0,43.0,58.0,56.0,1502,manual,82.0,34.0
616,VIDEO,328.0,893.0,44.0,57.0,55.0,1472,manual,90.0,30.0
617,VIDEO,326.0,881.0,44.0,57.0,55.0,1472,manual,95.0,37.0
618,VIDEO,301.0,906.0,44.0,58.0,55.0,1472,manual,92.0,25.0
619,VIDEO,264.0,906.0,44.0,58.0,56.0,1472,manual,91.0,37.0
620,VIDEO,323.0,925.0,44.0,57.0,56.0,1472,manual,92.0,27.0
621,VIDEO,234.0,850.0,43.0,53.0,54.0,1502,manual,86.0,47.0
622,VIDEO,299.0,900.0,44.0,57.0,57.0,1502,manual,94.0,50.0
623,VIDEO,305.0,668.0,44.0,57.0,59.0,1404,manual,100.0,41.0
624,VIDEO,296.0,668.0,43.0,55.0,55.0,1430,manual,100.0,44.0
625,VIDEO,248.0,875.0,43.0,54.0,55.0,1472,manual,100.0,51.0
626,VIDEO,283.0,881.0,43.0,57.0,57.0,1472,manual,100.0,56.0
627,VIDEO,325.0,893.0,44.0,58.0,56.0,1472,manual,92.0,51.0
628,VIDEO,217.0,906.0,42.0,51.0,53.0,1502,manual,92.0,43.0
629,VIDEO,44.0,662.0,43.0,56.0,55.0,300,manual,0.0,0.0
630,VIDEO,256.0,668.0,43.0,55.0,56.0,1430,manual,100.0,42.0
631,VIDEO,298.0,662.0,42.0,54.0,55.0,1472,manual,100.0,36.0
632,VIDEO,280.0,881.0,42.0,53.0,54.0,1472,manual,100.0,57.0
633,VIDEO,40.0,662.0,42.0,46.0,50.0,1502,manual,0.0,0.0
634,VIDEO,41.0,662.0,41.0,47.0,50.0,300,manual,0.0,0.0
635,VIDEO,43.0,662.0,41.0,48.0,51.0,300,manual,0.0,0.0
636,VIDEO,41.0,668.0,42.0,52.0,52.0,300,manual,0.0,0.0
637,VIDEO,254.0,937.0,42.0,54.0,55.0,1472,manual,100.0,45.0
638,VIDEO,39.0,893.0,40.0,44.0,47.0,300,manual,0.0,0.0
639,VIDEO,333.0,893.0,42.0,55.0,56.0,1430,manual,100.0,53.0
640,VIDEO,290.0,856.0,43.0,56.0,56.0,1472,manual,99.0,39.0
641,VIDEO,233.0,893.0,43.0,57.0,56.0,1502,manual,88.0,30.0
642,VIDEO,217.0,906.0,41.0,49.0,52.0,1502,manual,86.0,26.0
643,VIDEO,263.0,881.0,43.0,57.0,57.0,1502,manual,65.0,32.0
644,VIDEO,39.0,893.0,41.0,45.0,49.0,300,manual,0.0,0.0
645,VIDEO,352.0,875.0,43.0,55.0,55.0,1430,manual,100.0,36.0
646,VIDEO,277.0,893.0,42.0,53.0,53.0,1472,manual,100.0,44.0
647,VIDEO,295.0,893.0,43.0,56.0,55.0,1502,manual,99.0,40.0
648,VIDEO,42.0,862.0,42.0,49.0,51.0,300,manual,0.0,0.0
649,VIDEO,252.0,893.0,42.0,54.0,54.0,1502,manual,91.0,32.0
650,VIDEO,270.0,875.0,39.0,44.0,49.0,1502,manual,80.0,44.0
651,VIDEO,281.0,662.0,42.0,55.0,56.0,1472,manual,100.0,47.0
652,VIDEO,337.0,875.0,42.0,54.0,54.0,1430,manual,100.0,55.0
653,VIDEO,281.0,850.0,41.0,52.0,53.0,1472,manual,99.0,44.0
654,VIDEO,314.0,831.0,43.0,55.0,54.0,1472,manual,92.0,49.0
655,VIDEO,250.0,893.0,42.0,56.0,56.0,1502,manual,92.0,29.0
656,VIDEO,262.0,912.0,43.0,56.0,57.0,1502,manual,79.0,25.0
657,VIDEO,286.0,893.0,43.0,57.0,58.0,1472,manual,100.0,45.0
658,VIDEO,39.0,662.0,41.0,45.0,49.0,300,manual,0.0,0.0
659,VIDEO,258.0,875.0,43.0,56.0,55.0,1502,manual,99.0,39.0
660,VIDEO,258.0,862.0,42.0,51.0,53.0,1502,manual,85.0,27.0
661,VIDEO,236.0,912.0,43.0,55.0,56.0,1502,manual,89.0,28.0
662,VIDEO,330.0,893.0,43.0,56.0,56.0,1502,manual,76.0,47.0
663,VIDEO,39.0,881.0,40.0,44.0,49.0,300,manual,0.0,0.0
664,VIDEO,296.0,931.0,43.0,56.0,57.0,1472,manual,100.0,49.0
665,VIDEO,40.0,662.0,41.0,46.0,49.0,300,manual,0.0,0.0
666,VIDEO,224.0,893.0,43.0,55.0,55.0,1502,manual,99.0,37.0
667,VIDEO,307.0,875.0,43.0,57.0,55.0,1472,manual,90.0,32.0
668,VIDEO,315.0,900.0,43.0,56.0,56.0,1472,manual,91.0,31.0
669,VIDEO,294.0,881.0,43.0,57.0,57.0,1430,manual,100.0,49.0
670,VIDEO,276.0,906.0,44.0,58.0,57.0,1430,manual,100.0,40.0
671,VIDEO,292.0,856.0,44.0,57.0,58.0,1430,manual,100.0,41.0
672,VIDEO,278.0,868.0,42.0,53.0,54.0,1472,manual,99.0,48.0
673,VIDEO,250.0,868.0,43.0,57.0,56.0,1502,manual,90.0,39.0
674,VIDEO,266.0,912.0,42.0,50.0,52.0,1472,manual,92.0,30.0
675,VIDEO,301.0,881.0,40.0,46.0,50.0,1502,manual,95.0,45.0
676,VIDEO,279.0,893.0,43.0,56.0,57.0,1472,manual,100.0,41.0
677,VIDEO,262.0,912.0,43.0,57.0,56.0,1472,manual,100.0,40.0
678,VIDEO,287.0,843.0,43.0,57.0,57.0,1472,manual,100.0,33.0
679,VIDEO,283.0,862.0,44.0,58.0,57.0,1502,manual,99.0,41.0
680,VIDEO,264.0,825.0,44.0,58.0,57.0,1502,manual,89.0,46.0
681,VIDEO,325.0,906.0,42.0,49.0,52.0,1472,manual,93.0,49.0
682,VIDEO,259.0,906.0,44.0,56.0,57.0,1472,manual,100.0,56.0
683,VIDEO,256.0,906.0,44.0,57.0,58.0,1472,manual,100.0,44.0
684,VIDEO,39.0,668.0,42.0,46.0,50.0,300,manual,0.0,0.0
685,VIDEO,274.0,900.0,43.0,56.0,56.0,1502,manual,99.0,32.0
686,VIDEO,316.0,881.0,42.0,52.0,53.0,1472,manual,93.0,41.0
687,VIDEO,317.0,906.0,44.0,56.0,56.0,1472,manual,92.0,32.0
688,VIDEO,324.0,875.0,41.0,46.0,50.0,1472,manual,90.0,47.0
689,VIDEO,39.0,887.0,41.0,44.0,48.0,300,manual,0.0,0.0
690,VIDEO,39.0,881.0,40.0,44.0,48.0,300,manual,0.0,0.0
691,VIDEO,264.0,875.0,43.0,55.0,56.0,1430,manual,100.0,56.0
692,VIDEO,39.0,662.0,41.0,46.0,50.0,300,manual,0.0,0.0
693,VIDEO,41.0,662.0,41.0,46.0,50.0,300,manual,0.0,0.0
694,VIDEO,323.0,875.0,43.0,55.0,55.0,1472,manual,94.0,35.0
695,VIDEO,44.0,662.0,43.0,53.0,54.0,300,manual,0.0,0.0
696,VIDEO,296.0,893.0,42.0,55.0,56.0,1472,manual,100.0,49.0
697,VIDEO,291.0,875.0,43.0,56.0,57.0,1472,manual,100.0,35.0
698,VIDEO,40.0,662.0,41.0,46.0,50.0,300,manual,0.0,0.0
699,VIDEO,54.0,662.0,41.0,45.0,49.0,300,manual,2.0,0.0
700,VIDEO,310.0,887.0,42.0,54.0,54.0,1472,manual,96.0,39.0
701,VIDEO,325.0,893.0,42.0,56.0,56.0,1472,manual,92.0,47.0
702,VIDEO,75.0,912.0,41.0,44.0,48.0,1502,manual,24.0,8.0
703,VIDEO,364.0,906.0,43.0,55.0,55.0,1430,manual,100.0,38.0
704,VIDEO,286.0,881.0,43.0,56.0,56.0,1472,manual,100.0,43.0
705,VIDEO,264.0,893.0,43.0,57.0,55.0,1472,manual,99.0,56.0
706,VIDEO,323.0,856.0,41.0,52.0,52.0,1472,manual,93.0,48.0
707,VIDEO,302.0,887.0,43.0,56.0,56.0,1472,manual,93.0,51.0
708,VIDEO,327.0,912.0,43.0,57.0,56.0,1472,manual,92.0,47.0
709,VIDEO,40.0,893.0,41.0,45.0,49.0,300,manual,0.0,0.0
710,VIDEO,325.0,893.0,42.0,54.0,53.0,1472,manual,92.0,46.0
711,VIDEO,273.0,906.0,43.0,57.0,55.0,1502,manual,87.0,32.0
712,VIDEO,327.0,912.0,43.0,57.0,54.0,1472,manual,91.0,43.0
713,VIDEO,317.0,912.0,43.0,57.0,55.0,1472,manual,88.0,26.0
714,VIDEO,276.0,912.0,43.0,57.0,55.0,1502,manual,89.0,37.0
715,VIDEO,315.0,912.0,43.0,57.0,54.0,1472,manual,94.0,37.0
716,VIDEO,268.0,931.0,43.0,57.0,55.0,1502,manual,92.0,44.0
717,VIDEO,316.0,900.0,44.0,58.0,56.0,1472,manual,93.0,38.0
718,VIDEO,317.0,912.0,43.0,57.0,56.0,1472,manual,89.0,26.0
719,VIDEO,234.0,906.0,44.0,57.0,55.0,1502,manual,85.0,26.0
720,VIDEO,93.0,900.0,44.0,58.0,55.0,1502,manual,58.0,6.0
721,VIDEO,337.0,906.0,44.0,58.0,56.0,1472,manual,92.0,32.0
722,VIDEO,309.0,881.0,44.0,58.0,56.0,1472,manual,95.0,37.0
723,VIDEO,314.0,887.0,44.0,58.0,55.0,1472,manual,93.0,39.0
724,VIDEO,256.0,906.0,44.0,58.0,55.0,1502,manual,89.0,41.0
725,VIDEO,250.0,893.0,44.0,58.0,56.0,1502,manual,81.0,34.0
726,VIDEO,323.0,887.0,44.0,58.0,56.0,1472,manual,93.0,42.0
727,VIDEO,279.0,925.0,44.0,58.0,56.0,1472,manual,89.0,26.0
728,VIDEO,259.0,893.0,44.0,58.0,56.0,1472,manual,90.0,27.0
729,VIDEO,325.0,906.0,45.0,59.0,55.0,1472,manual,95.0,42.0
730,VIDEO,319.0,906.0,45.0,59.0,56.0,1472,manual,96.0,46.0
731,VIDEO,243.0,875.0,45.0,58.0,56.0,1472,manual,91.0,29.0
732,VIDEO,225.0,906.0,45.0,58.0,56.0,1502,manual,84.0,25.0
733,VIDEO,321.0,893.0,45.0,59.0,56.0,1472,manual,95.0,35.0
734,VIDEO,262.0,912.0,44.0,59.0,57.0,1502,manual,86.0,28.0
735,VIDEO,238.0,906.0,44.0,59.0,57.0,1502,manual,85.0,32.0
736,VIDEO,43.0,675.0,44.0,54.0,53.0,300,manual,0.0,0.0
737,VIDEO,40.0,668.0,41.0,45.0,48.0,300,manual,0.0,0.0
738,VIDEO,39.0,662.0,41.0,43.0,47.0,300,manual,0.0,0.0
739,VIDEO,39.0,925.0,40.0,43.0,46.0,300,manual,0.0,0.0
