index,power_profile,power_usage,voltage,edge_temperature,junction_temperature,memory_temperature,sclk,performance,gpu_usage,memory_usage
0,COMPUTE,39.0,668.0,38.0,42.0,45.0,300,manual,0.0,0.0
1,COMPUTE,39.0,662.0,38.0,42.0,45.0,300,manual,0.0,0.0
2,COMPUTE,39.0,675.0,38.0,42.0,45.0,300,manual,0.0,0.0
3,COMPUTE,39.0,662.0,38.0,41.0,44.0,300,manual,0.0,0.0
4,COMPUTE,39.0,662.0,37.0,41.0,44.0,300,manual,0.0,0.0
5,COMPUTE,39.0,662.0,37.0,41.0,44.0,300,manual,0.0,0.0
6,COMPUTE,39.0,662.0,37.0,41.0,44.0,300,manual,0.0,0.0
7,COMPUTE,39.0,662.0,36.0,40.0,44.0,300,manual,0.0,0.0
8,COMPUTE,39.0,662.0,36.0,40.0,43.0,300,manual,0.0,0.0
9,COMPUTE,39.0,668.0,36.0,40.0,43.0,300,manual,0.0,0.0
10,COMPUTE,309.0,918.0,39.0,51.0,46.0,1472,manual,99.0,10.0
11,COMPUTE,265.0,881.0,39.0,49.0,46.0,1502,manual,99.0,13.0
12,COMPUTE,285.0,893.0,41.0,56.0,48.0,1472,manual,100.0,11.0
13,COMPUTE,254.0,881.0,41.0,56.0,48.0,1472,manual,99.0,12.0
14,COMPUTE,281.0,900.0,42.0,56.0,48.0,1472,manual,99.0,14.0
15,COMPUTE,229.0,881.0,41.0,57.0,49.0,1502,manual,99.0,8.0
16,COMPUTE,293.0,893.0,42.0,58.0,49.0,1472,manual,100.0,10.0
17,COMPUTE,289.0,881.0,42.0,55.0,48.0,1472,manual,100.0,13.0
18,COMPUTE,302.0,862.0,42.0,57.0,49.0,1472,manual,100.0,9.0
19,COMPUTE,223.0,881.0,42.0,56.0,49.0,1502,manual,99.0,9.0
20,COMPUTE,303.0,881.0,43.0,58.0,48.0,1472,manual,99.0,10.0
21,COMPUTE,277.0,856.0,43.0,58.0,49.0,1472,manual,99.0,14.0
22,COMPUTE,295.0,881.0,42.0,57.0,49.0,1430,manual,99.0,11.0
23,COMPUTE,316.0,906.0,43.0,59.0,50.0,1472,manual,99.0,12.0
24,COMPUTE,283.0,881.0,43.0,58.0,50.0,1472,manual,99.0,10.0
25,COMPUTE,272.0,881.0,44.0,59.0,50.0,1472,manual,99.0,12.0
26,COMPUTE,316.0,893.0,44.0,59.0,50.0,1430,manual,100.0,14.0
27,COMPUTE,308.0,918.0,44.0,59.0,50.0,1430,manual,100.0,12.0
28,COMPUTE,261.0,881.0,43.0,59.0,51.0,1472,manual,100.0,9.0
29,COMPUTE,240.0,662.0,44.0,59.0,49.0,1472,manual,99.0,9.0
30,COMPUTE,237.0,893.0,44.0,59.0,50.0,1502,manual,100.0,13.0
31,COMPUTE,275.0,675.0,44.0,59.0,50.0,1502,manual,100.0,11.0
32,COMPUTE,335.0,881.0,44.0,59.0,50.0,1430,manual,100.0,11.0
33,COMPUTE,333.0,925.0,43.0,58.0,50.0,1472,manual,99.0,11.0
34,COMPUTE,271.0,881.0,44.0,58.0,50.0,1472,manual,100.0,12.0
35,COMPUTE,279.0,893.0,44.0,60.0,51.0,1472,manual,99.0,13.0
36,COMPUTE,337.0,881.0,44.0,58.0,50.0,1472,manual,100.0,13.0
37,COMPUTE,224.0,856.0,44.0,60.0,50.0,1502,manual,100.0,11.0
38,COMPUTE,293.0,881.0,45.0,60.0,50.0,1472,manual,100.0,10.0
39,COMPUTE,307.0,875.0,45.0,60.0,51.0,1472,manual,100.0,12.0
40,COMPUTE,44.0,931.0,44.0,55.0,50.0,300,manual,0.0,0.0
41,COMPUTE,290.0,881.0,45.0,60.0,51.0,1472,manual,100.0,14.0
42,COMPUTE,242.0,881.0,45.0,61.0,52.0,1502,manual,99.0,12.0
43,COMPUTE,325.0,881.0,45.0,61.0,52.0,1472,manual,100.0,9.0
44,COMPUTE,313.0,881.0,46.0,61.0,52.0,1472,manual,100.0,7.0
45,COMPUTE,294.0,887.0,44.0,54.0,51.0,1472,manual,99.0,10.0
46,COMPUTE,307.0,662.0,46.0,61.0,52.0,1472,manual,100.0,11.0
47,COMPUTE,273.0,881.0,45.0,61.0,52.0,1430,manual,100.0,14.0
48,COMPUTE,251.0,881.0,45.0,61.0,52.0,1472,manual,100.0,9.0
49,COMPUTE,294.0,856.0,45.0,61.0,52.0,1472,manual,99.0,11.0
50,COMPUTE,276.0,893.0,46.0,61.0,52.0,1502,manual,100.0,12.0
51,COMPUTE,307.0,881.0,46.0,62.0,51.0,1472,manual,100.0,11.0
52,COMPUTE,44.0,906.0,45.0,59.0,50.0,300,manual,0.0,0.0
53,COMPUTE,248.0,906.0,45.0,61.0,52.0,1502,manual,100.0,12.0
54,COMPUTE,332.0,893.0,46.0,61.0,52.0,1430,manual,100.0,11.0
55,COMPUTE,258.0,887.0,45.0,61.0,52.0,1472,manual,100.0,12.0
56,COMPUTE,272.0,881.0,46.0,62.0,52.0,1472,manual,100.0,11.0
57,COMPUTE,287.0,912.0,46.0,62.0,52.0,1472,manual,100.0,14.0
58,COMPUTE,278.0,887.0,46.0,61.0,52.0,1430,manual,100.0,11.0
59,COMPUTE,303.0,856.0,46.0,62.0,52.0,1472,manual,100.0,11.0
60,COMPUTE,279.0,662.0,46.0,62.0,53.0,1430,manual,100.0,10.0
61,COMPUTE,270.0,881.0,46.0,62.0,52.0,1472,manual,99.0,12.0
62,COMPUTE,283.0,881.0,46.0,62.0,53.0,1472,manual,99.0,9.0
63,COMPUTE,44.0,887.0,46.0,57.0,52.0,300,manual,0.0,0.0
64,COMPUTE,298.0,881.0,46.0,62.0,53.0,1472,manual,100.0,11.0
65,COMPUTE,246.0,887.0,46.0,62.0,53.0,1502,manual,100.0,12.0
66,COMPUTE,302.0,881.0,47.0,62.0,53.0,1472,manual,100.0,11.0
67,COMPUTE,337.0,662.0,47.0,62.0,53.0,1430,manual,99.0,11.0
68,COMPUTE,306.0,881.0,47.0,62.0,53.0,1472,manual,100.0,14.0
69,COMPUTE,288.0,906.0,46.0,61.0,53.0,1472,manual,100.0,11.0
70,COMPUTE,281.0,881.0,46.0,62.0,52.0,1472,manual,100.0,11.0
71,COMPUTE,280.0,881.0,46.0,61.0,53.0,1430,manual,100.0,11.0
72,COMPUTE,327.0,887.0,47.0,63.0,53.0,1430,manual,100.0,14.0
73,COMPUTE,261.0,881.0,46.0,60.0,53.0,1472,manual,99.0,10.0
74,COMPUTE,248.0,887.0,47.0,63.0,53.0,1502,manual,100.0,12.0
75,COMPUTE,300.0,881.0,47.0,63.0,53.0,1472,manual,100.0,10.0
76,COMPUTE,307.0,856.0,46.0,61.0,53.0,1472,manual,100.0,11.0
77,COMPUTE,295.0,893.0,47.0,62.0,53.0,1472,manual,99.0,12.0
78,COMPUTE,269.0,881.0,47.0,63.0,53.0,1472,manual,100.0,14.0
79,COMPUTE,281.0,881.0,47.0,63.0,53.0,1472,manual,100.0,10.0
80,COMPUTE,289.0,893.0,47.0,63.0,53.0,1472,manual,99.0,10.0
81,COMPUTE,304.0,881.0,47.0,62.0,53.0,1472,manual,100.0,13.0
82,COMPUTE,281.0,881.0,47.0,63.0,53.0,1472,manual,100.0,12.0
83,COMPUTE,297.0,887.0,47.0,61.0,53.0,1472,manual,100.0,10.0
84,COMPUTE,273.0,893.0,47.0,63.0,53.0,1430,manual,100.0,11.0
85,COMPUTE,272.0,856.0,47.0,62.0,53.0,1430,manual,100.0,14.0
86,COMPUTE,309.0,856.0,47.0,63.0,54.0,1430,manual,100.0,10.0
87,COMPUTE,339.0,893.0,47.0,63.0,54.0,1430,manual,100.0,12.0
88,COMPUTE,301.0,900.0,47.0,63.0,54.0,1430,manual,99.0,13.0
89,COMPUTE,223.0,856.0,48.0,63.0,54.0,1502,manual,99.0,9.0
90,COMPUTE,303.0,881.0,47.0,59.0,52.0,1472,manual,100.0,14.0
91,COMPUTE,297.0,887.0,48.0,63.0,54.0,1430,manual,100.0,14.0
92,COMPUTE,289.0,875.0,48.0,63.0,54.0,1472,manual,99.0,11.0
93,COMPUTE,275.0,881.0,48.0,63.0,54.0,1472,manual,100.0,12.0
94,COMPUTE,293.0,881.0,48.0,63.0,54.0,1472,manual,100.0,12.0
95,COMPUTE,302.0,906.0,47.0,63.0,54.0,1472,manual,99.0,14.0
96,COMPUTE,274.0,862.0,48.0,62.0,53.0,1472,manual,100.0,10.0
97,COMPUTE,59.0,881.0,48.0,61.0,53.0,300,manual,1.0,0.0
98,COMPUTE,277.0,906.0,48.0,63.0,54.0,1472,manual,100.0,12.0
99,COMPUTE,277.0,881.0,48.0,63.0,54.0,1430,manual,100.0,12.0
100,COMPUTE,285.0,906.0,48.0,64.0,53.0,1472,manual,100.0,12.0
101,COMPUTE,310.0,893.0,46.0,54.0,51.0,1502,manual,97.0,11.0
102,COMPUTE,275.0,881.0,48.0,63.0,54.0,1430,manual,100.0,14.0
103,COMPUTE,289.0,881.0,48.0,63.0,54.0,1472,manual,99.0,11.0
104,COMPUTE,283.0,881.0,48.0,62.0,54.0,1430,manual,100.0,11.0
105,COMPUTE,287.0,881.0,48.0,62.0,54.0,1472,manual,100.0,11.0
106,COMPUTE,291.0,893.0,48.0,63.0,54.0,1472,manual,100.0,12.0
107,COMPUTE,318.0,887.0,48.0,63.0,54.0,1430,manual,100.0,13.0
108,COMPUTE,338.0,881.0,48.0,63.0,53.0,1430,manual,100.0,14.0
109,COMPUTE,283.0,900.0,48.0,64.0,53.0,1430,manual,100.0,13.0
110,COMPUTE,214.0,887.0,47.0,61.0,54.0,1502,manual,99.0,12.0
111,COMPUTE,222.0,662.0,49.0,63.0,53.0,1472,manual,100.0,13.0
112,COMPUTE,269.0,881.0,48.0,63.0,54.0,1430,manual,100.0,12.0
113,COMPUTE,291.0,881.0,48.0,63.0,54.0,1430,manual,100.0,10.0
114,COMPUTE,289.0,881.0,48.0,63.0,54.0,1472,manual,100.0,11.0
115,COMPUTE,301.0,881.0,48.0,64.0,54.0,1472,manual,100.0,14.0
116,COMPUTE,337.0,906.0,48.0,63.0,54.0,1472,manual,100.0,13.0
117,COMPUTE,310.0,893.0,49.0,64.0,54.0,1430,manual,100.0,13.0
118,COMPUTE,307.0,662.0,48.0,64.0,54.0,1472,manual,100.0,14.0
119,COMPUTE,321.0,881.0,48.0,64.0,53.0,1430,manual,99.0,13.0
120,COMPUTE,309.0,881.0,48.0,64.0,53.0,1430,manual,100.0,13.0
121,COMPUTE,278.0,862.0,48.0,64.0,53.0,1430,manual,100.0,12.0
122,COMPUTE,279.0,893.0,48.0,63.0,53.0,1472,manual,99.0,10.0
123,COMPUTE,302.0,881.0,48.0,64.0,54.0,1472,manual,100.0,13.0
124,COMPUTE,275.0,881.0,48.0,61.0,54.0,1472,manual,100.0,12.0
125,COMPUTE,274.0,881.0,48.0,64.0,54.0,1472,manual,100.0,11.0
126,COMPUTE,279.0,912.0,49.0,64.0,54.0,1472,manual,99.0,11.0
127,COMPUTE,277.0,668.0,48.0,64.0,55.0,1472,manual,100.0,14.0
128,COMPUTE,326.0,881.0,49.0,64.0,54.0,1472,manual,100.0,12.0
129,COMPUTE,271.0,893.0,49.0,64.0,54.0,1472,manual,100.0,11.0
130,COMPUTE,268.0,881.0,48.0,64.0,55.0,1472,manual,99.0,13.0
131,COMPUTE,288.0,893.0,49.0,64.0,55.0,1472,manual,100.0,12.0
132,COMPUTE,288.0,881.0,48.0,63.0,54.0,1472,manual,100.0,12.0
133,COMPUTE,226.0,862.0,48.0,64.0,55.0,1472,manual,100.0,13.0
134,COMPUTE,286.0,893.0,48.0,61.0,54.0,1472,manual,100.0,13.0
135,COMPUTE,44.0,906.0,49.0,64.0,55.0,300,manual,0.0,0.0
136,COMPUTE,44.0,893.0,48.0,64.0,53.0,300,manual,0.0,0.0
137,COMPUTE,328.0,662.0,48.0,64.0,54.0,1430,manual,100.0,12.0
138,COMPUTE,299.0,893.0,48.0,64.0,53.0,1472,manual,99.0,12.0
139,COMPUTE,248.0,856.0,48.0,62.0,54.0,1502,manual,99.0,11.0
140,COMPUTE,267.0,875.0,48.0,64.0,54.0,1472,manual,99.0,10.0
141,COMPUTE,44.0,881.0,49.0,63.0,54.0,300,manual,0.0,0.0
142,COMPUTE,263.0,881.0,48.0,64.0,53.0,1430,manual,99.0,12.0
143,COMPUTE,284.0,881.0,49.0,64.0,55.0,1472,manual,99.0,11.0
144,COMPUTE,310.0,868.0,49.0,64.0,54.0,1430,manual,100.0,11.0
145,COMPUTE,44.0,906.0,47.0,56.0,53.0,300,manual,0.0,2.0
146,COMPUTE,285.0,893.0,49.0,64.0,55.0,1472,manual,100.0,11.0
147,COMPUTE,297.0,912.0,49.0,64.0,54.0,1472,manual,100.0,14.0
148,COMPUTE,263.0,881.0,48.0,62.0,54.0,1472,manual,99.0,10.0
149,COMPUTE,336.0,881.0,48.0,64.0,55.0,1430,manual,100.0,14.0
150,COMPUTE,234.0,862.0,48.0,58.0,54.0,1502,manual,99.0,8.0
151,COMPUTE,44.0,875.0,49.0,63.0,54.0,300,manual,0.0,0.0
152,COMPUTE,267.0,856.0,49.0,64.0,55.0,1472,manual,100.0,8.0
153,COMPUTE,307.0,862.0,48.0,57.0,53.0,1502,manual,95.0,13.0
154,COMPUTE,277.0,881.0,49.0,64.0,55.0,1472,manual,100.0,10.0
155,COMPUTE,288.0,862.0,49.0,64.0,55.0,1472,manual,99.0,11.0
156,COMPUTE,291.0,881.0,48.0,63.0,55.0,1472,manual,100.0,13.0
157,COMPUTE,289.0,875.0,49.0,64.0,55.0,1472,manual,100.0,10.0
158,COMPUTE,290.0,881.0,48.0,63.0,54.0,1472,manual,99.0,13.0
159,COMPUTE,281.0,881.0,49.0,64.0,55.0,1472,manual,100.0,10.0
160,COMPUTE,289.0,900.0,48.0,62.0,54.0,1472,manual,100.0,12.0
161,COMPUTE,267.0,881.0,49.0,64.0,54.0,1472,manual,100.0,10.0
162,COMPUTE,303.0,887.0,48.0,64.0,55.0,1472,manual,100.0,13.0
163,COMPUTE,269.0,881.0,49.0,64.0,55.0,1472,manual,100.0,11.0
164,COMPUTE,278.0,881.0,48.0,57.0,53.0,1502,manual,99.0,14.0
165,COMPUTE,328.0,668.0,49.0,64.0,55.0,1430,manual,100.0,12.0
166,COMPUTE,268.0,856.0,49.0,64.0,55.0,1430,manual,100.0,10.0
167,COMPUTE,288.0,856.0,49.0,64.0,55.0,1472,manual,100.0,13.0
168,COMPUTE,213.0,868.0,49.0,64.0,55.0,1472,manual,100.0,9.0
169,COMPUTE,269.0,893.0,49.0,64.0,55.0,1430,manual,99.0,13.0
170,COMPUTE,283.0,887.0,49.0,64.0,55.0,1430,manual,100.0,13.0
171,COMPUTE,44.0,887.0,49.0,64.0,55.0,300,manual,0.0,0.0
172,COMPUTE,291.0,881.0,49.0,64.0,55.0,1430,manual,100.0,12.0
173,COMPUTE,294.0,856.0,49.0,64.0,55.0,1472,manual,100.0,11.0
174,COMPUTE,319.0,881.0,48.0,63.0,55.0,1472,manual,99.0,11.0
175,COMPUTE,251.0,881.0,49.0,64.0,55.0,1472,manual,99.0,10.0
176,COMPUTE,268.0,881.0,48.0,61.0,54.0,1472,manual,99.0,11.0
177,COMPUTE,303.0,887.0,49.0,64.0,54.0,1472,manual,100.0,12.0
178,COMPUTE,297.0,887.0,49.0,64.0,55.0,1430,manual,100.0,12.0
179,COMPUTE,281.0,850.0,49.0,64.0,55.0,1472,manual,100.0,13.0
180,COMPUTE,308.0,881.0,49.0,64.0,55.0,1430,manual,100.0,14.0
181,COMPUTE,310.0,887.0,49.0,64.0,55.0,1430,manual,100.0,14.0
182,COMPUTE,44.0,900.0,49.0,64.0,55.0,300,manual,5.0,0.0
183,COMPUTE,336.0,887.0,49.0,64.0,55.0,1430,manual,100.0,14.0
184,COMPUTE,285.0,906.0,49.0,64.0,55.0,1472,manual,99.0,11.0
185,COMPUTE,304.0,893.0,48.0,57.0,54.0,1430,manual,99.0,12.0
186,COMPUTE,338.0,900.0,49.0,63.0,54.0,1430,manual,100.0,14.0
187,COMPUTE,308.0,881.0,49.0,65.0,55.0,1430,manual,100.0,14.0
188,COMPUTE,289.0,893.0,48.0,63.0,54.0,1472,manual,100.0,10.0
189,COMPUTE,324.0,881.0,49.0,64.0,55.0,1430,manual,100.0,14.0
190,COMPUTE,294.0,881.0,49.0,64.0,55.0,1472,manual,100.0,14.0
191,COMPUTE,321.0,856.0,48.0,64.0,55.0,1472,manual,100.0,11.0
192,COMPUTE,302.0,881.0,49.0,64.0,55.0,1472,manual,99.0,11.0
193,COMPUTE,270.0,875.0,49.0,65.0,55.0,1472,manual,100.0,12.0
194,COMPUTE,316.0,856.0,49.0,63.0,55.0,1472,manual,100.0,11.0
195,COMPUTE,305.0,881.0,49.0,65.0,55.0,1472,manual,99.0,14.0
196,COMPUTE,314.0,850.0,48.0,62.0,54.0,1430,manual,100.0,13.0
197,COMPUTE,263.0,662.0,49.0,64.0,55.0,1472,manual,100.0,11.0
198,COMPUTE,268.0,875.0,49.0,64.0,55.0,1472,manual,100.0,14.0
199,COMPUTE,292.0,856.0,49.0,64.0,54.0,1430,manual,100.0,13.0
200,COMPUTE,335.0,881.0,48.0,61.0,54.0,1472,manual,100.0,12.0
201,COMPUTE,308.0,856.0,49.0,64.0,55.0,1430,manual,100.0,14.0
202,COMPUTE,286.0,662.0,48.0,65.0,54.0,1472,manual,100.0,14.0
203,COMPUTE,265.0,881.0,49.0,64.0,55.0,1472,manual,100.0,12.0
204,COMPUTE,337.0,662.0,49.0,64.0,55.0,1472,manual,99.0,13.0
