index,power_profile,power_usage,voltage,edge_temperature,junction_temperature,memory_temperature,sclk,performance,gpu_usage,memory_usage
0,VIDEO,36.0,668.0,24.0,28.0,31.0,300,manual,0.0,0.0
1,VIDEO,35.0,662.0,24.0,27.0,31.0,300,manual,0.0,0.0
2,VIDEO,36.0,662.0,24.0,28.0,31.0,300,manual,0.0,0.0
3,VIDEO,35.0,662.0,24.0,28.0,31.0,300,manual,0.0,0.0
4,VIDEO,35.0,662.0,24.0,28.0,31.0,300,manual,0.0,0.0
5,VIDEO,36.0,662.0,23.0,27.0,31.0,300,manual,0.0,0.0
6,VIDEO,36.0,662.0,23.0,27.0,31.0,300,manual,0.0,0.0
7,VIDEO,35.0,662.0,23.0,27.0,31.0,300,manual,0.0,0.0
8,VIDEO,36.0,662.0,23.0,28.0,31.0,300,manual,0.0,0.0
9,VIDEO,36.0,662.0,23.0,27.0,31.0,300,manual,0.0,0.0
10,VIDEO,36.0,675.0,23.0,27.0,31.0,300,manual,0.0,0.0
11,VIDEO,36.0,662.0,23.0,27.0,31.0,300,manual,0.0,0.0
12,VIDEO,35.0,662.0,23.0,27.0,31.0,300,manual,0.0,0.0
13,VIDEO,34.0,662.0,23.0,27.0,31.0,300,manual,0.0,0.0
14,VIDEO,36.0,668.0,23.0,27.0,31.0,300,manual,0.0,0.0
15,VIDEO,36.0,662.0,23.0,27.0,31.0,300,manual,0.0,0.0
16,VIDEO,36.0,662.0,23.0,27.0,32.0,300,manual,0.0,0.0
17,VIDEO,95.0,912.0,23.0,32.0,31.0,1502,manual,83.0,0.0
18,VIDEO,97.0,912.0,24.0,33.0,31.0,1502,manual,91.0,1.0
19,VIDEO,95.0,906.0,24.0,34.0,32.0,1502,manual,92.0,1.0
20,VIDEO,94.0,918.0,24.0,34.0,32.0,1502,manual,97.0,0.0
21,VIDEO,93.0,918.0,24.0,34.0,32.0,1502,manual,98.0,0.0
22,VIDEO,94.0,912.0,24.0,34.0,32.0,1502,manual,98.0,0.0
23,VIDEO,97.0,918.0,24.0,34.0,32.0,1502,manual,92.0,1.0
24,VIDEO,98.0,912.0,25.0,34.0,32.0,1502,manual,92.0,1.0
25,VIDEO,96.0,912.0,25.0,35.0,32.0,1502,manual,90.0,1.0
26,VIDEO,95.0,918.0,25.0,35.0,32.0,1502,manual,99.0,0.0
27,VIDEO,93.0,912.0,25.0,34.0,33.0,1502,manual,94.0,0.0
28,VIDEO,93.0,918.0,25.0,34.0,33.0,1502,manual,85.0,0.0
29,VIDEO,93.0,912.0,25.0,34.0,32.0,1502,manual,99.0,0.0
30,VIDEO,93.0,912.0,25.0,34.0,32.0,1502,manual,99.0,0.0
31,VIDEO,93.0,918.0,25.0,34.0,32.0,1502,manual,99.0,0.0
32,VIDEO,93.0,918.0,25.0,34.0,32.0,1502,manual,99.0,0.0
33,VIDEO,93.0,912.0,25.0,34.0,32.0,1502,manual,90.0,0.0
34,VIDEO,93.0,912.0,25.0,35.0,32.0,1502,manual,78.0,0.0
35,VIDEO,93.0,925.0,25.0,35.0,32.0,1502,manual,98.0,0.0
36,VIDEO,93.0,918.0,25.0,34.0,33.0,1502,manual,97.0,0.0
37,VIDEO,85.0,912.0,25.0,35.0,33.0,1502,manual,71.0,0.0
38,VIDEO,93.0,912.0,25.0,35.0,33.0,1502,manual,90.0,0.0
39,VIDEO,93.0,912.0,25.0,34.0,33.0,1502,manual,99.0,0.0
40,VIDEO,93.0,912.0,25.0,34.0,33.0,1502,manual,99.0,0.0
41,VIDEO,93.0,912.0,25.0,35.0,33.0,1502,manual,99.0,0.0
42,VIDEO,93.0,918.0,26.0,35.0,33.0,1502,manual,99.0,0.0
43,VIDEO,93.0,918.0,25.0,35.0,33.0,1502,manual,99.0,0.0
44,VIDEO,93.0,912.0,26.0,35.0,33.0,1502,manual,99.0,0.0
45,VIDEO,93.0,918.0,25.0,35.0,33.0,1502,manual,99.0,0.0
46,VIDEO,93.0,918.0,25.0,35.0,33.0,1502,manual,97.0,0.0
47,VIDEO,93.0,912.0,25.0,35.0,33.0,1502,manual,98.0,0.0
48,VIDEO,93.0,912.0,26.0,35.0,33.0,1502,manual,98.0,0.0
49,VIDEO,93.0,918.0,26.0,35.0,33.0,1502,manual,99.0,0.0
50,VIDEO,93.0,918.0,26.0,35.0,34.0,1502,manual,99.0,0.0
51,VIDEO,93.0,918.0,26.0,35.0,33.0,1502,manual,99.0,0.0
52,VIDEO,93.0,912.0,25.0,35.0,33.0,1502,manual,99.0,0.0
53,VIDEO,93.0,912.0,25.0,35.0,33.0,1502,manual,99.0,0.0
54,VIDEO,91.0,912.0,26.0,35.0,33.0,1502,manual,86.0,0.0
55,VIDEO,93.0,918.0,25.0,35.0,33.0,1502,manual,99.0,0.0
56,VIDEO,92.0,918.0,26.0,35.0,34.0,1502,manual,86.0,0.0
57,VIDEO,92.0,912.0,26.0,35.0,33.0,1502,manual,98.0,0.0
58,VIDEO,93.0,918.0,26.0,35.0,34.0,1502,manual,86.0,0.0
59,VIDEO,93.0,918.0,25.0,35.0,33.0,1502,manual,99.0,0.0
60,VIDEO,93.0,918.0,26.0,35.0,34.0,1502,manual,87.0,0.0
61,VIDEO,93.0,912.0,26.0,36.0,33.0,1502,manual,93.0,0.0
62,VIDEO,93.0,918.0,26.0,35.0,33.0,1502,manual,98.0,0.0
63,VIDEO,93.0,925.0,25.0,35.0,33.0,1502,manual,99.0,0.0
64,VIDEO,93.0,918.0,26.0,35.0,33.0,1502,manual,99.0,0.0
65,VIDEO,89.0,912.0,26.0,35.0,33.0,1502,manual,50.0,0.0
66,VIDEO,93.0,912.0,26.0,35.0,33.0,1502,manual,99.0,0.0
67,VIDEO,93.0,912.0,26.0,35.0,33.0,1502,manual,73.0,0.0
68,VIDEO,93.0,912.0,26.0,35.0,33.0,1502,manual,96.0,0.0
69,VIDEO,93.0,918.0,26.0,36.0,33.0,1502,manual,99.0,0.0
70,VIDEO,93.0,912.0,26.0,35.0,33.0,1502,manual,86.0,0.0
71,VIDEO,93.0,912.0,26.0,35.0,33.0,1502,manual,85.0,0.0
72,VIDEO,93.0,918.0,26.0,36.0,33.0,1502,manual,98.0,0.0
73,VIDEO,93.0,912.0,26.0,35.0,33.0,1502,manual,99.0,0.0
74,VIDEO,92.0,918.0,26.0,35.0,33.0,1502,manual,93.0,0.0
75,VIDEO,93.0,918.0,26.0,35.0,33.0,1502,manual,87.0,0.0
76,VIDEO,93.0,912.0,26.0,35.0,33.0,1502,manual,99.0,0.0
77,VIDEO,93.0,912.0,26.0,35.0,33.0,1502,manual,99.0,0.0
78,VIDEO,93.0,912.0,26.0,36.0,33.0,1502,manual,83.0,0.0
79,VIDEO,93.0,912.0,26.0,35.0,33.0,1502,manual,99.0,0.0
80,VIDEO,93.0,912.0,26.0,35.0,33.0,1502,manual,98.0,0.0
81,VIDEO,93.0,912.0,26.0,36.0,33.0,1502,manual,93.0,0.0
82,VIDEO,93.0,912.0,26.0,35.0,33.0,1502,manual,99.0,0.0
83,VIDEO,93.0,912.0,26.0,36.0,34.0,1502,manual,88.0,0.0
84,VIDEO,93.0,918.0,26.0,35.0,34.0,1502,manual,99.0,0.0
85,VIDEO,88.0,912.0,26.0,36.0,33.0,1502,manual,83.0,0.0
86,VIDEO,93.0,918.0,26.0,36.0,34.0,1502,manual,99.0,0.0
87,VIDEO,70.0,912.0,26.0,36.0,33.0,1502,manual,50.0,0.0
88,VIDEO,93.0,912.0,27.0,36.0,33.0,1502,manual,99.0,0.0
89,VIDEO,70.0,912.0,26.0,36.0,33.0,1502,manual,60.0,0.0
90,VIDEO,38.0,662.0,26.0,30.0,34.0,300,manual,0.0,0.0
91,VIDEO,38.0,662.0,26.0,29.0,33.0,300,manual,0.0,0.0
92,VIDEO,36.0,662.0,25.0,29.0,33.0,300,manual,0.0,0.0
